[
  {
    "img": "/media/hdd/YCBvideo/YCB_Video_Dataset/YCB_Video_Dataset/data/0001/000005-label.png", 
    "mask": "/media/hdd/YCBvideo/YCB_Video_Dataset/Generated_YCB_Video_Dataset/mask/0001/000005-mask-00.png", 
    "depth_minmax": [
      0.9, 
      1.011
    ], 
    "model": "/media/hdd/YCBvideo/YCB_Video_Dataset/YCB_Video_Dataset/models/002_master_chef_can/textured.obj", 
    "rot_mat": [
      [
        0.9968221716029886, 
        -0.07169832866796441, 
        0.03472133807597479
      ], 
      [
        -0.010310863164690038, 
        -0.5483065571809896, 
        -0.8362145143538041
      ], 
      [
        0.07899310476525202, 
        0.8331989286815561, 
        -0.5473026199901933
      ]
    ], 
    "trans_mat": [
      -0.03214080346936869, 
      0.1280206075233929, 
      0.9768512624068632
    ]
  }, 
  {
    "img": "/media/hdd/YCBvideo/YCB_Video_Dataset/YCB_Video_Dataset/data/0001/000006-label.png", 
    "mask": "/media/hdd/YCBvideo/YCB_Video_Dataset/Generated_YCB_Video_Dataset/mask/0001/000006-mask-00.png", 
    "depth_minmax": [
      0.9, 
      1.011
    ], 
    "model": "/media/hdd/YCBvideo/YCB_Video_Dataset/YCB_Video_Dataset/models/002_master_chef_can/textured.obj", 
    "rot_mat": [
      [
        0.9967394604016635, 
        -0.07328586928051703, 
        0.03376755889555042
      ], 
      [
        -0.01211492091203889, 
        -0.5496518913404952, 
        -0.8353064074018777
      ], 
      [
        0.07977659838904491, 
        0.8321734751777605, 
        -0.5487469835405341
      ]
    ], 
    "trans_mat": [
      -0.033174154315221076, 
      0.1255762457783824, 
      0.9769546964000739
    ]
  }, 
  {
    "img": "/media/hdd/YCBvideo/YCB_Video_Dataset/YCB_Video_Dataset/data/0001/000007-label.png", 
    "mask": "/media/hdd/YCBvideo/YCB_Video_Dataset/Generated_YCB_Video_Dataset/mask/0001/000007-mask-00.png", 
    "depth_minmax": [
      0.9, 
      1.013
    ], 
    "model": "/media/hdd/YCBvideo/YCB_Video_Dataset/YCB_Video_Dataset/models/002_master_chef_can/textured.obj", 
    "rot_mat": [
      [
        0.9966749914436062, 
        -0.07353005739369059, 
        0.035101853595774564
      ], 
      [
        -0.01133599920655194, 
        -0.5517589578768356, 
        -0.8339263956164382
      ], 
      [
        0.08068616612394802, 
        0.8307566522032029, 
        -0.5507577369232733
      ]
    ], 
    "trans_mat": [
      -0.033406550576725313, 
      0.12099776135560586, 
      0.9773497343629839
    ]
  }, 
  {
    "img": "/media/hdd/YCBvideo/YCB_Video_Dataset/YCB_Video_Dataset/data/0001/000008-label.png", 
    "mask": "/media/hdd/YCBvideo/YCB_Video_Dataset/Generated_YCB_Video_Dataset/mask/0001/000008-mask-00.png", 
    "depth_minmax": [
      0.9, 
      1.012
    ], 
    "model": "/media/hdd/YCBvideo/YCB_Video_Dataset/YCB_Video_Dataset/models/002_master_chef_can/textured.obj", 
    "rot_mat": [
      [
        0.9965500510554417, 
        -0.07526393892820409, 
        0.03498970104440307
      ], 
      [
        -0.012702336425668126, 
        -0.554899462231329, 
        -0.8318206221466049
      ], 
      [
        0.08202123432524662, 
        0.8285063946820632, 
        -0.5539412889060485
      ]
    ], 
    "trans_mat": [
      -0.037022070657359116, 
      0.11745600364922275, 
      0.9774650871071631
    ]
  }, 
  {
    "img": "/media/hdd/YCBvideo/YCB_Video_Dataset/YCB_Video_Dataset/data/0001/000009-label.png", 
    "mask": "/media/hdd/YCBvideo/YCB_Video_Dataset/Generated_YCB_Video_Dataset/mask/0001/000009-mask-00.png", 
    "depth_minmax": [
      0.902, 
      1.013
    ], 
    "model": "/media/hdd/YCBvideo/YCB_Video_Dataset/YCB_Video_Dataset/models/002_master_chef_can/textured.obj", 
    "rot_mat": [
      [
        0.996506026426802, 
        -0.07694486919584737, 
        0.0324823804777473
      ], 
      [
        -0.015847935871987608, 
        -0.5560521782758698, 
        -0.8309969183080543
      ], 
      [
        0.08200247931447933, 
        0.8275790628557402, 
        -0.5553278953476934
      ]
    ], 
    "trans_mat": [
      -0.03870444330244727, 
      0.1142928445991859, 
      0.9774096209281703
    ]
  }, 
  {
    "img": "/media/hdd/YCBvideo/YCB_Video_Dataset/YCB_Video_Dataset/data/0001/000009-label.png", 
    "mask": "/media/hdd/YCBvideo/YCB_Video_Dataset/Generated_YCB_Video_Dataset/mask/0001/000009-mask-01.png", 
    "depth_minmax": [
      0.878, 
      1.006
    ], 
    "model": "/media/hdd/YCBvideo/YCB_Video_Dataset/YCB_Video_Dataset/models/004_sugar_box/textured.obj", 
    "rot_mat": [
      [
        -0.9850246986330196, 
        0.1723339458026688, 
        -0.005185899201398176
      ], 
      [
        0.09746115515539176, 
        0.5317522317482868, 
        -0.8412736669628512
      ], 
      [
        -0.1422222429670664, 
        -0.8291816373889626, 
        -0.5405837548398552
      ]
    ], 
    "trans_mat": [
      0.1256817776053759, 
      0.11450147252690725, 
      0.9571811015249017
    ]
  }, 
  {
    "img": "/media/hdd/YCBvideo/YCB_Video_Dataset/YCB_Video_Dataset/data/0001/000010-label.png", 
    "mask": "/media/hdd/YCBvideo/YCB_Video_Dataset/Generated_YCB_Video_Dataset/mask/0001/000010-mask-00.png", 
    "depth_minmax": [
      0.9, 
      1.013
    ], 
    "model": "/media/hdd/YCBvideo/YCB_Video_Dataset/YCB_Video_Dataset/models/002_master_chef_can/textured.obj", 
    "rot_mat": [
      [
        0.9964821807563937, 
        -0.0773559743826212, 
        0.03224968951228211
      ], 
      [
        -0.016480190313711212, 
        -0.5581471302521263, 
        -0.8295785632043554
      ], 
      [
        0.08217279475887429, 
        0.8261290390327071, 
        -0.5574584834263936
      ]
    ], 
    "trans_mat": [
      -0.03961012537251203, 
      0.11140229355756665, 
      0.9771579031476009
    ]
  }, 
  {
    "img": "/media/hdd/YCBvideo/YCB_Video_Dataset/YCB_Video_Dataset/data/0001/000010-label.png", 
    "mask": "/media/hdd/YCBvideo/YCB_Video_Dataset/Generated_YCB_Video_Dataset/mask/0001/000010-mask-01.png", 
    "depth_minmax": [
      0.876, 
      1.011
    ], 
    "model": "/media/hdd/YCBvideo/YCB_Video_Dataset/YCB_Video_Dataset/models/004_sugar_box/textured.obj", 
    "rot_mat": [
      [
        -0.9849535567376736, 
        0.17273515918806234, 
        -0.005426082043730022
      ], 
      [
        0.09824321087306999, 
        0.5338110696315781, 
        -0.8398772883313251
      ], 
      [
        -0.14217987030509163, 
        -0.8277739287948798, 
        -0.5427488274388707
      ]
    ], 
    "trans_mat": [
      0.12478054268205319, 
      0.1115934744109588, 
      0.9569648426912046
    ]
  }, 
  {
    "img": "/media/hdd/YCBvideo/YCB_Video_Dataset/YCB_Video_Dataset/data/0001/000011-label.png", 
    "mask": "/media/hdd/YCBvideo/YCB_Video_Dataset/Generated_YCB_Video_Dataset/mask/0001/000011-mask-00.png", 
    "depth_minmax": [
      0.902, 
      1.013
    ], 
    "model": "/media/hdd/YCBvideo/YCB_Video_Dataset/YCB_Video_Dataset/models/002_master_chef_can/textured.obj", 
    "rot_mat": [
      [
        0.9964131119418006, 
        -0.07785203868002442, 
        0.03316853005586837
      ], 
      [
        -0.015999316537330305, 
        -0.5581992100133811, 
        -0.8295528160917722
      ], 
      [
        0.08309693066505425, 
        0.8260471929645021, 
        -0.5574424147874637
      ]
    ], 
    "trans_mat": [
      -0.04125278810362351, 
      0.11016160742704476, 
      0.9766053074931189
    ]
  }, 
  {
    "img": "/media/hdd/YCBvideo/YCB_Video_Dataset/YCB_Video_Dataset/data/0001/000011-label.png", 
    "mask": "/media/hdd/YCBvideo/YCB_Video_Dataset/Generated_YCB_Video_Dataset/mask/0001/000011-mask-01.png", 
    "depth_minmax": [
      0.878, 
      1.007
    ], 
    "model": "/media/hdd/YCBvideo/YCB_Video_Dataset/YCB_Video_Dataset/models/004_sugar_box/textured.obj", 
    "rot_mat": [
      [
        -0.9848684211797707, 
        0.17324445561650806, 
        -0.004515869787739566
      ], 
      [
        0.09776897164511016, 
        0.5339093514509003, 
        -0.839870038359036
      ], 
      [
        -0.14309187273493748, 
        -0.8276040118711433, 
        -0.5427678975457073
      ]
    ], 
    "trans_mat": [
      0.12315638572444737, 
      0.11043272073434043, 
      0.9565647738887767
    ]
  }, 
  {
    "img": "/media/hdd/YCBvideo/YCB_Video_Dataset/YCB_Video_Dataset/data/0001/000012-label.png", 
    "mask": "/media/hdd/YCBvideo/YCB_Video_Dataset/Generated_YCB_Video_Dataset/mask/0001/000012-mask-00.png", 
    "depth_minmax": [
      0.9, 
      1.013
    ], 
    "model": "/media/hdd/YCBvideo/YCB_Video_Dataset/YCB_Video_Dataset/models/002_master_chef_can/textured.obj", 
    "rot_mat": [
      [
        0.9965249729187227, 
        -0.07678748591958148, 
        0.03228004529442888
      ], 
      [
        -0.01622062798790668, 
        -0.5590063941394312, 
        -0.829005009118812
      ], 
      [
        0.08170172830605076, 
        0.8256007517498941, 
        -0.5583084699312337
      ]
    ], 
    "trans_mat": [
      -0.04134600220390536, 
      0.11030133443235497, 
      0.9762269139184221
    ]
  }, 
  {
    "img": "/media/hdd/YCBvideo/YCB_Video_Dataset/YCB_Video_Dataset/data/0001/000012-label.png", 
    "mask": "/media/hdd/YCBvideo/YCB_Video_Dataset/Generated_YCB_Video_Dataset/mask/0001/000012-mask-01.png", 
    "depth_minmax": [
      0.876, 
      1.007
    ], 
    "model": "/media/hdd/YCBvideo/YCB_Video_Dataset/YCB_Video_Dataset/models/004_sugar_box/textured.obj", 
    "rot_mat": [
      [
        -0.9850517905886318, 
        0.1721742382153553, 
        -0.0053854673716686955
      ], 
      [
        0.09804807288957719, 
        0.53470477765204, 
        -0.8393315063843655
      ], 
      [
        -0.14163158463616335, 
        -0.8273136527510921, 
        -0.5435920333632748
      ]
    ], 
    "trans_mat": [
      0.12303532898895392, 
      0.11056936223950294, 
      0.955959117870056
    ]
  }, 
  {
    "img": "/media/hdd/YCBvideo/YCB_Video_Dataset/YCB_Video_Dataset/data/0001/000013-label.png", 
    "mask": "/media/hdd/YCBvideo/YCB_Video_Dataset/Generated_YCB_Video_Dataset/mask/0001/000013-mask-00.png", 
    "depth_minmax": [
      0.9, 
      1.006
    ], 
    "model": "/media/hdd/YCBvideo/YCB_Video_Dataset/YCB_Video_Dataset/models/002_master_chef_can/textured.obj", 
    "rot_mat": [
      [
        0.9966306183321628, 
        -0.07504287751582808, 
        0.03310597300926521
      ], 
      [
        -0.014537808932804904, 
        -0.5588562492636762, 
        -0.8291379629122451
      ], 
      [
        0.08072253237646845, 
        0.8258627204009291, 
        -0.5580639413740023
      ]
    ], 
    "trans_mat": [
      -0.0416292933398978, 
      0.10997148964856869, 
      0.9757861665614825
    ]
  }, 
  {
    "img": "/media/hdd/YCBvideo/YCB_Video_Dataset/YCB_Video_Dataset/data/0001/000013-label.png", 
    "mask": "/media/hdd/YCBvideo/YCB_Video_Dataset/Generated_YCB_Video_Dataset/mask/0001/000013-mask-01.png", 
    "depth_minmax": [
      0.876, 
      1.01
    ], 
    "model": "/media/hdd/YCBvideo/YCB_Video_Dataset/YCB_Video_Dataset/models/004_sugar_box/textured.obj", 
    "rot_mat": [
      [
        -0.9853526305597207, 
        0.1704681255670679, 
        -0.0045277665644924085
      ], 
      [
        0.09636411279023321, 
        0.5347125339862603, 
        -0.8395220778240857
      ], 
      [
        -0.14069098076942252, 
        -0.8276617654613359, 
        -0.5433068527289054
      ]
    ], 
    "trans_mat": [
      0.12273123801347188, 
      0.1105057757239425, 
      0.9553558748410451
    ]
  }, 
  {
    "img": "/media/hdd/YCBvideo/YCB_Video_Dataset/YCB_Video_Dataset/data/0001/000014-label.png", 
    "mask": "/media/hdd/YCBvideo/YCB_Video_Dataset/Generated_YCB_Video_Dataset/mask/0001/000014-mask-00.png", 
    "depth_minmax": [
      0.9, 
      1.013
    ], 
    "model": "/media/hdd/YCBvideo/YCB_Video_Dataset/YCB_Video_Dataset/models/002_master_chef_can/textured.obj", 
    "rot_mat": [
      [
        0.996487829389241, 
        -0.07622675694576925, 
        0.03468411663807725
      ], 
      [
        -0.013933238142651858, 
        -0.559286869941276, 
        -0.8288568720786996
      ], 
      [
        0.08257918542454243, 
        0.8254628506943188, 
        -0.558384591858999
      ]
    ], 
    "trans_mat": [
      -0.045031839813770555, 
      0.11091813622921963, 
      0.975321894340666
    ]
  }, 
  {
    "img": "/media/hdd/YCBvideo/YCB_Video_Dataset/YCB_Video_Dataset/data/0001/000014-label.png", 
    "mask": "/media/hdd/YCBvideo/YCB_Video_Dataset/Generated_YCB_Video_Dataset/mask/0001/000014-mask-01.png", 
    "depth_minmax": [
      0.876, 
      1.009
    ], 
    "model": "/media/hdd/YCBvideo/YCB_Video_Dataset/YCB_Video_Dataset/models/004_sugar_box/textured.obj", 
    "rot_mat": [
      [
        -0.9851504791670838, 
        0.17167082068029413, 
        -0.002970476358744799
      ], 
      [
        0.09579451603056156, 
        0.535205486395306, 
        -0.8392720593320905
      ], 
      [
        -0.14248862951516364, 
        -0.827094630731571, 
        -0.5437026923383453
      ]
    ], 
    "trans_mat": [
      0.11936635020083564, 
      0.11156776873736005, 
      0.9551991982084684
    ]
  }, 
  {
    "img": "/media/hdd/YCBvideo/YCB_Video_Dataset/YCB_Video_Dataset/data/0001/000015-label.png", 
    "mask": "/media/hdd/YCBvideo/YCB_Video_Dataset/Generated_YCB_Video_Dataset/mask/0001/000015-mask-00.png", 
    "depth_minmax": [
      0.9, 
      1.013
    ], 
    "model": "/media/hdd/YCBvideo/YCB_Video_Dataset/YCB_Video_Dataset/models/002_master_chef_can/textured.obj", 
    "rot_mat": [
      [
        0.9964104639021093, 
        -0.0790735449124901, 
        0.030220722711242307
      ], 
      [
        -0.019284952370903025, 
        -0.5596532454039769, 
        -0.828503005060926
      ], 
      [
        0.08242592840423028, 
        0.8249467575425382, 
        -0.5591685264048314
      ]
    ], 
    "trans_mat": [
      -0.04540051681892645, 
      0.11064445453154903, 
      0.9752243154703586
    ]
  }, 
  {
    "img": "/media/hdd/YCBvideo/YCB_Video_Dataset/YCB_Video_Dataset/data/0001/000015-label.png", 
    "mask": "/media/hdd/YCBvideo/YCB_Video_Dataset/Generated_YCB_Video_Dataset/mask/0001/000015-mask-01.png", 
    "depth_minmax": [
      0.876, 
      1.008
    ], 
    "model": "/media/hdd/YCBvideo/YCB_Video_Dataset/YCB_Video_Dataset/models/004_sugar_box/textured.obj", 
    "rot_mat": [
      [
        -0.9846481568442658, 
        0.17438850732359498, 
        -0.00748643778710192
      ], 
      [
        0.10114152542001066, 
        0.5350685742745346, 
        -0.8387325832845761
      ], 
      [
        -0.14225991561669202, 
        -0.8266146022293184, 
        -0.5444911435454416
      ]
    ], 
    "trans_mat": [
      0.11899592530755856, 
      0.11044292108085609, 
      0.9550791399195044
    ]
  }, 
  {
    "img": "/media/hdd/YCBvideo/YCB_Video_Dataset/YCB_Video_Dataset/data/0001/000016-label.png", 
    "mask": "/media/hdd/YCBvideo/YCB_Video_Dataset/Generated_YCB_Video_Dataset/mask/0001/000016-mask-00.png", 
    "depth_minmax": [
      0.9, 
      1.011
    ], 
    "model": "/media/hdd/YCBvideo/YCB_Video_Dataset/YCB_Video_Dataset/models/002_master_chef_can/textured.obj", 
    "rot_mat": [
      [
        0.9964434665680604, 
        -0.07938329143855279, 
        0.028257434681282893
      ], 
      [
        -0.021193495250729694, 
        -0.5606803453438395, 
        -0.8277615927766186
      ], 
      [
        0.08155352863145783, 
        0.824218430004419, 
        -0.5603692507472253
      ]
    ], 
    "trans_mat": [
      -0.04435838401819911, 
      0.1094251731705153, 
      0.9751615504172165
    ]
  }, 
  {
    "img": "/media/hdd/YCBvideo/YCB_Video_Dataset/YCB_Video_Dataset/data/0001/000016-label.png", 
    "mask": "/media/hdd/YCBvideo/YCB_Video_Dataset/Generated_YCB_Video_Dataset/mask/0001/000016-mask-01.png", 
    "depth_minmax": [
      0.876, 
      1.006
    ], 
    "model": "/media/hdd/YCBvideo/YCB_Video_Dataset/YCB_Video_Dataset/models/004_sugar_box/textured.obj", 
    "rot_mat": [
      [
        -0.9845844577694638, 
        0.17465242286318997, 
        -0.009455655729797955
      ], 
      [
        0.10311361872058748, 
        0.535926723072089, 
        -0.8379441738947984
      ], 
      [
        -0.14128123628281247, 
        -0.8260019876092753, 
        -0.5456744313159886
      ]
    ], 
    "trans_mat": [
      0.12002035125854713, 
      0.10895663376754255, 
      0.9548767134075683
    ]
  }, 
  {
    "img": "/media/hdd/YCBvideo/YCB_Video_Dataset/YCB_Video_Dataset/data/0001/000017-label.png", 
    "mask": "/media/hdd/YCBvideo/YCB_Video_Dataset/Generated_YCB_Video_Dataset/mask/0001/000017-mask-00.png", 
    "depth_minmax": [
      0.898, 
      1.011
    ], 
    "model": "/media/hdd/YCBvideo/YCB_Video_Dataset/YCB_Video_Dataset/models/002_master_chef_can/textured.obj", 
    "rot_mat": [
      [
        0.9965558370895166, 
        -0.07700901193434434, 
        0.030757971024791858
      ], 
      [
        -0.01762148126354409, 
        -0.5591065455049046, 
        -0.8289086124960754
      ], 
      [
        0.08103082542959066, 
        0.8255116588666711, 
        -0.5585381275698693
      ]
    ], 
    "trans_mat": [
      -0.04576322131344484, 
      0.10910827980933263, 
      0.9746252524974849
    ]
  }, 
  {
    "img": "/media/hdd/YCBvideo/YCB_Video_Dataset/YCB_Video_Dataset/data/0001/000017-label.png", 
    "mask": "/media/hdd/YCBvideo/YCB_Video_Dataset/Generated_YCB_Video_Dataset/mask/0001/000017-mask-01.png", 
    "depth_minmax": [
      0.876, 
      1.008
    ], 
    "model": "/media/hdd/YCBvideo/YCB_Video_Dataset/YCB_Video_Dataset/models/004_sugar_box/textured.obj", 
    "rot_mat": [
      [
        -0.9850094459947506, 
        0.1723608261921846, 
        -0.006911942427003519
      ], 
      [
        0.09944797486588382, 
        0.5346732600851081, 
        -0.8391866168797467
      ], 
      [
        -0.14094780534159318, 
        -0.8272944885144481, 
        -0.5437990822750121
      ]
    ], 
    "trans_mat": [
      0.11860468908583524, 
      0.10915369543665164, 
      0.9542475320829611
    ]
  }, 
  {
    "img": "/media/hdd/YCBvideo/YCB_Video_Dataset/YCB_Video_Dataset/data/0001/000018-label.png", 
    "mask": "/media/hdd/YCBvideo/YCB_Video_Dataset/Generated_YCB_Video_Dataset/mask/0001/000018-mask-00.png", 
    "depth_minmax": [
      0.9, 
      1.008
    ], 
    "model": "/media/hdd/YCBvideo/YCB_Video_Dataset/YCB_Video_Dataset/models/002_master_chef_can/textured.obj", 
    "rot_mat": [
      [
        0.9966289079315477, 
        -0.0770316115721469, 
        0.02823300637820461
      ], 
      [
        -0.019908313500023374, 
        -0.5609124505278983, 
        -0.827636157885961
      ], 
      [
        0.07959010519445786, 
        0.8242835737359523, 
        -0.5605553731139582
      ]
    ], 
    "trans_mat": [
      -0.04547957513415114, 
      0.10730105593944304, 
      0.974565499018802
    ]
  }, 
  {
    "img": "/media/hdd/YCBvideo/YCB_Video_Dataset/YCB_Video_Dataset/data/0001/000018-label.png", 
    "mask": "/media/hdd/YCBvideo/YCB_Video_Dataset/Generated_YCB_Video_Dataset/mask/0001/000018-mask-01.png", 
    "depth_minmax": [
      0.874, 
      1.002
    ], 
    "model": "/media/hdd/YCBvideo/YCB_Video_Dataset/YCB_Video_Dataset/models/004_sugar_box/textured.obj", 
    "rot_mat": [
      [
        -0.9849941013165022, 
        0.17232922303233178, 
        -0.009437819697889394
      ], 
      [
        0.10185317235609322, 
        0.5362832266880396, 
        -0.8378701577855617
      ], 
      [
        -0.13932797272899133, 
        -0.8262584492701013, 
        -0.545788028826585
      ]
    ], 
    "trans_mat": [
      0.11885944175917668, 
      0.10704981391272153, 
      0.9539573188814846
    ]
  }, 
  {
    "img": "/media/hdd/YCBvideo/YCB_Video_Dataset/YCB_Video_Dataset/data/0001/000019-label.png", 
    "mask": "/media/hdd/YCBvideo/YCB_Video_Dataset/Generated_YCB_Video_Dataset/mask/0001/000019-mask-00.png", 
    "depth_minmax": [
      0.898, 
      1.009
    ], 
    "model": "/media/hdd/YCBvideo/YCB_Video_Dataset/YCB_Video_Dataset/models/002_master_chef_can/textured.obj", 
    "rot_mat": [
      [
        0.9968065054144971, 
        -0.07449661858074239, 
        0.028770167324450723
      ], 
      [
        -0.018193042475504753, 
        -0.562627991935723, 
        -0.8265100234689966
      ], 
      [
        0.07775899250866773, 
        0.823347513301036, 
        -0.5621862233880395
      ]
    ], 
    "trans_mat": [
      -0.04470291534291504, 
      0.10444319299296385, 
      0.9743909230685648
    ]
  }, 
  {
    "img": "/media/hdd/YCBvideo/YCB_Video_Dataset/YCB_Video_Dataset/data/0001/000019-label.png", 
    "mask": "/media/hdd/YCBvideo/YCB_Video_Dataset/Generated_YCB_Video_Dataset/mask/0001/000019-mask-01.png", 
    "depth_minmax": [
      0.874, 
      0.993
    ], 
    "model": "/media/hdd/YCBvideo/YCB_Video_Dataset/YCB_Video_Dataset/models/004_sugar_box/textured.obj", 
    "rot_mat": [
      [
        -0.9854326556280906, 
        0.16983643094298267, 
        -0.008854784533185115
      ], 
      [
        0.10027340772763449, 
        0.5381811677582571, 
        -0.8368427455402982
      ], 
      [
        -0.13736098496520166, 
        -0.8255408840061208, 
        -0.5473707199823683
      ]
    ], 
    "trans_mat": [
      0.11959891248455437, 
      0.104539167671621, 
      0.9534867016557941
    ]
  }, 
  {
    "img": "/media/hdd/YCBvideo/YCB_Video_Dataset/YCB_Video_Dataset/data/0001/000020-label.png", 
    "mask": "/media/hdd/YCBvideo/YCB_Video_Dataset/Generated_YCB_Video_Dataset/mask/0001/000020-mask-00.png", 
    "depth_minmax": [
      0.898, 
      1.009
    ], 
    "model": "/media/hdd/YCBvideo/YCB_Video_Dataset/YCB_Video_Dataset/models/002_master_chef_can/textured.obj", 
    "rot_mat": [
      [
        0.9968082444290198, 
        -0.07421082263184697, 
        0.029440572602158824
      ], 
      [
        -0.017608541888427087, 
        -0.5640327491414985, 
        -0.8255648612531493
      ], 
      [
        0.07787137888541883, 
        0.8224115789534843, 
        -0.563538812729392
      ]
    ], 
    "trans_mat": [
      -0.04584744643792303, 
      0.10287855519174084, 
      0.973832797461934
    ]
  }, 
  {
    "img": "/media/hdd/YCBvideo/YCB_Video_Dataset/YCB_Video_Dataset/data/0001/000020-label.png", 
    "mask": "/media/hdd/YCBvideo/YCB_Video_Dataset/Generated_YCB_Video_Dataset/mask/0001/000020-mask-01.png", 
    "depth_minmax": [
      0.873, 
      1.005
    ], 
    "model": "/media/hdd/YCBvideo/YCB_Video_Dataset/YCB_Video_Dataset/models/004_sugar_box/textured.obj", 
    "rot_mat": [
      [
        -0.9854846484309148, 
        0.16956839718438144, 
        -0.008179077614012516
      ], 
      [
        0.09979481001874134, 
        0.5396576813633983, 
        -0.8359487848838885
      ], 
      [
        -0.13733684590860248, 
        -0.8246314815237793, 
        -0.5487456762242594
      ]
    ], 
    "trans_mat": [
      0.1184572253374063, 
      0.10312625471489859, 
      0.9529522324096842
    ]
  }, 
  {
    "img": "/media/hdd/YCBvideo/YCB_Video_Dataset/YCB_Video_Dataset/data/0001/000021-label.png", 
    "mask": "/media/hdd/YCBvideo/YCB_Video_Dataset/Generated_YCB_Video_Dataset/mask/0001/000021-mask-00.png", 
    "depth_minmax": [
      0.898, 
      1.009
    ], 
    "model": "/media/hdd/YCBvideo/YCB_Video_Dataset/YCB_Video_Dataset/models/002_master_chef_can/textured.obj", 
    "rot_mat": [
      [
        0.9968409185126632, 
        -0.07379433766971369, 
        0.02939564586380201
      ], 
      [
        -0.017511488139407158, 
        -0.5651190984369433, 
        -0.8248236997099744
      ], 
      [
        0.07747927060135758, 
        0.8217027630873588, 
        -0.5646258682231337
      ]
    ], 
    "trans_mat": [
      -0.04730612044756505, 
      0.10066466378515343, 
      0.9733273180305275
    ]
  }, 
  {
    "img": "/media/hdd/YCBvideo/YCB_Video_Dataset/YCB_Video_Dataset/data/0001/000021-label.png", 
    "mask": "/media/hdd/YCBvideo/YCB_Video_Dataset/Generated_YCB_Video_Dataset/mask/0001/000021-mask-01.png", 
    "depth_minmax": [
      0.872, 
      1.004
    ], 
    "model": "/media/hdd/YCBvideo/YCB_Video_Dataset/YCB_Video_Dataset/models/004_sugar_box/textured.obj", 
    "rot_mat": [
      [
        -0.985555649185637, 
        0.16915595829260777, 
        -0.0082164778458248
      ], 
      [
        0.09977745755832934, 
        0.5407659387205593, 
        -0.8352343911706511
      ], 
      [
        -0.13684169639574714, 
        -0.8239897589913195, 
        -0.5498323576936656
      ]
    ], 
    "trans_mat": [
      0.116990824119211, 
      0.10097230847373881, 
      0.9523862591208204
    ]
  }, 
  {
    "img": "/media/hdd/YCBvideo/YCB_Video_Dataset/YCB_Video_Dataset/data/0001/000022-label.png", 
    "mask": "/media/hdd/YCBvideo/YCB_Video_Dataset/Generated_YCB_Video_Dataset/mask/0001/000022-mask-00.png", 
    "depth_minmax": [
      0.898, 
      1.009
    ], 
    "model": "/media/hdd/YCBvideo/YCB_Video_Dataset/YCB_Video_Dataset/models/002_master_chef_can/textured.obj", 
    "rot_mat": [
      [
        0.9968352025720513, 
        -0.07320528641954815, 
        0.031011577967650195
      ], 
      [
        -0.016017834914166043, 
        -0.5669987978241133, 
        -0.8235636622546961
      ], 
      [
        0.0778726345307354, 
        0.8204599365259685, 
        -0.5663764388717054
      ]
    ], 
    "trans_mat": [
      -0.04863366403401462, 
      0.0986585004358338, 
      0.9728077866322598
    ]
  }, 
  {
    "img": "/media/hdd/YCBvideo/YCB_Video_Dataset/YCB_Video_Dataset/data/0001/000022-label.png", 
    "mask": "/media/hdd/YCBvideo/YCB_Video_Dataset/Generated_YCB_Video_Dataset/mask/0001/000022-mask-01.png", 
    "depth_minmax": [
      0.874, 
      1.007
    ], 
    "model": "/media/hdd/YCBvideo/YCB_Video_Dataset/YCB_Video_Dataset/models/004_sugar_box/textured.obj", 
    "rot_mat": [
      [
        -0.9856615222613127, 
        0.16860829263232133, 
        -0.006589486303844177
      ], 
      [
        0.09842937848456358, 
        0.5428093579541436, 
        -0.8340685947218041
      ], 
      [
        -0.13705404482843928, 
        -0.8227577955066586, 
        -0.5516214977725077
      ]
    ], 
    "trans_mat": [
      0.11567147440358791, 
      0.0992844660572118, 
      0.9519384726965548
    ]
  }, 
  {
    "img": "/media/hdd/YCBvideo/YCB_Video_Dataset/YCB_Video_Dataset/data/0001/000023-label.png", 
    "mask": "/media/hdd/YCBvideo/YCB_Video_Dataset/Generated_YCB_Video_Dataset/mask/0001/000023-mask-00.png", 
    "depth_minmax": [
      0.898, 
      1.008
    ], 
    "model": "/media/hdd/YCBvideo/YCB_Video_Dataset/YCB_Video_Dataset/models/002_master_chef_can/textured.obj", 
    "rot_mat": [
      [
        0.9967766275645836, 
        -0.07321205771217504, 
        0.032809489214930314
      ], 
      [
        -0.014544368970770754, 
        -0.5670833571148001, 
        -0.8235319927652909
      ], 
      [
        0.07889791650841528, 
        0.8204005375073835, 
        -0.566320624467519
      ]
    ], 
    "trans_mat": [
      -0.04961949908886864, 
      0.09663172261462846, 
      0.9719996338450376
    ]
  }, 
  {
    "img": "/media/hdd/YCBvideo/YCB_Video_Dataset/YCB_Video_Dataset/data/0001/000023-label.png", 
    "mask": "/media/hdd/YCBvideo/YCB_Video_Dataset/Generated_YCB_Video_Dataset/mask/0001/000023-mask-01.png", 
    "depth_minmax": [
      0.874, 
      1.009
    ], 
    "model": "/media/hdd/YCBvideo/YCB_Video_Dataset/YCB_Video_Dataset/models/004_sugar_box/textured.obj", 
    "rot_mat": [
      [
        -0.985663740773561, 
        0.16865292468280899, 
        -0.004791164429962301
      ], 
      [
        0.09697063805016401, 
        0.5430347085714127, 
        -0.8340920004307796
      ], 
      [
        -0.13807017516143397, 
        -0.8225996155565096, 
        -0.5516040474441738
      ]
    ], 
    "trans_mat": [
      0.11470582647064781, 
      0.09749962473887208, 
      0.9512992370876214
    ]
  }, 
  {
    "img": "/media/hdd/YCBvideo/YCB_Video_Dataset/YCB_Video_Dataset/data/0001/000024-label.png", 
    "mask": "/media/hdd/YCBvideo/YCB_Video_Dataset/Generated_YCB_Video_Dataset/mask/0001/000024-mask-00.png", 
    "depth_minmax": [
      0.898, 
      1.007
    ], 
    "model": "/media/hdd/YCBvideo/YCB_Video_Dataset/YCB_Video_Dataset/models/002_master_chef_can/textured.obj", 
    "rot_mat": [
      [
        0.9967802350329774, 
        -0.07262005053809817, 
        0.033999970377522254
      ], 
      [
        -0.01337368628854352, 
        -0.5686416348896792, 
        -0.8224763845559455
      ], 
      [
        0.07906218055591227, 
        0.8193742570286097, 
        -0.5677824377625694
      ]
    ], 
    "trans_mat": [
      -0.050926805265437136, 
      0.0943945862206272, 
      0.9715573214414353
    ]
  }, 
  {
    "img": "/media/hdd/YCBvideo/YCB_Video_Dataset/YCB_Video_Dataset/data/0001/000024-label.png", 
    "mask": "/media/hdd/YCBvideo/YCB_Video_Dataset/Generated_YCB_Video_Dataset/mask/0001/000024-mask-01.png", 
    "depth_minmax": [
      0.871, 
      1.008
    ], 
    "model": "/media/hdd/YCBvideo/YCB_Video_Dataset/YCB_Video_Dataset/models/004_sugar_box/textured.obj", 
    "rot_mat": [
      [
        -0.9857647050293972, 
        0.16809291795864179, 
        -0.0035895287240833317
      ], 
      [
        0.09591990974422288, 
        0.5447225382481318, 
        -0.8331120846394011
      ], 
      [
        -0.13808524692307964, 
        -0.8215980015403654, 
        -0.5530918891266593
      ]
    ], 
    "trans_mat": [
      0.1134011614579763, 
      0.09551560344553182, 
      0.9508898674449402
    ]
  }, 
  {
    "img": "/media/hdd/YCBvideo/YCB_Video_Dataset/YCB_Video_Dataset/data/0001/000025-label.png", 
    "mask": "/media/hdd/YCBvideo/YCB_Video_Dataset/Generated_YCB_Video_Dataset/mask/0001/000025-mask-00.png", 
    "depth_minmax": [
      0.895, 
      1.012
    ], 
    "model": "/media/hdd/YCBvideo/YCB_Video_Dataset/YCB_Video_Dataset/models/002_master_chef_can/textured.obj", 
    "rot_mat": [
      [
        0.996771646014014, 
        -0.07317019214429893, 
        0.03304842503300218
      ], 
      [
        -0.014640219548530418, 
        -0.5703713132987791, 
        -0.8212564561610197
      ], 
      [
        0.07894152848359504, 
        0.8181224724843028, 
        -0.5696012055672235
      ]
    ], 
    "trans_mat": [
      -0.05184724698671518, 
      0.09276417221100972, 
      0.9713069682017821
    ]
  }, 
  {
    "img": "/media/hdd/YCBvideo/YCB_Video_Dataset/YCB_Video_Dataset/data/0001/000025-label.png", 
    "mask": "/media/hdd/YCBvideo/YCB_Video_Dataset/Generated_YCB_Video_Dataset/mask/0001/000025-mask-01.png", 
    "depth_minmax": [
      0.869, 
      1.008
    ], 
    "model": "/media/hdd/YCBvideo/YCB_Video_Dataset/YCB_Video_Dataset/models/004_sugar_box/textured.obj", 
    "rot_mat": [
      [
        -0.9856709336627427, 
        0.16861656505424857, 
        -0.004551385256066838
      ], 
      [
        0.09730458436430003, 
        0.5463526216472195, 
        -0.8318834182088549
      ], 
      [
        -0.13778307722812297, 
        -0.8204077632021965, 
        -0.5549307641298842
      ]
    ], 
    "trans_mat": [
      0.11247995404162442, 
      0.09375086253448627, 
      0.9506270574890532
    ]
  }, 
  {
    "img": "/media/hdd/YCBvideo/YCB_Video_Dataset/YCB_Video_Dataset/data/0001/000026-label.png", 
    "mask": "/media/hdd/YCBvideo/YCB_Video_Dataset/Generated_YCB_Video_Dataset/mask/0001/000026-mask-00.png", 
    "depth_minmax": [
      0.895, 
      1.002
    ], 
    "model": "/media/hdd/YCBvideo/YCB_Video_Dataset/YCB_Video_Dataset/models/002_master_chef_can/textured.obj", 
    "rot_mat": [
      [
        0.9968411619270239, 
        -0.07289661345118355, 
        0.031526502013512654
      ], 
      [
        -0.015901793491982764, 
        -0.5721002833985797, 
        -0.8200296174514684
      ], 
      [
        0.07781373225472313, 
        0.8169382615896806, 
        -0.5714522925155865
      ]
    ], 
    "trans_mat": [
      -0.05170594157144828, 
      0.0903907075798735, 
      0.9711565935109631
    ]
  }, 
  {
    "img": "/media/hdd/YCBvideo/YCB_Video_Dataset/YCB_Video_Dataset/data/0001/000026-label.png", 
    "mask": "/media/hdd/YCBvideo/YCB_Video_Dataset/Generated_YCB_Video_Dataset/mask/0001/000026-mask-01.png", 
    "depth_minmax": [
      0.871, 
      1.005
    ], 
    "model": "/media/hdd/YCBvideo/YCB_Video_Dataset/YCB_Video_Dataset/models/004_sugar_box/textured.obj", 
    "rot_mat": [
      [
        -0.9857146246880145, 
        0.16831413517549576, 
        -0.006068801572599836
      ], 
      [
        0.09868402244519481, 
        0.5479826399417613, 
        -0.8306480120948403
      ], 
      [
        -0.1364844050918133, 
        -0.8193815429714454, 
        -0.5567641004731225
      ]
    ], 
    "trans_mat": [
      0.11259950029765939, 
      0.09124396758242787, 
      0.9502983940683679
    ]
  }, 
  {
    "img": "/media/hdd/YCBvideo/YCB_Video_Dataset/YCB_Video_Dataset/data/0001/000027-label.png", 
    "mask": "/media/hdd/YCBvideo/YCB_Video_Dataset/Generated_YCB_Video_Dataset/mask/0001/000027-mask-00.png", 
    "depth_minmax": [
      0.893, 
      1.01
    ], 
    "model": "/media/hdd/YCBvideo/YCB_Video_Dataset/YCB_Video_Dataset/models/002_master_chef_can/textured.obj", 
    "rot_mat": [
      [
        0.9967287778324131, 
        -0.07306513897666861, 
        0.0345409870928792
      ], 
      [
        -0.01353625147729259, 
        -0.572280937103749, 
        -0.8199458366120175
      ], 
      [
        0.07967670805980631, 
        0.8167967292973655, 
        -0.5713976106466473
      ]
    ], 
    "trans_mat": [
      -0.05371853235892857, 
      0.08886657468031846, 
      0.9704498840401666
    ]
  }, 
  {
    "img": "/media/hdd/YCBvideo/YCB_Video_Dataset/YCB_Video_Dataset/data/0001/000027-label.png", 
    "mask": "/media/hdd/YCBvideo/YCB_Video_Dataset/Generated_YCB_Video_Dataset/mask/0001/000027-mask-01.png", 
    "depth_minmax": [
      0.869, 
      1.0
    ], 
    "model": "/media/hdd/YCBvideo/YCB_Video_Dataset/YCB_Video_Dataset/models/004_sugar_box/textured.obj", 
    "rot_mat": [
      [
        -0.9856891400352924, 
        0.16854402773994914, 
        -0.0030563869163855676
      ], 
      [
        0.09634531602249789, 
        0.5483899027434006, 
        -0.830653613747846
      ], 
      [
        -0.13832593356961811, 
        -0.8190618149858996, 
        -0.5567797862580047
      ]
    ], 
    "trans_mat": [
      0.11062309559041592, 
      0.09011011103507828, 
      0.9498988384430425
    ]
  }, 
  {
    "img": "/media/hdd/YCBvideo/YCB_Video_Dataset/YCB_Video_Dataset/data/0001/000028-label.png", 
    "mask": "/media/hdd/YCBvideo/YCB_Video_Dataset/Generated_YCB_Video_Dataset/mask/0001/000028-mask-00.png", 
    "depth_minmax": [
      0.893, 
      1.004
    ], 
    "model": "/media/hdd/YCBvideo/YCB_Video_Dataset/YCB_Video_Dataset/models/002_master_chef_can/textured.obj", 
    "rot_mat": [
      [
        0.9966566772927388, 
        -0.07430184941256099, 
        0.033976287294129694
      ], 
      [
        -0.01472544661149682, 
        -0.5724125881576345, 
        -0.8198336857850197
      ], 
      [
        0.08036323951980202, 
        0.8165930081022114, 
        -0.5715926926569901
      ]
    ], 
    "trans_mat": [
      -0.05452761237135412, 
      0.08773406885106892, 
      0.9699542962839045
    ]
  }, 
  {
    "img": "/media/hdd/YCBvideo/YCB_Video_Dataset/YCB_Video_Dataset/data/0001/000028-label.png", 
    "mask": "/media/hdd/YCBvideo/YCB_Video_Dataset/Generated_YCB_Video_Dataset/mask/0001/000028-mask-01.png", 
    "depth_minmax": [
      0.869, 
      0.999
    ], 
    "model": "/media/hdd/YCBvideo/YCB_Video_Dataset/YCB_Video_Dataset/models/004_sugar_box/textured.obj", 
    "rot_mat": [
      [
        -0.9854793629408185, 
        0.1697542177818595, 
        -0.003643728856521596
      ], 
      [
        0.09753715394015358, 
        0.5484102862061423, 
        -0.830501293987518
      ], 
      [
        -0.13898267674393014, 
        -0.8187983654660355, 
        -0.5570037668958842
      ]
    ], 
    "trans_mat": [
      0.10982955309174147, 
      0.08879050112056101, 
      0.9495173831792161
    ]
  }, 
  {
    "img": "/media/hdd/YCBvideo/YCB_Video_Dataset/YCB_Video_Dataset/data/0001/000029-label.png", 
    "mask": "/media/hdd/YCBvideo/YCB_Video_Dataset/Generated_YCB_Video_Dataset/mask/0001/000029-mask-00.png", 
    "depth_minmax": [
      0.893, 
      1.002
    ], 
    "model": "/media/hdd/YCBvideo/YCB_Video_Dataset/YCB_Video_Dataset/models/002_master_chef_can/textured.obj", 
    "rot_mat": [
      [
        0.9967600895230764, 
        -0.07284885477818616, 
        0.03410508746618409
      ], 
      [
        -0.01385858645661196, 
        -0.5731904135363829, 
        -0.8193051576186875
      ], 
      [
        0.07923411598873983, 
        0.8161779170099215, 
        -0.572343145195632
      ]
    ], 
    "trans_mat": [
      -0.05332237366832901, 
      0.08616665701931506, 
      0.9699639431212121
    ]
  }, 
  {
    "img": "/media/hdd/YCBvideo/YCB_Video_Dataset/YCB_Video_Dataset/data/0001/000029-label.png", 
    "mask": "/media/hdd/YCBvideo/YCB_Video_Dataset/Generated_YCB_Video_Dataset/mask/0001/000029-mask-01.png", 
    "depth_minmax": [
      0.869, 
      1.003
    ], 
    "model": "/media/hdd/YCBvideo/YCB_Video_Dataset/YCB_Video_Dataset/models/004_sugar_box/textured.obj", 
    "rot_mat": [
      [
        -0.9857262507088309, 
        0.16832123523361225, 
        -0.003488537171244796
      ], 
      [
        0.09673158673023657, 
        0.5492797428250619, 
        -0.8300207663778697
      ], 
      [
        -0.13779402522031348, 
        -0.8185110492522669, 
        -0.5577213709804003
      ]
    ], 
    "trans_mat": [
      0.1110108012967728, 
      0.08739526817278348, 
      0.9493438830532036
    ]
  }, 
  {
    "img": "/media/hdd/YCBvideo/YCB_Video_Dataset/YCB_Video_Dataset/data/0001/000030-label.png", 
    "mask": "/media/hdd/YCBvideo/YCB_Video_Dataset/Generated_YCB_Video_Dataset/mask/0001/000030-mask-00.png", 
    "depth_minmax": [
      0.891, 
      1.002
    ], 
    "model": "/media/hdd/YCBvideo/YCB_Video_Dataset/YCB_Video_Dataset/models/002_master_chef_can/textured.obj", 
    "rot_mat": [
      [
        0.9968421572760607, 
        -0.07050655959548613, 
        0.03654299587157742
      ], 
      [
        -0.01059962920022384, 
        -0.5741689819012281, 
        -0.8186682956503822
      ], 
      [
        0.07870340444607696, 
        0.8156954985368824, 
        -0.5731026611409402
      ]
    ], 
    "trans_mat": [
      -0.053275572418408315, 
      0.08534294735806101, 
      0.9696905107112972
    ]
  }, 
  {
    "img": "/media/hdd/YCBvideo/YCB_Video_Dataset/YCB_Video_Dataset/data/0001/000030-label.png", 
    "mask": "/media/hdd/YCBvideo/YCB_Video_Dataset/Generated_YCB_Video_Dataset/mask/0001/000030-mask-01.png", 
    "depth_minmax": [
      0.867, 
      0.999
    ], 
    "model": "/media/hdd/YCBvideo/YCB_Video_Dataset/YCB_Video_Dataset/models/004_sugar_box/textured.obj", 
    "rot_mat": [
      [
        -0.9861158906020128, 
        0.16605706530188896, 
        -0.0010069670814846997
      ], 
      [
        0.09356199201564508, 
        0.5505795788534174, 
        -0.8295226873654507
      ], 
      [
        -0.13719388974012686, 
        -0.8180999167568602, 
        -0.5584710733907177
      ]
    ], 
    "trans_mat": [
      0.11104178070796505, 
      0.08713931505168199, 
      0.9489861739321528
    ]
  }, 
  {
