[
  {
    "img": "/media/hdd/YCBvideo/YCB_Video_Dataset/YCB_Video_Dataset/data/0002/000001-label.png", 
    "mask": "/media/hdd/YCBvideo/YCB_Video_Dataset/Generated_YCB_Video_Dataset/mask/0002/000001-mask-00.png", 
    "depth_minmax": [
      1.01, 
      1.096
    ], 
    "model": "/media/hdd/YCBvideo/YCB_Video_Dataset/YCB_Video_Dataset/models/010_potted_meat_can/textured.obj", 
    "rot_mat": [
      [
        0.6414480433982224, 
        0.06663239598152655, 
        0.7642663716987111
      ], 
      [
        -0.40571986400918564, 
        -0.8160401585960468, 
        0.41166706241859646
      ], 
      [
        0.6511028386271013, 
        -0.5741416208428473, 
        -0.4964135170036169
      ]
    ], 
    "trans_mat": [
      0.13670563589618703, 
      0.04398657399433059, 
      1.065797200819408
    ]
  }, 
  {
    "img": "/media/hdd/YCBvideo/YCB_Video_Dataset/YCB_Video_Dataset/data/0002/000001-label.png", 
    "mask": "/media/hdd/YCBvideo/YCB_Video_Dataset/Generated_YCB_Video_Dataset/mask/0002/000001-mask-01.png", 
    "depth_minmax": [
      0.996, 
      1.034
    ], 
    "model": "/media/hdd/YCBvideo/YCB_Video_Dataset/YCB_Video_Dataset/models/011_banana/textured.obj", 
    "rot_mat": [
      [
        0.7438955224930395, 
        0.6032613300866907, 
        0.28756580898775586
      ], 
      [
        0.3745557731098162, 
        -0.7327177341522774, 
        0.5681841696398618
      ], 
      [
        0.5534677296616729, 
        -0.3149599905758378, 
        -0.7710210955099277
      ]
    ], 
    "trans_mat": [
      -0.08818217570518797, 
      0.0013083018468982195, 
      1.0254745442186044
    ]
  }, 
  {
    "img": "/media/hdd/YCBvideo/YCB_Video_Dataset/YCB_Video_Dataset/data/0002/000002-label.png", 
    "mask": "/media/hdd/YCBvideo/YCB_Video_Dataset/Generated_YCB_Video_Dataset/mask/0002/000002-mask-00.png", 
    "depth_minmax": [
      1.011, 
      1.096
    ], 
    "model": "/media/hdd/YCBvideo/YCB_Video_Dataset/YCB_Video_Dataset/models/010_potted_meat_can/textured.obj", 
    "rot_mat": [
      [
        0.6395132099762149, 
        0.06862670773815024, 
        0.7657100686898609
      ], 
      [
        -0.4066431353920601, 
        -0.8150704134116759, 
        0.41267541121394463
      ], 
      [
        0.6524282850267249, 
        -0.5752833047221219, 
        -0.4933418632602021
      ]
    ], 
    "trans_mat": [
      0.13683688093221125, 
      0.044232819640404056, 
      1.0661956392989402
    ]
  }, 
  {
    "img": "/media/hdd/YCBvideo/YCB_Video_Dataset/YCB_Video_Dataset/data/0002/000002-label.png", 
    "mask": "/media/hdd/YCBvideo/YCB_Video_Dataset/Generated_YCB_Video_Dataset/mask/0002/000002-mask-01.png", 
    "depth_minmax": [
      0.994, 
      1.026
    ], 
    "model": "/media/hdd/YCBvideo/YCB_Video_Dataset/YCB_Video_Dataset/models/011_banana/textured.obj", 
    "rot_mat": [
      [
        0.7420713595109366, 
        0.6044233448788396, 
        0.2898301566154117
      ], 
      [
        0.373818032008547, 
        -0.7320475542963777, 
        0.569531834402733
      ], 
      [
        0.5564076104791955, 
        -0.31428993780053344, 
        -0.7691762533662486
      ]
    ], 
    "trans_mat": [
      -0.0879133873622362, 
      0.0015668370601581805, 
      1.025100428319059
    ]
  }, 
  {
    "img": "/media/hdd/YCBvideo/YCB_Video_Dataset/YCB_Video_Dataset/data/0002/000003-label.png", 
    "mask": "/media/hdd/YCBvideo/YCB_Video_Dataset/Generated_YCB_Video_Dataset/mask/0002/000003-mask-00.png", 
    "depth_minmax": [
      1.013, 
      1.096
    ], 
    "model": "/media/hdd/YCBvideo/YCB_Video_Dataset/YCB_Video_Dataset/models/010_potted_meat_can/textured.obj", 
    "rot_mat": [
      [
        0.6376855333879002, 
        0.06862568140499022, 
        0.7672333056335323
      ], 
      [
        -0.4054177056730075, 
        -0.8170087094624295, 
        0.4100409677642349
      ], 
      [
        0.6549759883193214, 
        -0.5725274552746753, 
        -0.49317278852117674
      ]
    ], 
    "trans_mat": [
      0.13712187066717008, 
      0.04474079155827396, 
      1.0662469954149054
    ]
  }, 
  {
    "img": "/media/hdd/YCBvideo/YCB_Video_Dataset/YCB_Video_Dataset/data/0002/000003-label.png", 
    "mask": "/media/hdd/YCBvideo/YCB_Video_Dataset/Generated_YCB_Video_Dataset/mask/0002/000003-mask-01.png", 
    "depth_minmax": [
      0.996, 
      1.028
    ], 
    "model": "/media/hdd/YCBvideo/YCB_Video_Dataset/YCB_Video_Dataset/models/011_banana/textured.obj", 
    "rot_mat": [
      [
        0.7415013240600588, 
        0.6040277284691303, 
        0.29210594359082226
      ], 
      [
        0.37459027518176247, 
        -0.7338796179214948, 
        0.5666602235780734
      ], 
      [
        0.5566485291754433, 
        -0.3107588517161064, 
        -0.7704362060508393
      ]
    ], 
    "trans_mat": [
      -0.08760653213261815, 
      0.0022500940459123414, 
      1.02485133146175
    ]
  }, 
  {
    "img": "/media/hdd/YCBvideo/YCB_Video_Dataset/YCB_Video_Dataset/data/0002/000004-label.png", 
    "mask": "/media/hdd/YCBvideo/YCB_Video_Dataset/Generated_YCB_Video_Dataset/mask/0002/000004-mask-00.png", 
    "depth_minmax": [
      1.01, 
      1.096
    ], 
    "model": "/media/hdd/YCBvideo/YCB_Video_Dataset/YCB_Video_Dataset/models/010_potted_meat_can/textured.obj", 
    "rot_mat": [
      [
        0.6385632378682121, 
        0.06589099159156521, 
        0.7667433802746277
      ], 
      [
        -0.4075227778280169, 
        -0.8162130207776942, 
        0.4095379200682932
      ], 
      [
        0.6528104870822745, 
        -0.5739815514676262, 
        -0.4943516850495642
      ]
    ], 
    "trans_mat": [
      0.13735536696989178, 
      0.04585407371662457, 
      1.065833157627141
    ]
  }, 
  {
    "img": "/media/hdd/YCBvideo/YCB_Video_Dataset/YCB_Video_Dataset/data/0002/000004-label.png", 
    "mask": "/media/hdd/YCBvideo/YCB_Video_Dataset/Generated_YCB_Video_Dataset/mask/0002/000004-mask-01.png", 
    "depth_minmax": [
      0.996, 
      1.024
    ], 
    "model": "/media/hdd/YCBvideo/YCB_Video_Dataset/YCB_Video_Dataset/models/011_banana/textured.obj", 
    "rot_mat": [
      [
        0.7434528879607097, 
        0.6020540043039266, 
        0.29122009570878954
      ], 
      [
        0.3724651361565603, 
        -0.7343955145650377, 
        0.5673917561122486
      ], 
      [
        0.5554702430703787, 
        -0.3133595895157076, 
        -0.7702327457978371
      ]
    ], 
    "trans_mat": [
      -0.08754206035628481, 
      0.0038052972080227176, 
      1.024906453549332
    ]
  }, 
  {
    "img": "/media/hdd/YCBvideo/YCB_Video_Dataset/YCB_Video_Dataset/data/0002/000005-label.png", 
    "mask": "/media/hdd/YCBvideo/YCB_Video_Dataset/Generated_YCB_Video_Dataset/mask/0002/000005-mask-00.png", 
    "depth_minmax": [
      1.003, 
      1.094
    ], 
    "model": "/media/hdd/YCBvideo/YCB_Video_Dataset/YCB_Video_Dataset/models/010_potted_meat_can/textured.obj", 
    "rot_mat": [
      [
        0.639260395345896, 
        0.06457683346233528, 
        0.7662732980160224
      ], 
      [
        -0.40782379652531675, 
        -0.8163222624050867, 
        0.4090198820643763
      ], 
      [
        0.6519400381429975, 
        -0.5739745644365314, 
        -0.49550729940605703
      ]
    ], 
    "trans_mat": [
      0.13823659854358789, 
      0.047059367093697575, 
      1.0656904474470394
    ]
  }, 
  {
    "img": "/media/hdd/YCBvideo/YCB_Video_Dataset/YCB_Video_Dataset/data/0002/000005-label.png", 
    "mask": "/media/hdd/YCBvideo/YCB_Video_Dataset/Generated_YCB_Video_Dataset/mask/0002/000005-mask-01.png", 
    "depth_minmax": [
      0.996, 
      1.028
    ], 
    "model": "/media/hdd/YCBvideo/YCB_Video_Dataset/YCB_Video_Dataset/models/011_banana/textured.obj", 
    "rot_mat": [
      [
        0.7444743863071344, 
        0.6011633860585803, 
        0.2904472073362539
      ], 
      [
        0.37208938545094633, 
        -0.7347927969828093, 
        0.5671236374452071
      ], 
      [
        0.554351789061262, 
        -0.31413586487634654, 
        -0.7707222686367623
      ]
    ], 
    "trans_mat": [
      -0.08674448357220342, 
      0.005139777435550065, 
      1.0250931824985863
    ]
  }, 
  {
    "img": "/media/hdd/YCBvideo/YCB_Video_Dataset/YCB_Video_Dataset/data/0002/000006-label.png", 
    "mask": "/media/hdd/YCBvideo/YCB_Video_Dataset/Generated_YCB_Video_Dataset/mask/0002/000006-mask-00.png", 
    "depth_minmax": [
      1.013, 
      1.095
    ], 
    "model": "/media/hdd/YCBvideo/YCB_Video_Dataset/YCB_Video_Dataset/models/010_potted_meat_can/textured.obj", 
    "rot_mat": [
      [
        0.6378346006375001, 
        0.06322604881471272, 
        0.7675739302471783
      ], 
      [
        -0.4087173352978065, 
        -0.8169226448660286, 
        0.40692483491438225
      ], 
      [
        0.6527763938278013, 
        -0.573271951169051, 
        -0.49521977077155327
      ]
    ], 
    "trans_mat": [
      0.13907259943763045, 
      0.04797645222280588, 
      1.0654736162240712
    ]
  }, 
  {
    "img": "/media/hdd/YCBvideo/YCB_Video_Dataset/YCB_Video_Dataset/data/0002/000006-label.png", 
    "mask": "/media/hdd/YCBvideo/YCB_Video_Dataset/Generated_YCB_Video_Dataset/mask/0002/000006-mask-01.png", 
    "depth_minmax": [
      0.993, 
      1.028
    ], 
    "model": "/media/hdd/YCBvideo/YCB_Video_Dataset/YCB_Video_Dataset/models/011_banana/textured.obj", 
    "rot_mat": [
      [
        0.7448547107670851, 
        0.5997846551005188, 
        0.2923190017321595
      ], 
      [
        0.3708827973206161, 
        -0.7363741875586995, 
        0.5658621125653585
      ], 
      [
        0.5546507795276509, 
        -0.31306890818436034, 
        -0.7709414434524755
      ]
    ], 
    "trans_mat": [
      -0.08596849779007283, 
      0.006522891351080639, 
      1.024729720061635
    ]
  }, 
  {
    "img": "/media/hdd/YCBvideo/YCB_Video_Dataset/YCB_Video_Dataset/data/0002/000007-label.png", 
    "mask": "/media/hdd/YCBvideo/YCB_Video_Dataset/Generated_YCB_Video_Dataset/mask/0002/000007-mask-00.png", 
    "depth_minmax": [
      1.007, 
      1.096
    ], 
    "model": "/media/hdd/YCBvideo/YCB_Video_Dataset/YCB_Video_Dataset/models/010_potted_meat_can/textured.obj", 
    "rot_mat": [
      [
        0.6399219708491121, 
        0.0631313472703346, 
        0.7658416659711803
      ], 
      [
        -0.40750466669800056, 
        -0.8170629163238525, 
        0.4078566897070148
      ], 
      [
        0.6514898139431424, 
        -0.5730807921011213, 
        -0.4971309544779537
      ]
    ], 
    "trans_mat": [
      0.1396401851574062, 
      0.04906179680178008, 
      1.0653751263355895
    ]
  }, 
  {
    "img": "/media/hdd/YCBvideo/YCB_Video_Dataset/YCB_Video_Dataset/data/0002/000007-label.png", 
    "mask": "/media/hdd/YCBvideo/YCB_Video_Dataset/Generated_YCB_Video_Dataset/mask/0002/000007-mask-01.png", 
    "depth_minmax": [
      0.996, 
      1.026
    ], 
    "model": "/media/hdd/YCBvideo/YCB_Video_Dataset/YCB_Video_Dataset/models/011_banana/textured.obj", 
    "rot_mat": [
      [
        0.7455640786261165, 
        0.6001603075231446, 
        0.2897262210395438
      ], 
      [
        0.37221211340938365, 
        -0.7356137414244771, 
        0.5659771570039646
      ], 
      [
        0.5528028718721861, 
        -0.3141323360641538, 
        -0.7718352068845988
      ]
    ], 
    "trans_mat": [
      -0.08543126155758349, 
      0.007258551770807121, 
      1.0251603495194852
    ]
  }, 
  {
    "img": "/media/hdd/YCBvideo/YCB_Video_Dataset/YCB_Video_Dataset/data/0002/000008-label.png", 
    "mask": "/media/hdd/YCBvideo/YCB_Video_Dataset/Generated_YCB_Video_Dataset/mask/0002/000008-mask-00.png", 
    "depth_minmax": [
      1.008, 
      1.096
    ], 
    "model": "/media/hdd/YCBvideo/YCB_Video_Dataset/YCB_Video_Dataset/models/010_potted_meat_can/textured.obj", 
    "rot_mat": [
      [
        0.6384417273330971, 
        0.06371244747643105, 
        0.7670287908475318
      ], 
      [
        -0.40720770941662077, 
        -0.8177063746682137, 
        0.40686393662542447
      ], 
      [
        0.653126794155796, 
        -0.572099059897612, 
        -0.49611371176776936
      ]
    ], 
    "trans_mat": [
      0.13899379626506686, 
      0.04918790060262173, 
      1.0652945915875929
    ]
  }, 
  {
    "img": "/media/hdd/YCBvideo/YCB_Video_Dataset/YCB_Video_Dataset/data/0002/000008-label.png", 
    "mask": "/media/hdd/YCBvideo/YCB_Video_Dataset/Generated_YCB_Video_Dataset/mask/0002/000008-mask-01.png", 
    "depth_minmax": [
      0.992, 
      1.028
    ], 
    "model": "/media/hdd/YCBvideo/YCB_Video_Dataset/YCB_Video_Dataset/models/011_banana/textured.obj", 
    "rot_mat": [
      [
        0.7447476068364214, 
        0.6003017725906188, 
        0.2915293925011251
      ], 
      [
        0.3723402175982683, 
        -0.7363118921533949, 
        0.56498521124042
      ], 
      [
        0.5538174697702603, 
        -0.31222273912460563, 
        -0.7718833452944894
      ]
    ], 
    "trans_mat": [
      -0.08602703530619306, 
      0.007479698619175603, 
      1.0246989006105094
    ]
  }, 
  {
    "img": "/media/hdd/YCBvideo/YCB_Video_Dataset/YCB_Video_Dataset/data/0002/000009-label.png", 
    "mask": "/media/hdd/YCBvideo/YCB_Video_Dataset/Generated_YCB_Video_Dataset/mask/0002/000009-mask-00.png", 
    "depth_minmax": [
      1.005, 
      1.095
    ], 
    "model": "/media/hdd/YCBvideo/YCB_Video_Dataset/YCB_Video_Dataset/models/010_potted_meat_can/textured.obj", 
    "rot_mat": [
      [
        0.6358082730320459, 
        0.06317558019129946, 
        0.76925650921107
      ], 
      [
        -0.4094761238933366, 
        -0.8172233504856258, 
        0.4055563819251988
      ], 
      [
        0.6542756744964491, 
        -0.5728481548172847, 
        -0.49372835499410594
      ]
    ], 
    "trans_mat": [
      0.13785889615847352, 
      0.04856215719422566, 
      1.065628700190734
    ]
  }, 
  {
    "img": "/media/hdd/YCBvideo/YCB_Video_Dataset/YCB_Video_Dataset/data/0002/000009-label.png", 
    "mask": "/media/hdd/YCBvideo/YCB_Video_Dataset/Generated_YCB_Video_Dataset/mask/0002/000009-mask-01.png", 
    "depth_minmax": [
      0.993, 
      1.028
    ], 
    "model": "/media/hdd/YCBvideo/YCB_Video_Dataset/YCB_Video_Dataset/models/011_banana/textured.obj", 
    "rot_mat": [
      [
        0.7442482403990676, 
        0.5993036754123725, 
        0.2948370330679983
      ], 
      [
        0.3699221177881997, 
        -0.7374161530340065, 
        0.5651339288240632
      ], 
      [
        0.5561035673527488, 
        -0.31153248871552536, 
        -0.770516483350154
      ]
    ], 
    "trans_mat": [
      -0.08715902617074048, 
      0.007443761793990568, 
      1.0244206593268745
    ]
  }, 
  {
    "img": "/media/hdd/YCBvideo/YCB_Video_Dataset/YCB_Video_Dataset/data/0002/000010-label.png", 
    "mask": "/media/hdd/YCBvideo/YCB_Video_Dataset/Generated_YCB_Video_Dataset/mask/0002/000010-mask-00.png", 
    "depth_minmax": [
      1.01, 
      1.095
    ], 
    "model": "/media/hdd/YCBvideo/YCB_Video_Dataset/YCB_Video_Dataset/models/010_potted_meat_can/textured.obj", 
    "rot_mat": [
      [
        0.6359031994011105, 
        0.06226692964774088, 
        0.7692525247510222
      ], 
      [
        -0.40978107867099717, 
        -0.8173911728484663, 
        0.40490863964338647
      ], 
      [
        0.6539933472106142, 
        -0.5727076237637347, 
        -0.49426590100779855
      ]
    ], 
    "trans_mat": [
      0.13585031150420354, 
      0.048464407851852256, 
      1.0654318090724797
    ]
  }, 
  {
    "img": "/media/hdd/YCBvideo/YCB_Video_Dataset/YCB_Video_Dataset/data/0002/000010-label.png", 
    "mask": "/media/hdd/YCBvideo/YCB_Video_Dataset/Generated_YCB_Video_Dataset/mask/0002/000010-mask-01.png", 
    "depth_minmax": [
      0.993, 
      1.028
    ], 
    "model": "/media/hdd/YCBvideo/YCB_Video_Dataset/YCB_Video_Dataset/models/011_banana/textured.obj", 
    "rot_mat": [
      [
        0.7448329664913145, 
        0.598603758416753, 
        0.29478333106370513
      ], 
      [
        0.36951918067753164, 
        -0.7379042529533679, 
        0.5647595863965369
      ], 
      [
        0.5555885588358664, 
        -0.3117224220344556, 
        -0.7708116190971617
      ]
    ], 
    "trans_mat": [
      -0.0892205435728333, 
      0.0074952591059292036, 
      1.0243641353742012
    ]
  }, 
  {
    "img": "/media/hdd/YCBvideo/YCB_Video_Dataset/YCB_Video_Dataset/data/0002/000011-label.png", 
    "mask": "/media/hdd/YCBvideo/YCB_Video_Dataset/Generated_YCB_Video_Dataset/mask/0002/000011-mask-00.png", 
    "depth_minmax": [
      1.013, 
      1.096
    ], 
    "model": "/media/hdd/YCBvideo/YCB_Video_Dataset/YCB_Video_Dataset/models/010_potted_meat_can/textured.obj", 
    "rot_mat": [
      [
        0.6335929095704733, 
        0.06339553729147956, 
        0.7710644087927371
      ], 
      [
        -0.40980606377585116, 
        -0.8178358586603904, 
        0.4039838605676353
      ], 
      [
        0.6562154360288778, 
        -0.5719483624570617, 
        -0.49219581191373485
      ]
    ], 
    "trans_mat": [
      0.13466963096188422, 
      0.0480086503793888, 
      1.0655527948946117
    ]
  }, 
  {
    "img": "/media/hdd/YCBvideo/YCB_Video_Dataset/YCB_Video_Dataset/data/0002/000011-label.png", 
    "mask": "/media/hdd/YCBvideo/YCB_Video_Dataset/Generated_YCB_Video_Dataset/mask/0002/000011-mask-01.png", 
    "depth_minmax": [
      0.994, 
      1.028
    ], 
    "model": "/media/hdd/YCBvideo/YCB_Video_Dataset/YCB_Video_Dataset/models/011_banana/textured.obj", 
    "rot_mat": [
      [
        0.7434131287529522, 
        0.5989931546036549, 
        0.29756299892935095
      ], 
      [
        0.36934295516028354, 
        -0.7385724184221827, 
        0.5640005830323296
      ], 
      [
        0.5576036081165746, 
        -0.30938219837931535, 
        -0.7702994101595811
      ]
    ], 
    "trans_mat": [
      -0.09030576375205854, 
      0.007180893188046404, 
      1.0238266273264038
    ]
  }, 
  {
    "img": "/media/hdd/YCBvideo/YCB_Video_Dataset/YCB_Video_Dataset/data/0002/000012-label.png", 
    "mask": "/media/hdd/YCBvideo/YCB_Video_Dataset/Generated_YCB_Video_Dataset/mask/0002/000012-mask-00.png", 
    "depth_minmax": [
      1.01, 
      1.096
    ], 
    "model": "/media/hdd/YCBvideo/YCB_Video_Dataset/YCB_Video_Dataset/models/010_potted_meat_can/textured.obj", 
    "rot_mat": [
      [
        0.6329065618302997, 
        0.06298439487667143, 
        0.7716621120635346
      ], 
      [
        -0.41055548534901415, 
        -0.8177108858233121, 
        0.4034759121182358
      ], 
      [
        0.6564086762578685, 
        -0.5721734220218354, 
        -0.491676139272314
      ]
    ], 
    "trans_mat": [
      0.13363547095820835, 
      0.04824246346269364, 
      1.0654030525715943
    ]
  }, 
  {
    "img": "/media/hdd/YCBvideo/YCB_Video_Dataset/YCB_Video_Dataset/data/0002/000012-label.png", 
    "mask": "/media/hdd/YCBvideo/YCB_Video_Dataset/Generated_YCB_Video_Dataset/mask/0002/000012-mask-01.png", 
    "depth_minmax": [
      0.993, 
      1.028
    ], 
    "model": "/media/hdd/YCBvideo/YCB_Video_Dataset/YCB_Video_Dataset/models/011_banana/textured.obj", 
    "rot_mat": [
      [
        0.7434462824686838, 
        0.5985163063957256, 
        0.29843985599853756
      ], 
      [
        0.3685299076841453, 
        -0.7389895641291131, 
        0.5639862364379854
      ], 
      [
        0.5580980412561414, 
        -0.3093098217107067, 
        -0.7699702431727481
      ]
    ], 
    "trans_mat": [
      -0.09135372354437624, 
      0.007620945416948546, 
      1.0235495594177388
    ]
  }, 
  {
    "img": "/media/hdd/YCBvideo/YCB_Video_Dataset/YCB_Video_Dataset/data/0002/000013-label.png", 
    "mask": "/media/hdd/YCBvideo/YCB_Video_Dataset/Generated_YCB_Video_Dataset/mask/0002/000013-mask-00.png", 
    "depth_minmax": [
      1.011, 
      1.099
    ], 
    "model": "/media/hdd/YCBvideo/YCB_Video_Dataset/YCB_Video_Dataset/models/010_potted_meat_can/textured.obj", 
    "rot_mat": [
      [
        0.6314683026516955, 
        0.062086531582128464, 
        0.7729121148113877
      ], 
      [
        -0.41213466090817086, 
        -0.8174578186910945, 
        0.402378455040438
      ], 
      [
        0.6568049024491038, 
        -0.5726331351902474, 
        -0.49061053804943505
      ]
    ], 
    "trans_mat": [
      0.13220413834282907, 
      0.04794589824112696, 
      1.0653947039277827
    ]
  }, 
  {
    "img": "/media/hdd/YCBvideo/YCB_Video_Dataset/YCB_Video_Dataset/data/0002/000013-label.png", 
    "mask": "/media/hdd/YCBvideo/YCB_Video_Dataset/Generated_YCB_Video_Dataset/mask/0002/000013-mask-01.png", 
    "depth_minmax": [
      0.993, 
      1.028
    ], 
    "model": "/media/hdd/YCBvideo/YCB_Video_Dataset/YCB_Video_Dataset/models/011_banana/textured.obj", 
    "rot_mat": [
      [
        0.7435354702330272, 
        0.5974865382285398, 
        0.300275307767276
      ], 
      [
        0.3668104107307737, 
        -0.7398855460404384, 
        0.5639333470821548
      ], 
      [
        0.5591108565893493, 
        -0.3091599648392575, 
        -0.7692952719974478
      ]
    ], 
    "trans_mat": [
      -0.09281511127413455, 
      0.007763117529035985, 
      1.0232802056845578
    ]
  }, 
  {
    "img": "/media/hdd/YCBvideo/YCB_Video_Dataset/YCB_Video_Dataset/data/0002/000014-label.png", 
    "mask": "/media/hdd/YCBvideo/YCB_Video_Dataset/Generated_YCB_Video_Dataset/mask/0002/000014-mask-00.png", 
    "depth_minmax": [
      1.01, 
      1.099
    ], 
    "model": "/media/hdd/YCBvideo/YCB_Video_Dataset/YCB_Video_Dataset/models/010_potted_meat_can/textured.obj", 
    "rot_mat": [
      [
        0.6306785918315989, 
        0.061568627867459376, 
        0.7735977307024238
      ], 
      [
        -0.4135658705451957, 
        -0.8168364487968531, 
        0.40217105113070584
      ], 
      [
        0.6566638393128696, 
        -0.5735740698081876, 
        -0.4896983103300176
      ]
    ], 
    "trans_mat": [
      0.13119805427638784, 
      0.0478250807171217, 
      1.065442091859841
    ]
  }, 
  {
    "img": "/media/hdd/YCBvideo/YCB_Video_Dataset/YCB_Video_Dataset/data/0002/000014-label.png", 
    "mask": "/media/hdd/YCBvideo/YCB_Video_Dataset/Generated_YCB_Video_Dataset/mask/0002/000014-mask-01.png", 
    "depth_minmax": [
      0.993, 
      1.028
    ], 
    "model": "/media/hdd/YCBvideo/YCB_Video_Dataset/YCB_Video_Dataset/models/011_banana/textured.obj", 
    "rot_mat": [
      [
        0.7435984095430773, 
        0.5969004888857209, 
        0.30128254310001945
      ], 
      [
        0.36537972756888953, 
        -0.7401279536100415, 
        0.5645431516133982
      ], 
      [
        0.559962764709833, 
        -0.30971008953340473, 
        -0.7684532312308009
      ]
    ], 
    "trans_mat": [
      -0.0938386454186104, 
      0.007923405556176122, 
      1.023154193764185
    ]
  }, 
  {
    "img": "/media/hdd/YCBvideo/YCB_Video_Dataset/YCB_Video_Dataset/data/0002/000015-label.png", 
    "mask": "/media/hdd/YCBvideo/YCB_Video_Dataset/Generated_YCB_Video_Dataset/mask/0002/000015-mask-00.png", 
    "depth_minmax": [
      1.013, 
      1.096
    ], 
    "model": "/media/hdd/YCBvideo/YCB_Video_Dataset/YCB_Video_Dataset/models/010_potted_meat_can/textured.obj", 
    "rot_mat": [
      [
        0.6307226096161189, 
        0.06494774112194322, 
        0.7732850425622085
      ], 
      [
        -0.4127000390920974, 
        -0.8158096636285916, 
        0.40513392311297347
      ], 
      [
        0.6571662690296745, 
        -0.5746622937779005, 
        -0.48774591590466915
      ]
    ], 
    "trans_mat": [
      0.1301860403700484, 
      0.04824242793377987, 
      1.0655546494682513
    ]
  }, 
  {
    "img": "/media/hdd/YCBvideo/YCB_Video_Dataset/YCB_Video_Dataset/data/0002/000015-label.png", 
    "mask": "/media/hdd/YCBvideo/YCB_Video_Dataset/Generated_YCB_Video_Dataset/mask/0002/000015-mask-01.png", 
    "depth_minmax": [
      0.993, 
      1.028
    ], 
    "model": "/media/hdd/YCBvideo/YCB_Video_Dataset/YCB_Video_Dataset/models/011_banana/textured.obj", 
    "rot_mat": [
      [
        0.7415493933315245, 
        0.5995901880968396, 
        0.30099071234924135
      ], 
      [
        0.36671139439114053, 
        -0.7379366034798212, 
        0.5665449548678169
      ], 
      [
        0.5618063273286034, 
        -0.3097440450990485, 
        -0.7670935850754957
      ]
    ], 
    "trans_mat": [
      -0.09465914589779392, 
      0.007750268067514483, 
      1.0228122083354285
    ]
  }, 
  {
    "img": "/media/hdd/YCBvideo/YCB_Video_Dataset/YCB_Video_Dataset/data/0002/000016-label.png", 
    "mask": "/media/hdd/YCBvideo/YCB_Video_Dataset/Generated_YCB_Video_Dataset/mask/0002/000016-mask-00.png", 
    "depth_minmax": [
      1.01, 
      1.096
    ], 
    "model": "/media/hdd/YCBvideo/YCB_Video_Dataset/YCB_Video_Dataset/models/010_potted_meat_can/textured.obj", 
    "rot_mat": [
      [
        0.6294799187674982, 
        0.06234346096402202, 
        0.7745116947173056
      ], 
      [
        -0.4136374218866931, 
        -0.8169147875144496, 
        0.40193804361666674
      ], 
      [
        0.657768409107859, 
        -0.5733795063125858, 
        -0.4884440367137688
      ]
    ], 
    "trans_mat": [
      0.12879267429769245, 
      0.04779269681540887, 
      1.0654507478723767
    ]
  }, 
  {
    "img": "/media/hdd/YCBvideo/YCB_Video_Dataset/YCB_Video_Dataset/data/0002/000016-label.png", 
    "mask": "/media/hdd/YCBvideo/YCB_Video_Dataset/Generated_YCB_Video_Dataset/mask/0002/000016-mask-01.png", 
    "depth_minmax": [
      0.993, 
      1.028
    ], 
    "model": "/media/hdd/YCBvideo/YCB_Video_Dataset/YCB_Video_Dataset/models/011_banana/textured.obj", 
    "rot_mat": [
      [
        0.7427414297656789, 
        0.5972492769022381, 
        0.3027025595830913
      ], 
      [
        0.36527124669841254, 
        -0.7402999709555207, 
        0.5643876169840187
      ], 
      [
        0.5611702618526836, 
        -0.30862541647313163, 
        -0.7680098717841151
      ]
    ], 
    "trans_mat": [
      -0.09618193483231641, 
      0.007938092523441116, 
      1.0227894947723253
    ]
  }, 
  {
    "img": "/media/hdd/YCBvideo/YCB_Video_Dataset/YCB_Video_Dataset/data/0002/000017-label.png", 
    "mask": "/media/hdd/YCBvideo/YCB_Video_Dataset/Generated_YCB_Video_Dataset/mask/0002/000017-mask-00.png", 
    "depth_minmax": [
      1.01, 
      1.096
    ], 
    "model": "/media/hdd/YCBvideo/YCB_Video_Dataset/YCB_Video_Dataset/models/010_potted_meat_can/textured.obj", 
    "rot_mat": [
      [
        0.6289134648297322, 
        0.06372414680729006, 
        0.7748588849005958
      ], 
      [
        -0.41306348095460393, 
        -0.8169535913300194, 
        0.4024492667426009
      ], 
      [
        0.6586695671030939, 
        -0.5731719118665499, 
        -0.4874713209333038
      ]
    ], 
    "trans_mat": [
      0.12818954786249828, 
      0.04782814021470126, 
      1.065379425862983
    ]
  }, 
  {
    "img": "/media/hdd/YCBvideo/YCB_Video_Dataset/YCB_Video_Dataset/data/0002/000017-label.png", 
    "mask": "/media/hdd/YCBvideo/YCB_Video_Dataset/Generated_YCB_Video_Dataset/mask/0002/000017-mask-01.png", 
    "depth_minmax": [
      0.993, 
      1.023
    ], 
    "model": "/media/hdd/YCBvideo/YCB_Video_Dataset/YCB_Video_Dataset/models/011_banana/textured.obj", 
    "rot_mat": [
      [
        0.7417163077906123, 
        0.5982182020599832, 
        0.30330090066700915
      ], 
      [
        0.36591600837484844, 
        -0.739895307388758, 
        0.564500722654861
      ], 
      [
        0.562104696160292, 
        -0.3077164470462477, 
        -0.7676905524240076
      ]
    ], 
    "trans_mat": [
      -0.09669774785982499, 
      0.0077973290178016946, 
      1.0224242427108587
    ]
  }, 
  {
    "img": "/media/hdd/YCBvideo/YCB_Video_Dataset/YCB_Video_Dataset/data/0002/000018-label.png", 
    "mask": "/media/hdd/YCBvideo/YCB_Video_Dataset/Generated_YCB_Video_Dataset/mask/0002/000018-mask-00.png", 
    "depth_minmax": [
      1.007, 
      1.096
    ], 
    "model": "/media/hdd/YCBvideo/YCB_Video_Dataset/YCB_Video_Dataset/models/010_potted_meat_can/textured.obj", 
    "rot_mat": [
      [
        0.6273573754043512, 
        0.06193536208947516, 
        0.7762649324671546
      ], 
      [
        -0.41594838284273267, 
        -0.8160692877727486, 
        0.4012697916938746
      ], 
      [
        0.6583387193159127, 
        -0.5746254538888227, 
        -0.48620500957241586
      ]
    ], 
    "trans_mat": [
      0.12725746787308875, 
      0.047425867245571636, 
      1.0654862733032886
    ]
  }, 
  {
    "img": "/media/hdd/YCBvideo/YCB_Video_Dataset/YCB_Video_Dataset/data/0002/000018-label.png", 
    "mask": "/media/hdd/YCBvideo/YCB_Video_Dataset/Generated_YCB_Video_Dataset/mask/0002/000018-mask-01.png", 
    "depth_minmax": [
      0.993, 
      1.023
    ], 
    "model": "/media/hdd/YCBvideo/YCB_Video_Dataset/YCB_Video_Dataset/models/011_banana/textured.obj", 
    "rot_mat": [
      [
        0.7423058776717949, 
        0.5964516220851666, 
        0.30533307806004567
      ], 
      [
        0.36290236417929633, 
        -0.7409258961376771, 
        0.5650937210080689
      ], 
      [
        0.5632792768360594, 
        -0.3086655051287656, 
        -0.766447394910939
      ]
    ], 
    "trans_mat": [
      -0.09770657395796106, 
      0.008074856228321983, 
      1.0223047340204507
    ]
  }, 
  {
    "img": "/media/hdd/YCBvideo/YCB_Video_Dataset/YCB_Video_Dataset/data/0002/000019-label.png", 
    "mask": "/media/hdd/YCBvideo/YCB_Video_Dataset/Generated_YCB_Video_Dataset/mask/0002/000019-mask-00.png", 
    "depth_minmax": [
      1.007, 
      1.096
    ], 
    "model": "/media/hdd/YCBvideo/YCB_Video_Dataset/YCB_Video_Dataset/models/010_potted_meat_can/textured.obj", 
    "rot_mat": [
      [
        0.6259976393959169, 
        0.064173067284746, 
        0.7771802119592278
      ], 
      [
        -0.41653899325282157, 
        -0.8150095708002278, 
        0.4028077171121989
      ], 
      [
        0.6592582798228782, 
        -0.5758827883989623, 
        -0.4834631484372857
      ]
    ], 
    "trans_mat": [
      0.12633345483830322, 
      0.04719410775069015, 
      1.0658145661703473
    ]
  }, 
  {
    "img": "/media/hdd/YCBvideo/YCB_Video_Dataset/YCB_Video_Dataset/data/0002/000019-label.png", 
    "mask": "/media/hdd/YCBvideo/YCB_Video_Dataset/Generated_YCB_Video_Dataset/mask/0002/000019-mask-01.png", 
    "depth_minmax": [
      0.991, 
      1.023
    ], 
    "model": "/media/hdd/YCBvideo/YCB_Video_Dataset/YCB_Video_Dataset/models/011_banana/textured.obj", 
    "rot_mat": [
      [
        0.7404995928708851, 
        0.5979216766664305, 
        0.3068398010254098
      ], 
      [
        0.3625782939170946, 
        -0.739855409504516, 
        0.566701848318084
      ], 
      [
        0.5658595207551681, 
        -0.3083887906895676, 
        -0.7646557310307089
      ]
    ], 
    "trans_mat": [
      -0.09848115208170241, 
      0.007718568655501912, 
      1.0219735548805668
    ]
  }, 
  {
    "img": "/media/hdd/YCBvideo/YCB_Video_Dataset/YCB_Video_Dataset/data/0002/000020-label.png", 
    "mask": "/media/hdd/YCBvideo/YCB_Video_Dataset/Generated_YCB_Video_Dataset/mask/0002/000020-mask-00.png", 
    "depth_minmax": [
      1.011, 
      1.096
    ], 
    "model": "/media/hdd/YCBvideo/YCB_Video_Dataset/YCB_Video_Dataset/models/010_potted_meat_can/textured.obj", 
    "rot_mat": [
      [
        0.623421258635386, 
        0.062121343880573054, 
        0.7794136226501692
      ], 
      [
        -0.41724894316325317, 
        -0.8166036277207586, 
        0.3988253364377031
      ], 
      [
        0.6612482520495012, 
        -0.5738455900573625, 
        -0.483168505087813
      ]
    ], 
    "trans_mat": [
      0.1260532605527944, 
      0.046450560548852556, 
      1.0659656436759886
    ]
  }, 
  {
    "img": "/media/hdd/YCBvideo/YCB_Video_Dataset/YCB_Video_Dataset/data/0002/000020-label.png", 
    "mask": "/media/hdd/YCBvideo/YCB_Video_Dataset/Generated_YCB_Video_Dataset/mask/0002/000020-mask-01.png", 
    "depth_minmax": [
      0.993, 
      1.023
    ], 
    "model": "/media/hdd/YCBvideo/YCB_Video_Dataset/YCB_Video_Dataset/models/011_banana/textured.obj", 
    "rot_mat": [
      [
        0.7409112099244959, 
        0.5957121247083513, 
        0.3101236858796883
      ], 
      [
        0.3612223080120684, 
        -0.7427585645232881, 
        0.5637629018930009
      ], 
      [
        0.5661867278428768, 
        -0.3056738446572554, 
        -0.7655036630251774
      ]
    ], 
    "trans_mat": [
      -0.09883327330831984, 
      0.007689969625156981, 
      1.0218574480156926
    ]
  }, 
  {
    "img": "/media/hdd/YCBvideo/YCB_Video_Dataset/YCB_Video_Dataset/data/0002/000021-label.png", 
    "mask": "/media/hdd/YCBvideo/YCB_Video_Dataset/Generated_YCB_Video_Dataset/mask/0002/000021-mask-00.png", 
    "depth_minmax": [
      1.007, 
      1.096
    ], 
    "model": "/media/hdd/YCBvideo/YCB_Video_Dataset/YCB_Video_Dataset/models/010_potted_meat_can/textured.obj", 
    "rot_mat": [
      [
        0.6250288375678391, 
        0.06294822374098571, 
        0.7780595996358116
      ], 
      [
        -0.4168494624570484, 
        -0.815808514591404, 
        0.40086512118230094
      ], 
      [
        0.6599816503197465, 
        -0.574886198888627, 
        -0.4836641354159107
      ]
    ], 
    "trans_mat": [
      0.12593633573964594, 
      0.04464237718525592, 
      1.0656488496167584
    ]
  }, 
  {
    "img": "/media/hdd/YCBvideo/YCB_Video_Dataset/YCB_Video_Dataset/data/0002/000021-label.png", 
    "mask": "/media/hdd/YCBvideo/YCB_Video_Dataset/Generated_YCB_Video_Dataset/mask/0002/000021-mask-01.png", 
    "depth_minmax": [
      0.993, 
      1.024
    ], 
    "model": "/media/hdd/YCBvideo/YCB_Video_Dataset/YCB_Video_Dataset/models/011_banana/textured.obj", 
    "rot_mat": [
      [
        0.7409322380933051, 
        0.596732047028106, 
        0.30810855783166896
      ], 
      [
        0.3619536811643061, 
        -0.7412718852859166, 
        0.5652486315147366
      ], 
      [
        0.5656935081831169, 
        -0.3072894768891246, 
        -0.765222124160993
      ]
    ], 
    "trans_mat": [
      -0.09893150955158794, 
      0.005509178666103739, 
      1.0217739223088613
    ]
  }, 
  {
    "img": "/media/hdd/YCBvideo/YCB_Video_Dataset/YCB_Video_Dataset/data/0002/000022-label.png", 
    "mask": "/media/hdd/YCBvideo/YCB_Video_Dataset/Generated_YCB_Video_Dataset/mask/0002/000022-mask-00.png", 
    "depth_minmax": [
      1.008, 
      1.093
    ], 
    "model": "/media/hdd/YCBvideo/YCB_Video_Dataset/YCB_Video_Dataset/models/010_potted_meat_can/textured.obj", 
    "rot_mat": [
      [
        0.623126011198696, 
        0.062312032823350794, 
        0.7796342949169858
      ], 
      [
        -0.4189844822083258, 
        -0.8151271920972228, 
        0.4000245773488869
      ], 
      [
        0.6604280009195846, 
        -0.5759204401940494, 
        -0.4818200803816016
      ]
    ], 
    "trans_mat": [
      0.12672600022252292, 
      0.042368726229733096, 
      1.0660460944053325
    ]
  }, 
  {
    "img": "/media/hdd/YCBvideo/YCB_Video_Dataset/YCB_Video_Dataset/data/0002/000022-label.png", 
    "mask": "/media/hdd/YCBvideo/YCB_Video_Dataset/Generated_YCB_Video_Dataset/mask/0002/000022-mask-01.png", 
    "depth_minmax": [
      0.993, 
      1.03
    ], 
    "model": "/media/hdd/YCBvideo/YCB_Video_Dataset/YCB_Video_Dataset/models/011_banana/textured.obj", 
    "rot_mat": [
      [
        0.7406982258005547, 
        0.5957964984308692, 
        0.31046973275658923
      ], 
      [
        0.3597224494318833, 
        -0.7420023631144222, 
        0.5657144960919887
      ], 
      [
        0.5674191127619165, 
        -0.3073403044736927, 
        -0.7639224585027852
      ]
    ], 
    "trans_mat": [
      -0.09814449334287939, 
      0.003734300437658698, 
      1.0217458914762787
    ]
  }, 
  {
    "img": "/media/hdd/YCBvideo/YCB_Video_Dataset/YCB_Video_Dataset/data/0002/000023-label.png", 
    "mask": "/media/hdd/YCBvideo/YCB_Video_Dataset/Generated_YCB_Video_Dataset/mask/0002/000023-mask-00.png", 
    "depth_minmax": [
      1.005, 
      1.096
    ], 
    "model": "/media/hdd/YCBvideo/YCB_Video_Dataset/YCB_Video_Dataset/models/010_potted_meat_can/textured.obj", 
    "rot_mat": [
      [
        0.6243450911440181, 
        0.0616024595686849, 
        0.7787150776603157
      ], 
      [
        -0.4199201829758153, 
        -0.8141256340371473, 
        0.40108076632524753
      ], 
      [
        0.6586797883674856, 
        -0.5774115680928844, 
        -0.4824275940860458
      ]
    ], 
    "trans_mat": [
      0.12687149954736227, 
      0.040201374661524535, 
      1.0658221203903893
    ]
  }, 
  {
    "img": "/media/hdd/YCBvideo/YCB_Video_Dataset/YCB_Video_Dataset/data/0002/000023-label.png", 
    "mask": "/media/hdd/YCBvideo/YCB_Video_Dataset/Generated_YCB_Video_Dataset/mask/0002/000023-mask-01.png", 
    "depth_minmax": [
      0.991, 
      1.027
    ], 
    "model": "/media/hdd/YCBvideo/YCB_Video_Dataset/YCB_Video_Dataset/models/011_banana/textured.obj", 
    "rot_mat": [
      [
        0.7415293930101774, 
        0.5955092748644222, 
        0.30903401867622554
      ], 
      [
        0.3589793625419766, 
        -0.7412969793050629, 
        0.5671089298301324
      ], 
      [
        0.5668041254495778, 
        -0.30959099375195287, 
        -0.7634697189020093
      ]
    ], 
    "trans_mat": [
      -0.09806051500201138, 
      0.0015744048515211647, 
      1.021828551950768
    ]
  }, 
  {
    "img": "/media/hdd/YCBvideo/YCB_Video_Dataset/YCB_Video_Dataset/data/0002/000024-label.png", 
    "mask": "/media/hdd/YCBvideo/YCB_Video_Dataset/Generated_YCB_Video_Dataset/mask/0002/000024-mask-00.png", 
    "depth_minmax": [
      1.007, 
      1.096
    ], 
    "model": "/media/hdd/YCBvideo/YCB_Video_Dataset/YCB_Video_Dataset/models/010_potted_meat_can/textured.obj", 
    "rot_mat": [
      [
        0.6243107279867398, 
        0.06310196765930157, 
        0.7786227206617915
      ], 
      [
        -0.420155656791545, 
        -0.8131617909590623, 
        0.4027871225589355
      ], 
      [
        0.6585634589714581, 
        -0.5786073898648696, 
        -0.48115305842934064
      ]
    ], 
    "trans_mat": [
      0.12763038993728554, 
      0.0380911195244446, 
      1.0659446239371277
    ]
  }, 
  {
    "img": "/media/hdd/YCBvideo/YCB_Video_Dataset/YCB_Video_Dataset/data/0002/000024-label.png", 
    "mask": "/media/hdd/YCBvideo/YCB_Video_Dataset/Generated_YCB_Video_Dataset/mask/0002/000024-mask-01.png", 
    "depth_minmax": [
      0.991, 
      1.025
    ], 
    "model": "/media/hdd/YCBvideo/YCB_Video_Dataset/YCB_Video_Dataset/models/011_banana/textured.obj", 
    "rot_mat": [
      [
        0.7406039627191535, 
        0.5966916764800292, 
        0.3089728667907495
      ], 
      [
        0.3590292344524952, 
        -0.7400816538681708, 
        0.5686634688964878
      ], 
      [
        0.5679815642871989, 
        -0.31022360294674456, 
        -0.7623377256455987
      ]
    ], 
    "trans_mat": [
      -0.09721624402898554, 
      -0.0007474413873016727, 
      1.0217015234823073
    ]
  }, 
  {
    "img": "/media/hdd/YCBvideo/YCB_Video_Dataset/YCB_Video_Dataset/data/0002/000025-label.png", 
    "mask": "/media/hdd/YCBvideo/YCB_Video_Dataset/Generated_YCB_Video_Dataset/mask/0002/000025-mask-00.png", 
    "depth_minmax": [
      0.996, 
      1.104
    ], 
