[
  {
    "img": "/media/hdd/YCBvideo/YCB_Video_Dataset/YCB_Video_Dataset/data/0003/000001-label.png", 
    "mask": "/media/hdd/YCBvideo/YCB_Video_Dataset/Generated_YCB_Video_Dataset/mask/0003/000001-mask-01.png", 
    "depth_minmax": [
      0.527, 
      0.609
    ], 
    "model": "/media/hdd/YCBvideo/YCB_Video_Dataset/YCB_Video_Dataset/models/009_gelatin_box/textured.obj", 
    "rot_mat": [
      [
        -0.6985286001123538, 
        0.7139600608069088, 
        -0.04814879236844351
      ], 
      [
        0.3590034429156526, 
        0.2914480796896187, 
        -0.8866651008455013
      ], 
      [
        -0.6190109426772206, 
        -0.6366463797723032, 
        -0.4598988181501764
      ]
    ], 
    "trans_mat": [
      0.04673229262915387, 
      0.06235955440912257, 
      0.5741947311534089
    ]
  }, 
  {
    "img": "/media/hdd/YCBvideo/YCB_Video_Dataset/YCB_Video_Dataset/data/0003/000001-label.png", 
    "mask": "/media/hdd/YCBvideo/YCB_Video_Dataset/Generated_YCB_Video_Dataset/mask/0003/000001-mask-00.png", 
    "depth_minmax": [
      0.679, 
      0.738
    ], 
    "model": "/media/hdd/YCBvideo/YCB_Video_Dataset/YCB_Video_Dataset/models/005_tomato_soup_can/textured.obj", 
    "rot_mat": [
      [
        0.27466461940461745, 
        -0.9606801735894278, 
        -0.040648914350829304
      ], 
      [
        -0.45857631403468696, 
        -0.09371807722075946, 
        -0.8836988608818218
      ], 
      [
        0.84514352430598, 
        0.26136141952165826, 
        -0.4662858015992225
      ]
    ], 
    "trans_mat": [
      0.04860717180233572, 
      -0.05973634713398064, 
      0.724312104267606
    ]
  }, 
  {
    "img": "/media/hdd/YCBvideo/YCB_Video_Dataset/YCB_Video_Dataset/data/0003/000002-label.png", 
    "mask": "/media/hdd/YCBvideo/YCB_Video_Dataset/Generated_YCB_Video_Dataset/mask/0003/000002-mask-01.png", 
    "depth_minmax": [
      0.526, 
      0.608
    ], 
    "model": "/media/hdd/YCBvideo/YCB_Video_Dataset/YCB_Video_Dataset/models/009_gelatin_box/textured.obj", 
    "rot_mat": [
      [
        -0.6978688699279962, 
        0.7148237293562586, 
        -0.04479129195593112
      ], 
      [
        0.35789048833903264, 
        0.29386435332164357, 
        -0.8863172015292896
      ], 
      [
        -0.6203978708627352, 
        -0.6345630322130815, 
        -0.46090773057444195
      ]
    ], 
    "trans_mat": [
      0.048306685963523104, 
      0.062567798191638, 
      0.573675961231289
    ]
  }, 
  {
    "img": "/media/hdd/YCBvideo/YCB_Video_Dataset/YCB_Video_Dataset/data/0003/000002-label.png", 
    "mask": "/media/hdd/YCBvideo/YCB_Video_Dataset/Generated_YCB_Video_Dataset/mask/0003/000002-mask-00.png", 
    "depth_minmax": [
      0.678, 
      0.744
    ], 
    "model": "/media/hdd/YCBvideo/YCB_Video_Dataset/YCB_Video_Dataset/models/005_tomato_soup_can/textured.obj", 
    "rot_mat": [
      [
        0.27368929692420807, 
        -0.9610953362065994, 
        -0.03728285682047364
      ], 
      [
        -0.4587448769931442, 
        -0.09636959625704816, 
        -0.8833258827350994
      ], 
      [
        0.845367928838026, 
        0.2588600126978347, 
        -0.46727292608280907
      ]
    ], 
    "trans_mat": [
      0.0501097346749289, 
      -0.05967450348694011, 
      0.7236748897966014
    ]
  }, 
  {
    "img": "/media/hdd/YCBvideo/YCB_Video_Dataset/YCB_Video_Dataset/data/0003/000002-label.png", 
    "mask": "/media/hdd/YCBvideo/YCB_Video_Dataset/Generated_YCB_Video_Dataset/mask/0003/000002-mask-02.png", 
    "depth_minmax": [
      0.766, 
      0.848
    ], 
    "model": "/media/hdd/YCBvideo/YCB_Video_Dataset/YCB_Video_Dataset/models/025_mug/textured.obj", 
    "rot_mat": [
      [
        -0.9665195723875645, 
        -0.2479899072446433, 
        -0.06589383105746091
      ], 
      [
        -0.05664676615237906, 
        0.45668067531088175, 
        -0.887825348743966
      ], 
      [
        0.2502644294876705, 
        -0.8543666889328723, 
        -0.4554388715083342
      ]
    ], 
    "trans_mat": [
      -0.029044803035301662, 
      -0.08324924869830945, 
      0.8232372564213255
    ]
  }, 
  {
    "img": "/media/hdd/YCBvideo/YCB_Video_Dataset/YCB_Video_Dataset/data/0003/000003-label.png", 
    "mask": "/media/hdd/YCBvideo/YCB_Video_Dataset/Generated_YCB_Video_Dataset/mask/0003/000003-mask-01.png", 
    "depth_minmax": [
      0.526, 
      0.608
    ], 
    "model": "/media/hdd/YCBvideo/YCB_Video_Dataset/YCB_Video_Dataset/models/009_gelatin_box/textured.obj", 
    "rot_mat": [
      [
        -0.6981054033388198, 
        0.7144949454912246, 
        -0.04630815488525423
      ], 
      [
        0.3592324944296746, 
        0.29357674112281845, 
        -0.885870291851655
      ], 
      [
        -0.6193555145298237, 
        -0.6350663391089805, 
        -0.46161708030533316
      ]
    ], 
    "trans_mat": [
      0.04927268620155136, 
      0.06218043381912777, 
      0.5732664592735467
    ]
  }, 
  {
    "img": "/media/hdd/YCBvideo/YCB_Video_Dataset/YCB_Video_Dataset/data/0003/000003-label.png", 
    "mask": "/media/hdd/YCBvideo/YCB_Video_Dataset/Generated_YCB_Video_Dataset/mask/0003/000003-mask-00.png", 
    "depth_minmax": [
      0.679, 
      0.743
    ], 
    "model": "/media/hdd/YCBvideo/YCB_Video_Dataset/YCB_Video_Dataset/models/005_tomato_soup_can/textured.obj", 
    "rot_mat": [
      [
        0.2740466083481175, 
        -0.960932524520488, 
        -0.03880296767534228
      ], 
      [
        -0.4597864743564365, 
        -0.09547422210790771, 
        -0.882882251053229
      ], 
      [
        0.8446870707614533, 
        0.2597920058266966, 
        -0.4679876440626813
      ]
    ], 
    "trans_mat": [
      0.051091720872666814, 
      -0.060192329926753774, 
      0.7231590550930999
    ]
  }, 
  {
    "img": "/media/hdd/YCBvideo/YCB_Video_Dataset/YCB_Video_Dataset/data/0003/000003-label.png", 
    "mask": "/media/hdd/YCBvideo/YCB_Video_Dataset/Generated_YCB_Video_Dataset/mask/0003/000003-mask-02.png", 
    "depth_minmax": [
      0.765, 
      0.843
    ], 
    "model": "/media/hdd/YCBvideo/YCB_Video_Dataset/YCB_Video_Dataset/models/025_mug/textured.obj", 
    "rot_mat": [
      [
        -0.9663196103241345, 
        -0.24835916063490912, 
        -0.0674066387684346
      ], 
      [
        -0.0557377430841889, 
        0.45770011014422884, 
        -0.887358595814329
      ], 
      [
        0.25123606804339643, 
        -0.8537147141509386, 
        -0.4561272386279353
      ]
    ], 
    "trans_mat": [
      -0.027985088857453037, 
      -0.08376030833881908, 
      0.8227847995074724
    ]
  }, 
  {
    "img": "/media/hdd/YCBvideo/YCB_Video_Dataset/YCB_Video_Dataset/data/0003/000004-label.png", 
    "mask": "/media/hdd/YCBvideo/YCB_Video_Dataset/Generated_YCB_Video_Dataset/mask/0003/000004-mask-01.png", 
    "depth_minmax": [
      0.526, 
      0.607
    ], 
    "model": "/media/hdd/YCBvideo/YCB_Video_Dataset/YCB_Video_Dataset/models/009_gelatin_box/textured.obj", 
    "rot_mat": [
      [
        -0.6979308552859441, 
        0.7147483674273132, 
        -0.045012096991598395
      ], 
      [
        0.35798043686981657, 
        0.29374013476134436, 
        -0.8863220616090212
      ], 
      [
        -0.6202761008472822, 
        -0.634705147730265, 
        -0.4608764961812046
      ]
    ], 
    "trans_mat": [
      0.04963582598591489, 
      0.06310766232566183, 
      0.5728511165442416
    ]
  }, 
  {
    "img": "/media/hdd/YCBvideo/YCB_Video_Dataset/YCB_Video_Dataset/data/0003/000004-label.png", 
    "mask": "/media/hdd/YCBvideo/YCB_Video_Dataset/Generated_YCB_Video_Dataset/mask/0003/000004-mask-00.png", 
    "depth_minmax": [
      0.679, 
      0.741
    ], 
    "model": "/media/hdd/YCBvideo/YCB_Video_Dataset/YCB_Video_Dataset/models/005_tomato_soup_can/textured.obj", 
    "rot_mat": [
      [
        0.2737786274330574, 
        -0.9610605511843117, 
        -0.03750441144134251
      ], 
      [
        -0.45876494306735915, 
        -0.09621759609991988, 
        -0.8833320400104464
      ], 
      [
        0.845328552707806, 
        0.2590432206215461, 
        -0.46724318191688496
      ]
    ], 
    "trans_mat": [
      0.05144857623427868, 
      -0.05913112265349045, 
      0.7228529040051611
    ]
  }, 
  {
    "img": "/media/hdd/YCBvideo/YCB_Video_Dataset/YCB_Video_Dataset/data/0003/000004-label.png", 
    "mask": "/media/hdd/YCBvideo/YCB_Video_Dataset/Generated_YCB_Video_Dataset/mask/0003/000004-mask-02.png", 
    "depth_minmax": [
      0.766, 
      0.847
    ], 
    "model": "/media/hdd/YCBvideo/YCB_Video_Dataset/YCB_Video_Dataset/models/025_mug/textured.obj", 
    "rot_mat": [
      [
        -0.9664803868631768, 
        -0.24808126099262778, 
        -0.06611382072521171
      ], 
      [
        -0.056494162338096, 
        0.45669662450288606, 
        -0.8878268768230516
      ], 
      [
        0.2504476274577451, 
        -0.8543320921760554, 
        -0.4554036302359672
      ]
    ], 
    "trans_mat": [
      -0.027690750324326194, 
      -0.08269137279331604, 
      0.8224307826030127
    ]
  }, 
  {
    "img": "/media/hdd/YCBvideo/YCB_Video_Dataset/YCB_Video_Dataset/data/0003/000005-label.png", 
    "mask": "/media/hdd/YCBvideo/YCB_Video_Dataset/Generated_YCB_Video_Dataset/mask/0003/000005-mask-01.png", 
    "depth_minmax": [
      0.526, 
      0.607
    ], 
    "model": "/media/hdd/YCBvideo/YCB_Video_Dataset/YCB_Video_Dataset/models/009_gelatin_box/textured.obj", 
    "rot_mat": [
      [
        -0.6977831889876145, 
        0.7147873281680658, 
        -0.0466694865740364
      ], 
      [
        0.3578486732534058, 
        0.2914127124976781, 
        -0.8871429201242392
      ], 
      [
        -0.620518739171678, 
        -0.6357339536763592, 
        -0.45912862848349295
      ]
    ], 
    "trans_mat": [
      0.04984124439753652, 
      0.06476180584981188, 
      0.5724175026626656
    ]
  }, 
  {
    "img": "/media/hdd/YCBvideo/YCB_Video_Dataset/YCB_Video_Dataset/data/0003/000005-label.png", 
    "mask": "/media/hdd/YCBvideo/YCB_Video_Dataset/Generated_YCB_Video_Dataset/mask/0003/000005-mask-00.png", 
    "depth_minmax": [
      0.678, 
      0.742
    ], 
    "model": "/media/hdd/YCBvideo/YCB_Video_Dataset/YCB_Video_Dataset/models/005_tomato_soup_can/textured.obj", 
    "rot_mat": [
      [
        0.27362241692458306, 
        -0.9610397547983255, 
        -0.03916134366836827
      ], 
      [
        -0.4575459514261341, 
        -0.09424058701814067, 
        -0.88417676372846
      ], 
      [
        0.8460395092004118, 
        0.2598487450453299, 
        -0.46550593643949645
      ]
    ], 
    "trans_mat": [
      0.051563696982743316, 
      -0.057188765765990406, 
      0.7226547400110636
    ]
  }, 
  {
    "img": "/media/hdd/YCBvideo/YCB_Video_Dataset/YCB_Video_Dataset/data/0003/000005-label.png", 
    "mask": "/media/hdd/YCBvideo/YCB_Video_Dataset/Generated_YCB_Video_Dataset/mask/0003/000005-mask-02.png", 
    "depth_minmax": [
      0.766, 
      0.837
    ], 
    "model": "/media/hdd/YCBvideo/YCB_Video_Dataset/YCB_Video_Dataset/models/025_mug/textured.obj", 
    "rot_mat": [
      [
        -0.9664042456434132, 
        -0.247934067574408, 
        -0.06776996088072894
      ], 
      [
        -0.05452561823664835, 
        0.4554207618269936, 
        -0.8886047449870138
      ], 
      [
        0.25117967023539156, 
        -0.8550555875241775, 
        -0.4536392535042288
      ]
    ], 
    "trans_mat": [
      -0.027547226217105026, 
      -0.08043458096728894, 
      0.8223290974445788
    ]
  }, 
  {
    "img": "/media/hdd/YCBvideo/YCB_Video_Dataset/YCB_Video_Dataset/data/0003/000006-label.png", 
    "mask": "/media/hdd/YCBvideo/YCB_Video_Dataset/Generated_YCB_Video_Dataset/mask/0003/000006-mask-01.png", 
    "depth_minmax": [
      0.525, 
      0.606
    ], 
    "model": "/media/hdd/YCBvideo/YCB_Video_Dataset/YCB_Video_Dataset/models/009_gelatin_box/textured.obj", 
    "rot_mat": [
      [
        -0.6985600182253232, 
        0.7138874459257153, 
        -0.048774927766038124
      ], 
      [
        0.3582688108720364, 
        0.28994289985316773, 
        -0.8874551969294088
      ], 
      [
        -0.619401580114949, 
        -0.6374151468460018, 
        -0.45830598879860135
      ]
    ], 
    "trans_mat": [
      0.050973562932180035, 
      0.0661396863461785, 
      0.5718701789010188
    ]
  }, 
  {
    "img": "/media/hdd/YCBvideo/YCB_Video_Dataset/YCB_Video_Dataset/data/0003/000006-label.png", 
    "mask": "/media/hdd/YCBvideo/YCB_Video_Dataset/Generated_YCB_Video_Dataset/mask/0003/000006-mask-00.png", 
    "depth_minmax": [
      0.677, 
      0.741
    ], 
    "model": "/media/hdd/YCBvideo/YCB_Video_Dataset/YCB_Video_Dataset/models/005_tomato_soup_can/textured.obj", 
    "rot_mat": [
      [
        0.2747238508000608, 
        -0.9606369757504796, 
        -0.04127575600767205
      ], 
      [
        -0.45721793403196137, 
        -0.09275077185228528, 
        -0.8845042338933035
      ], 
      [
        0.845860262146703, 
        0.26186640256081894, 
        -0.4647008789135916
      ]
    ], 
    "trans_mat": [
      0.052837706518509615, 
      -0.055690303686938995, 
      0.7222036115035355
    ]
  }, 
  {
    "img": "/media/hdd/YCBvideo/YCB_Video_Dataset/YCB_Video_Dataset/data/0003/000006-label.png", 
    "mask": "/media/hdd/YCBvideo/YCB_Video_Dataset/Generated_YCB_Video_Dataset/mask/0003/000006-mask-02.png", 
    "depth_minmax": [
      0.766, 
      0.837
    ], 
    "model": "/media/hdd/YCBvideo/YCB_Video_Dataset/YCB_Video_Dataset/models/025_mug/textured.obj", 
    "rot_mat": [
      [
        -0.9659662436598987, 
        -0.2490566171288637, 
        -0.06986618859031173
      ], 
      [
        -0.05303579339228627, 
        0.4550512347515654, 
        -0.8888844885136391
      ], 
      [
        0.25317561624099005, 
        -0.8549264595380037, 
        -0.4527728118751935
      ]
    ], 
    "trans_mat": [
      -0.026102426959511222, 
      -0.07874950107253632, 
      0.8220565917735352
    ]
  }, 
  {
    "img": "/media/hdd/YCBvideo/YCB_Video_Dataset/YCB_Video_Dataset/data/0003/000007-label.png", 
    "mask": "/media/hdd/YCBvideo/YCB_Video_Dataset/Generated_YCB_Video_Dataset/mask/0003/000007-mask-01.png", 
    "depth_minmax": [
      0.525, 
      0.606
    ], 
    "model": "/media/hdd/YCBvideo/YCB_Video_Dataset/YCB_Video_Dataset/models/009_gelatin_box/textured.obj", 
    "rot_mat": [
      [
        -0.6997289542671863, 
        0.7127339745913056, 
        -0.04888870333765356
      ], 
      [
        0.3567376375020549, 
        0.28929798426288716, 
        -0.888282802296823
      ], 
      [
        -0.6189657429083821, 
        -0.6389969312551123, 
        -0.4566888047573225
      ]
    ], 
    "trans_mat": [
      0.05078141524429019, 
      0.06761923369217533, 
      0.5716524026955649
    ]
  }, 
  {
    "img": "/media/hdd/YCBvideo/YCB_Video_Dataset/YCB_Video_Dataset/data/0003/000007-label.png", 
    "mask": "/media/hdd/YCBvideo/YCB_Video_Dataset/Generated_YCB_Video_Dataset/mask/0003/000007-mask-00.png", 
    "depth_minmax": [
      0.678, 
      0.74
    ], 
    "model": "/media/hdd/YCBvideo/YCB_Video_Dataset/YCB_Video_Dataset/models/005_tomato_soup_can/textured.obj", 
    "rot_mat": [
      [
        0.2763001655214358, 
        -0.9601794111288392, 
        -0.041401131729704825
      ], 
      [
        -0.4555682066824186, 
        -0.09291935595173768, 
        -0.8853380904895309
      ], 
      [
        0.8462367891104294, 
        0.26347983370053685, 
        -0.4631001471738936
      ]
    ], 
    "trans_mat": [
      0.052952239052288956, 
      -0.05394801421574008, 
      0.7221942831644732
    ]
  }, 
  {
    "img": "/media/hdd/YCBvideo/YCB_Video_Dataset/YCB_Video_Dataset/data/0003/000007-label.png", 
    "mask": "/media/hdd/YCBvideo/YCB_Video_Dataset/Generated_YCB_Video_Dataset/mask/0003/000007-mask-02.png", 
    "depth_minmax": [
      0.766, 
      0.842
    ], 
    "model": "/media/hdd/YCBvideo/YCB_Video_Dataset/YCB_Video_Dataset/models/025_mug/textured.obj", 
    "rot_mat": [
      [
        -0.9655477120314307, 
        -0.25064525554180705, 
        -0.06997064090588527
      ], 
      [
        -0.053222994288792375, 
        0.45340241865754666, 
        -0.8897161718715968
      ], 
      [
        0.2547281220457348, 
        -0.8553380185278495, 
        -0.45112125846147594
      ]
    ], 
    "trans_mat": [
      -0.02582182878272511, 
      -0.07688484174387723, 
      0.8222064469433452
    ]
  }, 
  {
    "img": "/media/hdd/YCBvideo/YCB_Video_Dataset/YCB_Video_Dataset/data/0003/000008-label.png", 
    "mask": "/media/hdd/YCBvideo/YCB_Video_Dataset/Generated_YCB_Video_Dataset/mask/0003/000008-mask-01.png", 
    "depth_minmax": [
      0.525, 
      0.607
    ], 
    "model": "/media/hdd/YCBvideo/YCB_Video_Dataset/YCB_Video_Dataset/models/009_gelatin_box/textured.obj", 
    "rot_mat": [
      [
        -0.6996183723707021, 
        0.7126276826753232, 
        -0.05191507259862867
      ], 
      [
        0.3561023218179468, 
        0.28476471741991377, 
        -0.890000752167809
      ], 
      [
        -0.6194554228579232, 
        -0.6411473166061625, 
        -0.4529953718163856
      ]
    ], 
    "trans_mat": [
      0.05038738914240245, 
      0.06920962279257908, 
      0.5715557309352735
    ]
  }, 
  {
    "img": "/media/hdd/YCBvideo/YCB_Video_Dataset/YCB_Video_Dataset/data/0003/000008-label.png", 
    "mask": "/media/hdd/YCBvideo/YCB_Video_Dataset/Generated_YCB_Video_Dataset/mask/0003/000008-mask-00.png", 
    "depth_minmax": [
      0.677, 
      0.741
    ], 
    "model": "/media/hdd/YCBvideo/YCB_Video_Dataset/YCB_Video_Dataset/models/005_tomato_soup_can/textured.obj", 
    "rot_mat": [
      [
        0.27623922793588035, 
        -0.9600610186717233, 
        -0.04442845578515953
      ], 
      [
        -0.45286136341718364, 
        -0.08924980934295886, 
        -0.8871024342578137
      ], 
      [
        0.8477076281348425, 
        0.2651722007788801, 
        -0.45942892254951867
      ]
    ], 
    "trans_mat": [
      0.052438324908960256, 
      -0.05174863263270378, 
      0.7225888984812002
    ]
  }, 
  {
    "img": "/media/hdd/YCBvideo/YCB_Video_Dataset/YCB_Video_Dataset/data/0003/000008-label.png", 
    "mask": "/media/hdd/YCBvideo/YCB_Video_Dataset/Generated_YCB_Video_Dataset/mask/0003/000008-mask-02.png", 
    "depth_minmax": [
      0.769, 
      0.838
    ], 
    "model": "/media/hdd/YCBvideo/YCB_Video_Dataset/YCB_Video_Dataset/models/025_mug/textured.obj", 
    "rot_mat": [
      [
        -0.9653343232092325, 
        -0.2506028660069458, 
        -0.0729930746876551
      ], 
      [
        -0.04957507882232459, 
        0.45058918634949396, 
        -0.8913544457393304
      ], 
      [
        0.2562660647382596, 
        -0.8568351013127692, 
        -0.4473931396571957
      ]
    ], 
    "trans_mat": [
      -0.02625901967826489, 
      -0.07406479341218826, 
      0.8228015987181113
    ]
  }, 
  {
    "img": "/media/hdd/YCBvideo/YCB_Video_Dataset/YCB_Video_Dataset/data/0003/000009-label.png", 
    "mask": "/media/hdd/YCBvideo/YCB_Video_Dataset/Generated_YCB_Video_Dataset/mask/0003/000009-mask-01.png", 
    "depth_minmax": [
      0.525, 
      0.606
    ], 
    "model": "/media/hdd/YCBvideo/YCB_Video_Dataset/YCB_Video_Dataset/models/009_gelatin_box/textured.obj", 
    "rot_mat": [
      [
        -0.700634827666525, 
        0.71167769540635, 
        -0.05122912070119315
      ], 
      [
        0.35519162607418286, 
        0.28560792441226523, 
        -0.8900943170369167
      ], 
      [
        -0.6188287514286072, 
        -0.6418267490387705, 
        -0.452890114400069
      ]
    ], 
    "trans_mat": [
      0.05052582903150544, 
      0.0709147098981101, 
      0.5714634259091729
    ]
  }, 
  {
    "img": "/media/hdd/YCBvideo/YCB_Video_Dataset/YCB_Video_Dataset/data/0003/000009-label.png", 
    "mask": "/media/hdd/YCBvideo/YCB_Video_Dataset/Generated_YCB_Video_Dataset/mask/0003/000009-mask-00.png", 
    "depth_minmax": [
      0.675, 
      0.74
    ], 
    "model": "/media/hdd/YCBvideo/YCB_Video_Dataset/YCB_Video_Dataset/models/005_tomato_soup_can/textured.obj", 
    "rot_mat": [
      [
        0.277588392203376, 
        -0.9597025939549086, 
        -0.0437520877601654
      ], 
      [
        -0.45246175156440055, 
        -0.09042550384941468, 
        -0.8871871206950059
      ], 
      [
        0.8474800189150911, 
        0.26606885565531907, 
        -0.4593307971183834
      ]
    ], 
    "trans_mat": [
      0.052867269242173616, 
      -0.05003093305481584, 
      0.7225023919678716
    ]
  }, 
  {
    "img": "/media/hdd/YCBvideo/YCB_Video_Dataset/YCB_Video_Dataset/data/0003/000009-label.png", 
    "mask": "/media/hdd/YCBvideo/YCB_Video_Dataset/Generated_YCB_Video_Dataset/mask/0003/000009-mask-02.png", 
    "depth_minmax": [
      0.767, 
      0.846
    ], 
    "model": "/media/hdd/YCBvideo/YCB_Video_Dataset/YCB_Video_Dataset/models/025_mug/textured.obj", 
    "rot_mat": [
      [
        -0.9650334705978697, 
        -0.25195771391689553, 
        -0.07230021036698459
      ], 
      [
        -0.050757950579578555, 
        0.4502208382629276, 
        -0.891473837836166
      ], 
      [
        0.25716507684668444, 
        -0.8566311368612286, 
        -0.4472682350230854
      ]
    ], 
    "trans_mat": [
      -0.025709223997859444, 
      -0.07243828167854578, 
      0.8227895317003034
    ]
  }, 
  {
    "img": "/media/hdd/YCBvideo/YCB_Video_Dataset/YCB_Video_Dataset/data/0003/000010-label.png", 
    "mask": "/media/hdd/YCBvideo/YCB_Video_Dataset/Generated_YCB_Video_Dataset/mask/0003/000010-mask-01.png", 
    "depth_minmax": [
      0.524, 
      0.605
    ], 
    "model": "/media/hdd/YCBvideo/YCB_Video_Dataset/YCB_Video_Dataset/models/009_gelatin_box/textured.obj", 
    "rot_mat": [
      [
        -0.6974861478510042, 
        0.7152264710360302, 
        -0.044305476126397576
      ], 
      [
        0.3515485922337827, 
        0.28764190122274913, 
        -0.8908849492096191
      ], 
      [
        -0.6244409500940259, 
        -0.6369554893545516, 
        -0.45206329200931533
      ]
    ], 
    "trans_mat": [
      0.05068062466443327, 
      0.07351902851494298, 
      0.5712660287335982
    ]
  }, 
  {
    "img": "/media/hdd/YCBvideo/YCB_Video_Dataset/YCB_Video_Dataset/data/0003/000010-label.png", 
    "mask": "/media/hdd/YCBvideo/YCB_Video_Dataset/Generated_YCB_Video_Dataset/mask/0003/000010-mask-00.png", 
    "depth_minmax": [
      0.679, 
      0.74
    ], 
    "model": "/media/hdd/YCBvideo/YCB_Video_Dataset/YCB_Video_Dataset/models/005_tomato_soup_can/textured.obj", 
    "rot_mat": [
      [
        0.2731633724911656, 
        -0.9612631052286024, 
        -0.03679300912546321
      ], 
      [
        -0.4502282699609899, 
        -0.09395456296931322, 
        -0.8879559872659163
      ], 
      [
        0.8501038267218128, 
        0.25912233726799305, 
        -0.45845267967208114
      ]
    ], 
    "trans_mat": [
      0.05239755870742375, 
      -0.04721861560118763, 
      0.7224798296595141
    ]
  }, 
  {
    "img": "/media/hdd/YCBvideo/YCB_Video_Dataset/YCB_Video_Dataset/data/0003/000010-label.png", 
    "mask": "/media/hdd/YCBvideo/YCB_Video_Dataset/Generated_YCB_Video_Dataset/mask/0003/000010-mask-02.png", 
    "depth_minmax": [
      0.767, 
      0.846
    ], 
    "model": "/media/hdd/YCBvideo/YCB_Video_Dataset/YCB_Video_Dataset/models/025_mug/textured.obj", 
    "rot_mat": [
      [
        -0.9666881357661814, 
        -0.2474571943189945, 
        -0.0654116513760831
      ], 
      [
        -0.05432055610840057, 
        0.4480789770897623, 
        -0.8923422465606679
      ], 
      [
        0.2501265123366088, 
        -0.8590631375195694, 
        -0.44659473389743254
      ]
    ], 
    "trans_mat": [
      -0.026824149579761633, 
      -0.06981216474856318, 
      0.822216097134976
    ]
  }, 
  {
    "img": "/media/hdd/YCBvideo/YCB_Video_Dataset/YCB_Video_Dataset/data/0003/000011-label.png", 
    "mask": "/media/hdd/YCBvideo/YCB_Video_Dataset/Generated_YCB_Video_Dataset/mask/0003/000011-mask-01.png", 
    "depth_minmax": [
      0.524, 
      0.605
    ], 
    "model": "/media/hdd/YCBvideo/YCB_Video_Dataset/YCB_Video_Dataset/models/009_gelatin_box/textured.obj", 
    "rot_mat": [
      [
        -0.6967472807135078, 
        0.7158135520067411, 
        -0.04639935338789148
      ], 
      [
        0.35044708583824713, 
        0.2832456659675377, 
        -0.8927256701350197
      ], 
      [
        -0.6258828168544325, 
        -0.6382643385543015, 
        -0.4482058428055106
      ]
    ], 
    "trans_mat": [
      0.050625786679907574, 
      0.07495344891186463, 
      0.5707939573727028
    ]
  }, 
  {
    "img": "/media/hdd/YCBvideo/YCB_Video_Dataset/YCB_Video_Dataset/data/0003/000011-label.png", 
    "mask": "/media/hdd/YCBvideo/YCB_Video_Dataset/Generated_YCB_Video_Dataset/mask/0003/000011-mask-00.png", 
    "depth_minmax": [
      0.678, 
      0.738
    ], 
    "model": "/media/hdd/YCBvideo/YCB_Video_Dataset/YCB_Video_Dataset/models/005_tomato_soup_can/textured.obj", 
    "rot_mat": [
      [
        0.2722243739595341, 
        -0.9614472342249342, 
        -0.03888089821550129
      ], 
      [
        -0.44717709496467495, 
        -0.09062840779190773, 
        -0.8898415833228471
      ], 
      [
        0.8520127797924683, 
        0.25962310244787884, 
        -0.45460858225294715
      ]
    ], 
    "trans_mat": [
      0.05208256285101567, 
      -0.04513343034194617, 
      0.7225276821912916
    ]
  }, 
  {
    "img": "/media/hdd/YCBvideo/YCB_Video_Dataset/YCB_Video_Dataset/data/0003/000011-label.png", 
    "mask": "/media/hdd/YCBvideo/YCB_Video_Dataset/Generated_YCB_Video_Dataset/mask/0003/000011-mask-02.png", 
    "depth_minmax": [
      0.762, 
      0.842
    ], 
    "model": "/media/hdd/YCBvideo/YCB_Video_Dataset/YCB_Video_Dataset/models/025_mug/textured.obj", 
    "rot_mat": [
      [
        -0.9667823297159764, 
        -0.24652419193658465, 
        -0.06750820673918319
      ], 
      [
        -0.05102128852745917, 
        0.44493014004648723, 
        -0.8941108976617842
      ], 
      [
        0.2504566999616658, 
        -0.8609653235646415, 
        -0.4427289036699228
      ]
    ], 
    "trans_mat": [
      -0.027179668066300573, 
      -0.06711406267326366, 
      0.8223686060786576
    ]
  }, 
  {
    "img": "/media/hdd/YCBvideo/YCB_Video_Dataset/YCB_Video_Dataset/data/0003/000012-label.png", 
    "mask": "/media/hdd/YCBvideo/YCB_Video_Dataset/Generated_YCB_Video_Dataset/mask/0003/000012-mask-01.png", 
    "depth_minmax": [
      0.522, 
      0.605
    ], 
    "model": "/media/hdd/YCBvideo/YCB_Video_Dataset/YCB_Video_Dataset/models/009_gelatin_box/textured.obj", 
    "rot_mat": [
      [
        -0.6968224815225237, 
        0.7157062203692887, 
        -0.04692181494045911
      ], 
      [
        0.3497762185156099, 
        0.28197653731818045, 
        -0.8933907570649461
      ], 
      [
        -0.6261747287159036, 
        -0.6389466351922254, 
        -0.4468253707320204
      ]
    ], 
    "trans_mat": [
      0.050922100918122264, 
      0.07627156383974265, 
      0.5700707676903821
    ]
  }, 
  {
    "img": "/media/hdd/YCBvideo/YCB_Video_Dataset/YCB_Video_Dataset/data/0003/000012-label.png", 
    "mask": "/media/hdd/YCBvideo/YCB_Video_Dataset/Generated_YCB_Video_Dataset/mask/0003/000012-mask-00.png", 
    "depth_minmax": [
      0.677, 
      0.739
    ], 
    "model": "/media/hdd/YCBvideo/YCB_Video_Dataset/YCB_Video_Dataset/models/005_tomato_soup_can/textured.obj", 
    "rot_mat": [
      [
        0.27233911722701215, 
        -0.9613933752615964, 
        -0.03940441903120048
      ], 
      [
        -0.4459864859987237, 
        -0.0898372595907352, 
        -0.8905195400842638
      ], 
      [
        0.8526005504471268, 
        0.2600970399120618, 
        -0.45323513779648456
      ]
    ], 
    "trans_mat": [
      0.05238274994309438, 
      -0.04358395982278935, 
      0.7219873865513573
    ]
  }, 
  {
    "img": "/media/hdd/YCBvideo/YCB_Video_Dataset/YCB_Video_Dataset/data/0003/000012-label.png", 
    "mask": "/media/hdd/YCBvideo/YCB_Video_Dataset/Generated_YCB_Video_Dataset/mask/0003/000012-mask-02.png", 
    "depth_minmax": [
      0.765, 
      0.836
    ], 
    "model": "/media/hdd/YCBvideo/YCB_Video_Dataset/YCB_Video_Dataset/models/025_mug/textured.obj", 
    "rot_mat": [
      [
        -0.9667154501889978, 
        -0.246642991708965, 
        -0.06802931619405757
      ], 
      [
        -0.05024199169473283, 
        0.4437153116928238, 
        -0.8947589562059624
      ], 
      [
        0.2508719874326751, 
        -0.8615586270703126, 
        -0.4413389497486836
      ]
    ], 
    "trans_mat": [
      -0.026853551659606952, 
      -0.06537950319875149, 
      0.8218895083700073
    ]
  }, 
  {
    "img": "/media/hdd/YCBvideo/YCB_Video_Dataset/YCB_Video_Dataset/data/0003/000013-label.png", 
    "mask": "/media/hdd/YCBvideo/YCB_Video_Dataset/Generated_YCB_Video_Dataset/mask/0003/000013-mask-01.png", 
    "depth_minmax": [
      0.522, 
      0.604
    ], 
    "model": "/media/hdd/YCBvideo/YCB_Video_Dataset/YCB_Video_Dataset/models/009_gelatin_box/textured.obj", 
    "rot_mat": [
      [
        -0.6981067920626474, 
        0.714419765317957, 
        -0.04744561118670435
      ], 
      [
        0.34896327102607155, 
        0.2816354341823863, 
        -0.8938159643885312
      ], 
      [
        -0.6251973951297604, 
        -0.6405352741311804, 
        -0.44591759442819556
      ]
    ], 
    "trans_mat": [
      0.05196127180418974, 
      0.07650380800137206, 
      0.5693022883305207
    ]
  }, 
  {
    "img": "/media/hdd/YCBvideo/YCB_Video_Dataset/YCB_Video_Dataset/data/0003/000013-label.png", 
    "mask": "/media/hdd/YCBvideo/YCB_Video_Dataset/Generated_YCB_Video_Dataset/mask/0003/000013-mask-00.png", 
    "depth_minmax": [
      0.678, 
      0.739
    ], 
    "model": "/media/hdd/YCBvideo/YCB_Video_Dataset/YCB_Video_Dataset/models/005_tomato_soup_can/textured.obj", 
    "rot_mat": [
      [
        0.2740782423923051, 
        -0.960877467014141, 
        -0.03994113572834552
      ], 
      [
        -0.44511114735220886, 
        -0.0899277819604564, 
        -0.8909480537455312
      ], 
      [
        0.8525006804211854, 
        0.26196756073623073, 
        -0.4523439654626718
      ]
    ], 
    "trans_mat": [
      0.05374575035183638, 
      -0.043211831405396965, 
      0.721325723825906
    ]
  }, 
  {
    "img": "/media/hdd/YCBvideo/YCB_Video_Dataset/YCB_Video_Dataset/data/0003/000013-label.png", 
    "mask": "/media/hdd/YCBvideo/YCB_Video_Dataset/Generated_YCB_Video_Dataset/mask/0003/000013-mask-02.png", 
    "depth_minmax": [
      0.767, 
      0.846
    ], 
    "model": "/media/hdd/YCBvideo/YCB_Video_Dataset/YCB_Video_Dataset/models/025_mug/textured.obj", 
    "rot_mat": [
      [
        -0.9662303176249888, 
        -0.2483980306876873, 
        -0.06854241023020675
      ], 
      [
        -0.0503428210892373, 
        0.4428405559380686, 
        -0.8951863567964742
      ], 
      [
        0.2527161209198181, 
        -0.8615044621827137, 
        -0.44039065948344236
      ]
    ], 
    "trans_mat": [
      -0.02529711697652952, 
      -0.06494287429220355, 
      0.8213950095149888
    ]
  }, 
  {
    "img": "/media/hdd/YCBvideo/YCB_Video_Dataset/YCB_Video_Dataset/data/0003/000014-label.png", 
    "mask": "/media/hdd/YCBvideo/YCB_Video_Dataset/Generated_YCB_Video_Dataset/mask/0003/000014-mask-01.png", 
    "depth_minmax": [
      0.522, 
      0.604
    ], 
    "model": "/media/hdd/YCBvideo/YCB_Video_Dataset/YCB_Video_Dataset/models/009_gelatin_box/textured.obj", 
    "rot_mat": [
      [
        -0.6996404875145315, 
        0.7128831066710081, 
        -0.047956994243361264
      ], 
      [
        0.34900672162507396, 
        0.2824123636918261, 
        -0.8935540137850289
      ], 
      [
        -0.6234556951630704, 
        -0.6419031507827246, 
        -0.44638913814925807
      ]
    ], 
    "trans_mat": [
      0.05338522766958557, 
      0.07666047273925604, 
      0.5686729933421979
    ]
  }, 
  {
    "img": "/media/hdd/YCBvideo/YCB_Video_Dataset/YCB_Video_Dataset/data/0003/000014-label.png", 
    "mask": "/media/hdd/YCBvideo/YCB_Video_Dataset/Generated_YCB_Video_Dataset/mask/0003/000014-mask-00.png", 
    "depth_minmax": [
      0.678, 
      0.735
    ], 
    "model": "/media/hdd/YCBvideo/YCB_Video_Dataset/YCB_Video_Dataset/models/005_tomato_soup_can/textured.obj", 
    "rot_mat": [
      [
        0.2761557949698327, 
        -0.9602599824056773, 
        -0.04046795838143212
      ], 
      [
        -0.4455176524301964, 
        -0.09058810260408623, 
        -0.890678135801801
      ], 
      [
        0.8516169631476437, 
        0.2639948332476877, 
        -0.45282993677132044
      ]
    ], 
    "trans_mat": [
      0.055560934066128796, 
      -0.04315177507340912, 
      0.720615081593152
    ]
  }, 
  {
    "img": "/media/hdd/YCBvideo/YCB_Video_Dataset/YCB_Video_Dataset/data/0003/000014-label.png", 
    "mask": "/media/hdd/YCBvideo/YCB_Video_Dataset/Generated_YCB_Video_Dataset/mask/0003/000014-mask-02.png", 
    "depth_minmax": [
      0.765, 
      0.836
    ], 
    "model": "/media/hdd/YCBvideo/YCB_Video_Dataset/YCB_Video_Dataset/models/025_mug/textured.obj", 
    "rot_mat": [
      [
        -0.9656531280641873, 
        -0.2504940458747661, 
        -0.06904103254499877
      ], 
      [
        -0.05099995442354628, 
        0.4432659942139489, 
        -0.8949387599217014
      ], 
      [
        0.25478052944246665, 
        -0.8606779305775124, 
        -0.4408173033198968
      ]
    ], 
    "trans_mat": [
      -0.02325333514781111, 
      -0.06498751443321374, 
      0.8208417086065734
    ]
  }, 
  {
    "img": "/media/hdd/YCBvideo/YCB_Video_Dataset/YCB_Video_Dataset/data/0003/000015-label.png", 
    "mask": "/media/hdd/YCBvideo/YCB_Video_Dataset/Generated_YCB_Video_Dataset/mask/0003/000015-mask-01.png", 
    "depth_minmax": [
      0.521, 
      0.603
    ], 
    "model": "/media/hdd/YCBvideo/YCB_Video_Dataset/YCB_Video_Dataset/models/009_gelatin_box/textured.obj", 
    "rot_mat": [
      [
        -0.7004305540101434, 
        0.7120267853429386, 
        -0.04913936447232467
      ], 
      [
        0.3483200667535779, 
        0.28092923017824284, 
        -0.8942892153308056
      ], 
      [
        -0.6229531953318361, 
        -0.6435033418247543, 
        -0.44478477744056527
      ]
    ], 
    "trans_mat": [
      0.05348482970943059, 
      0.077381646636673, 
      0.5682253897170264
    ]
  }, 
  {
    "img": "/media/hdd/YCBvideo/YCB_Video_Dataset/YCB_Video_Dataset/data/0003/000015-label.png", 
    "mask": "/media/hdd/YCBvideo/YCB_Video_Dataset/Generated_YCB_Video_Dataset/mask/0003/000015-mask-00.png", 
    "depth_minmax": [
      0.675, 
      0.739
    ], 
    "model": "/media/hdd/YCBvideo/YCB_Video_Dataset/YCB_Video_Dataset/models/005_tomato_soup_can/textured.obj", 
    "rot_mat": [
      [
        0.2772524916585604, 
        -0.9598933673500941, 
        -0.04165889846416389
      ], 
      [
        -0.444211702800428, 
        -0.08961686721671333, 
        -0.8914284010472266
      ], 
      [
        0.8519435448312781, 
        0.26565604432529927, 
        -0.4512422316845016
      ]
    ], 
    "trans_mat": [
      0.05583451863799196, 
      -0.042172027748577354, 
      0.7203686096869163
    ]
  }, 
  {
    "img": "/media/hdd/YCBvideo/YCB_Video_Dataset/YCB_Video_Dataset/data/0003/000015-label.png", 
    "mask": "/media/hdd/YCBvideo/YCB_Video_Dataset/Generated_YCB_Video_Dataset/mask/0003/000015-mask-02.png", 
    "depth_minmax": [
      0.764, 
      0.84
    ], 
    "model": "/media/hdd/YCBvideo/YCB_Video_Dataset/YCB_Video_Dataset/models/025_mug/textured.obj", 
    "rot_mat": [
      [
        -0.9652796390811761, 
        -0.2516062076354042, 
        -0.0702153801192724
      ], 
      [
        -0.050041600695189696, 
        0.44193066989391167, 
        -0.8956530210649383
      ], 
      [
        0.25638252438623554, 
        -0.8610409109175414, 
        -0.4391775009177361
      ]
    ], 
    "trans_mat": [
      -0.022834080251896614, 
      -0.06379382614872268, 
      0.8207560294808872
    ]
  }, 
  {
    "img": "/media/hdd/YCBvideo/YCB_Video_Dataset/YCB_Video_Dataset/data/0003/000016-label.png", 
    "mask": "/media/hdd/YCBvideo/YCB_Video_Dataset/Generated_YCB_Video_Dataset/mask/0003/000016-mask-01.png", 
    "depth_minmax": [
      0.522, 
      0.603
    ], 
    "model": "/media/hdd/YCBvideo/YCB_Video_Dataset/YCB_Video_Dataset/models/009_gelatin_box/textured.obj", 
    "rot_mat": [
      [
        -0.7006657445626236, 
        0.711367001038917, 
        -0.054999635534592445
      ], 
      [
        0.3501595982453026, 
        0.2756793780959015, 
        -0.895203817874507
      ], 
      [
        -0.621656324274585, 
        -0.6464967718756537, 
        -0.4422517928026773
      ]
    ], 
    "trans_mat": [
      0.05327795565469367, 
      0.07780740084176391, 
      0.5676713652680732
    ]
  }, 
  {
    "img": "/media/hdd/YCBvideo/YCB_Video_Dataset/YCB_Video_Dataset/data/0003/000016-label.png", 
    "mask": "/media/hdd/YCBvideo/YCB_Video_Dataset/Generated_YCB_Video_Dataset/mask/0003/000016-mask-00.png", 
    "depth_minmax": [
      0.677, 
      0.734
    ], 
    "model": "/media/hdd/YCBvideo/YCB_Video_Dataset/YCB_Video_Dataset/models/005_tomato_soup_can/textured.obj", 
    "rot_mat": [
      [
        0.27774564278252145, 
        -0.9594785217184686, 
        -0.04752558852264163
      ], 
      [
        -0.44333725602215573, 
        -0.08413254540895446, 
        -0.8923973564651435
      ], 
      [
        0.8522383622541383, 
        0.2689290711317674, 
        -0.4487404576777017
      ]
    ], 
    "trans_mat": [
      0.055516461448476766, 
      -0.04135451541548884, 
      0.7201232439812757
    ]
  }, 
  {
    "img": "/media/hdd/YCBvideo/YCB_Video_Dataset/YCB_Video_Dataset/data/0003/000016-label.png", 
    "mask": "/media/hdd/YCBvideo/YCB_Video_Dataset/Generated_YCB_Video_Dataset/mask/0003/000016-mask-02.png", 
    "depth_minmax": [
      0.762, 
      0.835
    ], 
    "model": "/media/hdd/YCBvideo/YCB_Video_Dataset/YCB_Video_Dataset/models/025_mug/textured.obj", 
    "rot_mat": [
      [
        -0.9646973419604132, 
        -0.25214004967657067, 
        -0.07606425616879467
      ], 
      [
        -0.04455556117692609, 
        0.4409044921812455, 
        -0.8964478116754103
      ], 
      [
        0.25956762114940174, 
        -0.8614107495492358, 
        -0.4365742527627856
      ]
    ], 
    "trans_mat": [
      -0.02293933442646487, 
      -0.0623191338543398, 
      0.8208161566614643
    ]
  }, 
  {
    "img": "/media/hdd/YCBvideo/YCB_Video_Dataset/YCB_Video_Dataset/data/0003/000017-label.png", 
    "mask": "/media/hdd/YCBvideo/YCB_Video_Dataset/Generated_YCB_Video_Dataset/mask/0003/000017-mask-01.png", 
    "depth_minmax": [
      0.521, 
      0.602
    ], 
    "model": "/media/hdd/YCBvideo/YCB_Video_Dataset/YCB_Video_Dataset/models/009_gelatin_box/textured.obj", 
    "rot_mat": [
      [
        -0.6996356582493815, 
        0.7125987615175449, 
        -0.0520742715155061
      ], 
      [
        0.34796101968874693, 
        0.2761608557062751, 
        -0.8959128853393179
      ], 
      [
        -0.6240455316231228, 
        -0.6449318888957891, 
        -0.44116826953682076
      ]
    ], 
    "trans_mat": [
      0.05349139538099073, 
      0.07803426577512157, 
      0.5672940776461385
    ]
  }, 
  {
    "img": "/media/hdd/YCBvideo/YCB_Video_Dataset/YCB_Video_Dataset/data/0003/000017-label.png", 
