[
  {
    "img": "/media/hdd/YCBvideo/YCB_Video_Dataset/YCB_Video_Dataset/data/0004/000001-label.png", 
    "mask": "/media/hdd/YCBvideo/YCB_Video_Dataset/Generated_YCB_Video_Dataset/mask/0004/000001-mask-00.png", 
    "depth_minmax": [
      0.683, 
      0.766
    ], 
    "model": "/media/hdd/YCBvideo/YCB_Video_Dataset/YCB_Video_Dataset/models/008_pudding_box/textured.obj", 
    "rot_mat": [
      [
        0.7675023547484879, 
        0.4019134168905152, 
        -0.49940543385122876
      ], 
      [
        0.5856657335510834, 
        -0.7563806344458294, 
        0.2913478286488149
      ], 
      [
        -0.26064355583378096, 
        -0.5160948403104639, 
        -0.8159113760554643
      ]
    ], 
    "trans_mat": [
      0.0563758333339675, 
      0.09701011892587762, 
      0.7313381232152383
    ]
  }, 
  {
    "img": "/media/hdd/YCBvideo/YCB_Video_Dataset/YCB_Video_Dataset/data/0004/000002-label.png", 
    "mask": "/media/hdd/YCBvideo/YCB_Video_Dataset/Generated_YCB_Video_Dataset/mask/0004/000002-mask-00.png", 
    "depth_minmax": [
      0.681, 
      0.766
    ], 
    "model": "/media/hdd/YCBvideo/YCB_Video_Dataset/YCB_Video_Dataset/models/008_pudding_box/textured.obj", 
    "rot_mat": [
      [
        0.7672518010781284, 
        0.4027978846493085, 
        -0.49907702555085093
      ], 
      [
        0.5861751457758712, 
        -0.7561778066883597, 
        0.29085245508101554
      ], 
      [
        -0.26023566003239446, 
        -0.5157041417087314, 
        -0.8162892559326692
      ]
    ], 
    "trans_mat": [
      0.05654445073985059, 
      0.09750476036393502, 
      0.7313392453083284
    ]
  }, 
  {
    "img": "/media/hdd/YCBvideo/YCB_Video_Dataset/YCB_Video_Dataset/data/0004/000003-label.png", 
    "mask": "/media/hdd/YCBvideo/YCB_Video_Dataset/Generated_YCB_Video_Dataset/mask/0004/000003-mask-00.png", 
    "depth_minmax": [
      0.681, 
      0.766
    ], 
    "model": "/media/hdd/YCBvideo/YCB_Video_Dataset/YCB_Video_Dataset/models/008_pudding_box/textured.obj", 
    "rot_mat": [
      [
        0.7679476654883459, 
        0.40156880338862055, 
        -0.49899744016641706
      ], 
      [
        0.5850539406040758, 
        -0.7568773058628572, 
        0.2912901930986605
      ], 
      [
        -0.2607066615191707, 
        -0.5156359336950743, 
        -0.8161815696721183
      ]
    ], 
    "trans_mat": [
      0.05672017432316397, 
      0.09788859186466427, 
      0.731380796802546
    ]
  }, 
  {
    "img": "/media/hdd/YCBvideo/YCB_Video_Dataset/YCB_Video_Dataset/data/0004/000004-label.png", 
    "mask": "/media/hdd/YCBvideo/YCB_Video_Dataset/Generated_YCB_Video_Dataset/mask/0004/000004-mask-00.png", 
    "depth_minmax": [
      0.683, 
      0.766
    ], 
    "model": "/media/hdd/YCBvideo/YCB_Video_Dataset/YCB_Video_Dataset/models/008_pudding_box/textured.obj", 
    "rot_mat": [
      [
        0.7683260002253894, 
        0.4007364898493456, 
        -0.49908523578886776
      ], 
      [
        0.5842296580846104, 
        -0.7575836579000959, 
        0.2911067099424274
      ], 
      [
        -0.26144132768596084, 
        -0.5152446081305448, 
        -0.8161935608414402
      ]
    ], 
    "trans_mat": [
      0.05639353561957735, 
      0.09834447564759842, 
      0.731493021718332
    ]
  }, 
  {
    "img": "/media/hdd/YCBvideo/YCB_Video_Dataset/YCB_Video_Dataset/data/0004/000005-label.png", 
    "mask": "/media/hdd/YCBvideo/YCB_Video_Dataset/Generated_YCB_Video_Dataset/mask/0004/000005-mask-00.png", 
    "depth_minmax": [
      0.682, 
      0.766
    ], 
    "model": "/media/hdd/YCBvideo/YCB_Video_Dataset/YCB_Video_Dataset/models/008_pudding_box/textured.obj", 
    "rot_mat": [
      [
        0.7694560603417712, 
        0.40019419614537327, 
        -0.4977781327516485
      ], 
      [
        0.58327598750465, 
        -0.7578428858972835, 
        0.29234173965058935
      ], 
      [
        -0.26024333987026715, 
        -0.5152854902740579, 
        -0.8165496559485432
      ]
    ], 
    "trans_mat": [
      0.056502334920467655, 
      0.09873732953676961, 
      0.7317123952963709
    ]
  }, 
  {
    "img": "/media/hdd/YCBvideo/YCB_Video_Dataset/YCB_Video_Dataset/data/0004/000006-label.png", 
    "mask": "/media/hdd/YCBvideo/YCB_Video_Dataset/Generated_YCB_Video_Dataset/mask/0004/000006-mask-00.png", 
    "depth_minmax": [
      0.684, 
      0.766
    ], 
    "model": "/media/hdd/YCBvideo/YCB_Video_Dataset/YCB_Video_Dataset/models/008_pudding_box/textured.obj", 
    "rot_mat": [
      [
        0.7690490174198444, 
        0.4003176987985954, 
        -0.4983056902281674
      ], 
      [
        0.5836504077121113, 
        -0.7576471858263801, 
        0.29210266386797984
      ], 
      [
        -0.2606054524231058, 
        -0.5154775341826393, 
        -0.8163139741049421
      ]
    ], 
    "trans_mat": [
      0.05653053516648363, 
      0.09784088752330276, 
      0.7319598740207128
    ]
  }, 
  {
    "img": "/media/hdd/YCBvideo/YCB_Video_Dataset/YCB_Video_Dataset/data/0004/000007-label.png", 
    "mask": "/media/hdd/YCBvideo/YCB_Video_Dataset/Generated_YCB_Video_Dataset/mask/0004/000007-mask-00.png", 
    "depth_minmax": [
      0.684, 
      0.766
    ], 
    "model": "/media/hdd/YCBvideo/YCB_Video_Dataset/YCB_Video_Dataset/models/008_pudding_box/textured.obj", 
    "rot_mat": [
      [
        0.7674669267198161, 
        0.40121482193093744, 
        -0.5000212555470365
      ], 
      [
        0.5854197944101537, 
        -0.756503135088472, 
        0.2915281868495702
      ], 
      [
        -0.2613022442884302, 
        -0.51645991000264, 
        -0.8154695283242788
      ]
    ], 
    "trans_mat": [
      0.05589330322282978, 
      0.0976057044086138, 
      0.7322153630266947
    ]
  }, 
  {
    "img": "/media/hdd/YCBvideo/YCB_Video_Dataset/YCB_Video_Dataset/data/0004/000008-label.png", 
    "mask": "/media/hdd/YCBvideo/YCB_Video_Dataset/Generated_YCB_Video_Dataset/mask/0004/000008-mask-00.png", 
    "depth_minmax": [
      0.683, 
      0.766
    ], 
    "model": "/media/hdd/YCBvideo/YCB_Video_Dataset/YCB_Video_Dataset/models/008_pudding_box/textured.obj", 
    "rot_mat": [
      [
        0.7693578600634589, 
        0.3993857024762786, 
        -0.49857736863672303
      ], 
      [
        0.5826990035575483, 
        -0.7586215695829233, 
        0.2914724714250221
      ], 
      [
        -0.2618212091630757, 
        -0.5147667618104499, 
        -0.816373229444365
      ]
    ], 
    "trans_mat": [
      0.05485868279767633, 
      0.09924676338490573, 
      0.7323023712426706
    ]
  }, 
  {
    "img": "/media/hdd/YCBvideo/YCB_Video_Dataset/YCB_Video_Dataset/data/0004/000009-label.png", 
    "mask": "/media/hdd/YCBvideo/YCB_Video_Dataset/Generated_YCB_Video_Dataset/mask/0004/000009-mask-00.png", 
    "depth_minmax": [
      0.684, 
      0.771
    ], 
    "model": "/media/hdd/YCBvideo/YCB_Video_Dataset/YCB_Video_Dataset/models/008_pudding_box/textured.obj", 
    "rot_mat": [
      [
        0.7696777616257783, 
        0.39970896989627286, 
        -0.49782395488497966
      ], 
      [
        0.5822816590064737, 
        -0.7592625984847726, 
        0.29063672665359763
      ], 
      [
        -0.2618083746948618, 
        -0.5135698944683841, 
        -0.8171304559524175
      ]
    ], 
    "trans_mat": [
      0.05320485873004791, 
      0.10154514997136418, 
      0.732615205856513
    ]
  }, 
  {
    "img": "/media/hdd/YCBvideo/YCB_Video_Dataset/YCB_Video_Dataset/data/0004/000010-label.png", 
    "mask": "/media/hdd/YCBvideo/YCB_Video_Dataset/Generated_YCB_Video_Dataset/mask/0004/000010-mask-00.png", 
    "depth_minmax": [
      0.684, 
      0.767
    ], 
    "model": "/media/hdd/YCBvideo/YCB_Video_Dataset/YCB_Video_Dataset/models/008_pudding_box/textured.obj", 
    "rot_mat": [
      [
        0.7711015173895926, 
        0.3983413378018059, 
        -0.4967155601123766
      ], 
      [
        0.5799891054378103, 
        -0.7613206480019921, 
        0.2898341520994268
      ], 
      [
        -0.2627063622917726, 
        -0.5115815398093188, 
        -0.8180886537736044
      ]
    ], 
    "trans_mat": [
      0.05276911133831821, 
      0.10283279373031455, 
      0.7325335952067259
    ]
  }, 
  {
    "img": "/media/hdd/YCBvideo/YCB_Video_Dataset/YCB_Video_Dataset/data/0004/000011-label.png", 
    "mask": "/media/hdd/YCBvideo/YCB_Video_Dataset/Generated_YCB_Video_Dataset/mask/0004/000011-mask-00.png", 
    "depth_minmax": [
      0.684, 
      0.767
    ], 
    "model": "/media/hdd/YCBvideo/YCB_Video_Dataset/YCB_Video_Dataset/models/008_pudding_box/textured.obj", 
    "rot_mat": [
      [
        0.770378459484559, 
        0.3994908916737762, 
        -0.4969142552642154
      ], 
      [
        0.5812705827684705, 
        -0.760314668686837, 
        0.2899080973437757
      ], 
      [
        -0.2619955467516475, 
        -0.5121804732010128, 
        -0.8179422118600896
      ]
    ], 
    "trans_mat": [
      0.053118561041818634, 
      0.10370104545806577, 
      0.7326305028580411
    ]
  }, 
  {
    "img": "/media/hdd/YCBvideo/YCB_Video_Dataset/YCB_Video_Dataset/data/0004/000012-label.png", 
    "mask": "/media/hdd/YCBvideo/YCB_Video_Dataset/Generated_YCB_Video_Dataset/mask/0004/000012-mask-00.png", 
    "depth_minmax": [
      0.684, 
      0.767
    ], 
    "model": "/media/hdd/YCBvideo/YCB_Video_Dataset/YCB_Video_Dataset/models/008_pudding_box/textured.obj", 
    "rot_mat": [
      [
        0.7703892411180959, 
        0.39892368898273306, 
        -0.4973539908974019
      ], 
      [
        0.5809073232843776, 
        -0.7606814026494974, 
        0.28967447775936317
      ], 
      [
        -0.2627694252822098, 
        -0.5120785605271706, 
        -0.8177582264727059
      ]
    ], 
    "trans_mat": [
      0.05257066609570309, 
      0.10283807970293984, 
      0.7325670518014503
    ]
  }, 
  {
    "img": "/media/hdd/YCBvideo/YCB_Video_Dataset/YCB_Video_Dataset/data/0004/000013-label.png", 
    "mask": "/media/hdd/YCBvideo/YCB_Video_Dataset/Generated_YCB_Video_Dataset/mask/0004/000013-mask-00.png", 
    "depth_minmax": [
      0.684, 
      0.767
    ], 
    "model": "/media/hdd/YCBvideo/YCB_Video_Dataset/YCB_Video_Dataset/models/008_pudding_box/textured.obj", 
    "rot_mat": [
      [
        0.7699269676744043, 
        0.40015403125369226, 
        -0.4970812006060335
      ], 
      [
        0.582379163538408, 
        -0.7590461363508103, 
        0.29100737795762976
      ], 
      [
        -0.2608598521359639, 
        -0.5135436577771393, 
        -0.8174511922909624
      ]
    ], 
    "trans_mat": [
      0.052263906692684346, 
      0.10188937238436999, 
      0.7326706418715607
    ]
  }, 
  {
    "img": "/media/hdd/YCBvideo/YCB_Video_Dataset/YCB_Video_Dataset/data/0004/000014-label.png", 
    "mask": "/media/hdd/YCBvideo/YCB_Video_Dataset/Generated_YCB_Video_Dataset/mask/0004/000014-mask-00.png", 
    "depth_minmax": [
      0.684, 
      0.767
    ], 
    "model": "/media/hdd/YCBvideo/YCB_Video_Dataset/YCB_Video_Dataset/models/008_pudding_box/textured.obj", 
    "rot_mat": [
      [
        0.768958464647056, 
        0.40106205630553254, 
        -0.49784715027231563
      ], 
      [
        0.5836049464377253, 
        -0.7582777576287518, 
        0.2905545508294278
      ], 
      [
        -0.260975861604084, 
        -0.513969764122806, 
        -0.8171453075677086
      ]
    ], 
    "trans_mat": [
      0.05214192414097429, 
      0.10153080980044048, 
      0.7326567414141255
    ]
  }, 
  {
    "img": "/media/hdd/YCBvideo/YCB_Video_Dataset/YCB_Video_Dataset/data/0004/000015-label.png", 
    "mask": "/media/hdd/YCBvideo/YCB_Video_Dataset/Generated_YCB_Video_Dataset/mask/0004/000015-mask-00.png", 
    "depth_minmax": [
      0.684, 
      0.767
    ], 
    "model": "/media/hdd/YCBvideo/YCB_Video_Dataset/YCB_Video_Dataset/models/008_pudding_box/textured.obj", 
    "rot_mat": [
      [
        0.769418696648683, 
        0.3998562628309309, 
        -0.49810693419135416
      ], 
      [
        0.5828177459552243, 
        -0.7585926393234346, 
        0.2913100614430158
      ], 
      [
        -0.2613776744119706, 
        -0.5144442933548129, 
        -0.8167185013411113
      ]
    ], 
    "trans_mat": [
      0.05160534746243114, 
      0.10121581076109681, 
      0.7327466182042984
    ]
  }, 
  {
    "img": "/media/hdd/YCBvideo/YCB_Video_Dataset/YCB_Video_Dataset/data/0004/000016-label.png", 
    "mask": "/media/hdd/YCBvideo/YCB_Video_Dataset/Generated_YCB_Video_Dataset/mask/0004/000016-mask-00.png", 
    "depth_minmax": [
      0.684, 
      0.768
    ], 
    "model": "/media/hdd/YCBvideo/YCB_Video_Dataset/YCB_Video_Dataset/models/008_pudding_box/textured.obj", 
    "rot_mat": [
      [
        0.7706478622057722, 
        0.39923796235447095, 
        -0.4966993891956436
      ], 
      [
        0.5815359216109304, 
        -0.7593352587135942, 
        0.2919358975190328
      ], 
      [
        -0.26060962238776203, 
        -0.5138284529506899, 
        -0.8173515729420852
      ]
    ], 
    "trans_mat": [
      0.05139773459185518, 
      0.09908156165726463, 
      0.7327637163910976
    ]
  }, 
  {
    "img": "/media/hdd/YCBvideo/YCB_Video_Dataset/YCB_Video_Dataset/data/0004/000017-label.png", 
    "mask": "/media/hdd/YCBvideo/YCB_Video_Dataset/Generated_YCB_Video_Dataset/mask/0004/000017-mask-00.png", 
    "depth_minmax": [
      0.684, 
      0.768
    ], 
    "model": "/media/hdd/YCBvideo/YCB_Video_Dataset/YCB_Video_Dataset/models/008_pudding_box/textured.obj", 
    "rot_mat": [
      [
        0.768245574835229, 
        0.40237170103915454, 
        -0.49789111055611285
      ], 
      [
        0.5855754516903242, 
        -0.7559656393703015, 
        0.2926072707086029
      ], 
      [
        -0.2586509778049791, 
        -0.5163462464114761, 
        -0.8163868429455926
      ]
    ], 
    "trans_mat": [
      0.051028023507749966, 
      0.09532042054192179, 
      0.7331001055969014
    ]
  }, 
  {
    "img": "/media/hdd/YCBvideo/YCB_Video_Dataset/YCB_Video_Dataset/data/0004/000018-label.png", 
    "mask": "/media/hdd/YCBvideo/YCB_Video_Dataset/Generated_YCB_Video_Dataset/mask/0004/000018-mask-00.png", 
    "depth_minmax": [
      0.685, 
      0.769
    ], 
    "model": "/media/hdd/YCBvideo/YCB_Video_Dataset/YCB_Video_Dataset/models/008_pudding_box/textured.obj", 
    "rot_mat": [
      [
        0.7664512188031859, 
        0.40390216464401624, 
        -0.4994152972923973
      ], 
      [
        0.5886412230957332, 
        -0.7528277267601808, 
        0.29453694020837207
      ], 
      [
        -0.25700891913911866, 
        -0.5197248307415221, 
        -0.8147593172939739
      ]
    ], 
    "trans_mat": [
      0.05039932422724274, 
      0.09197614505184107, 
      0.7335344523907303
    ]
  }, 
  {
    "img": "/media/hdd/YCBvideo/YCB_Video_Dataset/YCB_Video_Dataset/data/0004/000019-label.png", 
    "mask": "/media/hdd/YCBvideo/YCB_Video_Dataset/Generated_YCB_Video_Dataset/mask/0004/000019-mask-00.png", 
    "depth_minmax": [
      0.685, 
      0.769
    ], 
    "model": "/media/hdd/YCBvideo/YCB_Video_Dataset/YCB_Video_Dataset/models/008_pudding_box/textured.obj", 
    "rot_mat": [
      [
        0.7660935648040165, 
        0.4039780191835564, 
        -0.49990268187638776
      ], 
      [
        0.5895985606776938, 
        -0.751359511274416, 
        0.29636775583098646
      ], 
      [
        -0.25588008527661393, 
        -0.5217866648100205, 
        -0.8137964714854728
      ]
    ], 
    "trans_mat": [
      0.04921329320173754, 
      0.09031069706357236, 
      0.7338337950509929
    ]
  }, 
  {
    "img": "/media/hdd/YCBvideo/YCB_Video_Dataset/YCB_Video_Dataset/data/0004/000020-label.png", 
    "mask": "/media/hdd/YCBvideo/YCB_Video_Dataset/Generated_YCB_Video_Dataset/mask/0004/000020-mask-00.png", 
    "depth_minmax": [
      0.685, 
      0.768
    ], 
    "model": "/media/hdd/YCBvideo/YCB_Video_Dataset/YCB_Video_Dataset/models/008_pudding_box/textured.obj", 
    "rot_mat": [
      [
        0.76733259849715, 
        0.40363014182071694, 
        -0.49828105741652273
      ], 
      [
        0.5881098750997863, 
        -0.7526874077678696, 
        0.29595445476748555
      ], 
      [
        -0.2555931781675726, 
        -0.520139021581095, 
        -0.8149407070201994
      ]
    ], 
    "trans_mat": [
      0.04792012500344955, 
      0.08964831357333487, 
      0.7338305887724558
    ]
  }, 
  {
    "img": "/media/hdd/YCBvideo/YCB_Video_Dataset/YCB_Video_Dataset/data/0004/000021-label.png", 
    "mask": "/media/hdd/YCBvideo/YCB_Video_Dataset/Generated_YCB_Video_Dataset/mask/0004/000021-mask-00.png", 
    "depth_minmax": [
      0.685, 
      0.769
    ], 
    "model": "/media/hdd/YCBvideo/YCB_Video_Dataset/YCB_Video_Dataset/models/008_pudding_box/textured.obj", 
    "rot_mat": [
      [
        0.7664510515493669, 
        0.4066565254955119, 
        -0.49717389318876315
      ], 
      [
        0.5905093885566755, 
        -0.7506486201203468, 
        0.29635660905920347
      ], 
      [
        -0.252687707724713, 
        -0.5207285942381464, 
        -0.8154701517161924
      ]
    ], 
    "trans_mat": [
      0.046004644562890835, 
      0.0877803568473714, 
      0.7342364310668945
    ]
  }, 
  {
    "img": "/media/hdd/YCBvideo/YCB_Video_Dataset/YCB_Video_Dataset/data/0004/000022-label.png", 
    "mask": "/media/hdd/YCBvideo/YCB_Video_Dataset/Generated_YCB_Video_Dataset/mask/0004/000022-mask-00.png", 
    "depth_minmax": [
      0.685, 
      0.769
    ], 
    "model": "/media/hdd/YCBvideo/YCB_Video_Dataset/YCB_Video_Dataset/models/008_pudding_box/textured.obj", 
    "rot_mat": [
      [
        0.7652509853442356, 
        0.40875151558443, 
        -0.4973057846826653
      ], 
      [
        0.5929889484436563, 
        -0.7482450457761511, 
        0.29748091466294524
      ], 
      [
        -0.2505106769122193, 
        -0.522543916732551, 
        -0.814979696041037
      ]
    ], 
    "trans_mat": [
      0.04500172201059426, 
      0.08512514211487306, 
      0.7345732806573718
    ]
  }, 
  {
    "img": "/media/hdd/YCBvideo/YCB_Video_Dataset/YCB_Video_Dataset/data/0004/000023-label.png", 
    "mask": "/media/hdd/YCBvideo/YCB_Video_Dataset/Generated_YCB_Video_Dataset/mask/0004/000023-mask-00.png", 
    "depth_minmax": [
      0.684, 
      0.769
    ], 
    "model": "/media/hdd/YCBvideo/YCB_Video_Dataset/YCB_Video_Dataset/models/008_pudding_box/textured.obj", 
    "rot_mat": [
      [
        0.7636035570657215, 
        0.41071569474721004, 
        -0.49821933082091263
      ], 
      [
        0.5954231245819672, 
        -0.7463858383711035, 
        0.29728903707846116
      ], 
      [
        -0.24976186447238932, 
        -0.5236616666268603, 
        -0.8144923366349139
      ]
    ], 
    "trans_mat": [
      0.04423475854293241, 
      0.08406933201586346, 
      0.7348494021890144
    ]
  }, 
  {
    "img": "/media/hdd/YCBvideo/YCB_Video_Dataset/YCB_Video_Dataset/data/0004/000024-label.png", 
    "mask": "/media/hdd/YCBvideo/YCB_Video_Dataset/Generated_YCB_Video_Dataset/mask/0004/000024-mask-00.png", 
    "depth_minmax": [
      0.685, 
      0.77
    ], 
    "model": "/media/hdd/YCBvideo/YCB_Video_Dataset/YCB_Video_Dataset/models/008_pudding_box/textured.obj", 
    "rot_mat": [
      [
        0.7633828986309904, 
        0.41282577929223213, 
        -0.49681018036620744
      ], 
      [
        0.59631012905612, 
        -0.7460566811384497, 
        0.2963339596112748
      ], 
      [
        -0.24831395782168103, 
        -0.5224696278093343, 
        -0.8156997325785866
      ]
    ], 
    "trans_mat": [
      0.04259285826088539, 
      0.08454323581503669, 
      0.7349375430822163
    ]
  }, 
  {
    "img": "/media/hdd/YCBvideo/YCB_Video_Dataset/YCB_Video_Dataset/data/0004/000025-label.png", 
    "mask": "/media/hdd/YCBvideo/YCB_Video_Dataset/Generated_YCB_Video_Dataset/mask/0004/000025-mask-00.png", 
    "depth_minmax": [
      0.685, 
      0.77
    ], 
    "model": "/media/hdd/YCBvideo/YCB_Video_Dataset/YCB_Video_Dataset/models/008_pudding_box/textured.obj", 
    "rot_mat": [
      [
        0.7651208770959619, 
        0.4118201504380019, 
        -0.4949676137940512
      ], 
      [
        0.5943270848951977, 
        -0.7474402988123218, 
        0.2968301322186039
      ], 
      [
        -0.24771782236744716, 
        -0.5212842518557248, 
        -0.8166387737415702
      ]
    ], 
    "trans_mat": [
      0.04173973205478635, 
      0.08576547167858078, 
      0.7350136221020463
    ]
  }, 
  {
    "img": "/media/hdd/YCBvideo/YCB_Video_Dataset/YCB_Video_Dataset/data/0004/000026-label.png", 
    "mask": "/media/hdd/YCBvideo/YCB_Video_Dataset/Generated_YCB_Video_Dataset/mask/0004/000026-mask-00.png", 
    "depth_minmax": [
      0.685, 
      0.77
    ], 
    "model": "/media/hdd/YCBvideo/YCB_Video_Dataset/YCB_Video_Dataset/models/008_pudding_box/textured.obj", 
    "rot_mat": [
      [
        0.7654652036103499, 
        0.4115067314371387, 
        -0.4946970377643161
      ], 
      [
        0.5939045453647291, 
        -0.747707834802864, 
        0.2970038258331618
      ], 
      [
        -0.24766923873317997, 
        -0.5211481933665558, 
        -0.816740707464299
      ]
    ], 
    "trans_mat": [
      0.041819462473533235, 
      0.08597798861529711, 
      0.735181249233556
    ]
  }, 
  {
    "img": "/media/hdd/YCBvideo/YCB_Video_Dataset/YCB_Video_Dataset/data/0004/000027-label.png", 
    "mask": "/media/hdd/YCBvideo/YCB_Video_Dataset/Generated_YCB_Video_Dataset/mask/0004/000027-mask-00.png", 
    "depth_minmax": [
      0.686, 
      0.775
    ], 
    "model": "/media/hdd/YCBvideo/YCB_Video_Dataset/YCB_Video_Dataset/models/008_pudding_box/textured.obj", 
    "rot_mat": [
      [
        0.7641609549115549, 
        0.41294439803932603, 
        -0.4955144300551959
      ], 
      [
        0.5956349986830328, 
        -0.7465708247273062, 
        0.296397054638092
      ], 
      [
        -0.24754138533105247, 
        -0.5216409389393614, 
        -0.8164646547989143
      ]
    ], 
    "trans_mat": [
      0.04085244487029487, 
      0.08553934743530249, 
      0.7353816747971418
    ]
  }, 
  {
    "img": "/media/hdd/YCBvideo/YCB_Video_Dataset/YCB_Video_Dataset/data/0004/000028-label.png", 
    "mask": "/media/hdd/YCBvideo/YCB_Video_Dataset/Generated_YCB_Video_Dataset/mask/0004/000028-mask-00.png", 
    "depth_minmax": [
      0.686, 
      0.77
    ], 
    "model": "/media/hdd/YCBvideo/YCB_Video_Dataset/YCB_Video_Dataset/models/008_pudding_box/textured.obj", 
    "rot_mat": [
      [
        0.765006701319208, 
        0.4133838588435464, 
        -0.49384077027152795
      ], 
      [
        0.5951862363940834, 
        -0.7467117350475022, 
        0.29694445027319527
      ], 
      [
        -0.2460040409898392, 
        -0.5210915479182441, 
        -0.817280467190905
      ]
    ], 
    "trans_mat": [
      0.039983248582650475, 
      0.08463116416183059, 
      0.7356254095126021
    ]
  }, 
  {
    "img": "/media/hdd/YCBvideo/YCB_Video_Dataset/YCB_Video_Dataset/data/0004/000029-label.png", 
    "mask": "/media/hdd/YCBvideo/YCB_Video_Dataset/Generated_YCB_Video_Dataset/mask/0004/000029-mask-00.png", 
    "depth_minmax": [
      0.687, 
      0.771
    ], 
    "model": "/media/hdd/YCBvideo/YCB_Video_Dataset/YCB_Video_Dataset/models/008_pudding_box/textured.obj", 
    "rot_mat": [
      [
        0.7662446706791289, 
        0.41035258596885277, 
        -0.4944489673571777
      ], 
      [
        0.5931115688483652, 
        -0.7476951951061266, 
        0.29861592590664293
      ], 
      [
        -0.2471585469264957, 
        -0.5220761065251451, 
        -0.816302266814615
      ]
    ], 
    "trans_mat": [
      0.04077425560260136, 
      0.08384985793980067, 
      0.7358236312243588
    ]
  }, 
  {
    "img": "/media/hdd/YCBvideo/YCB_Video_Dataset/YCB_Video_Dataset/data/0004/000030-label.png", 
    "mask": "/media/hdd/YCBvideo/YCB_Video_Dataset/Generated_YCB_Video_Dataset/mask/0004/000030-mask-00.png", 
    "depth_minmax": [
      0.687, 
      0.771
    ], 
    "model": "/media/hdd/YCBvideo/YCB_Video_Dataset/YCB_Video_Dataset/models/008_pudding_box/textured.obj", 
    "rot_mat": [
      [
        0.7653120419076941, 
        0.4117363215162755, 
        -0.49474205566780605
      ], 
      [
        0.5944495564145968, 
        -0.746888737977526, 
        0.2979709020264613
      ], 
      [
        -0.246831425558458, 
        -0.5221400565469156, 
        -0.8163601725806173
      ]
    ], 
    "trans_mat": [
      0.04012781893572034, 
      0.08300246794118617, 
      0.7361485932308216
    ]
  }, 
  {
    "img": "/media/hdd/YCBvideo/YCB_Video_Dataset/YCB_Video_Dataset/data/0004/000031-label.png", 
    "mask": "/media/hdd/YCBvideo/YCB_Video_Dataset/Generated_YCB_Video_Dataset/mask/0004/000031-mask-00.png", 
    "depth_minmax": [
      0.688, 
      0.771
    ], 
    "model": "/media/hdd/YCBvideo/YCB_Video_Dataset/YCB_Video_Dataset/models/008_pudding_box/textured.obj", 
    "rot_mat": [
      [
        0.7651408795381155, 
        0.4130826715964631, 
        -0.493885301491735
      ], 
      [
        0.5949278258988839, 
        -0.7469071972883818, 
        0.296970293826478
      ], 
      [
        -0.24621267129931154, 
        -0.5210492712487957, 
        -0.8172440284158612
      ]
    ], 
    "trans_mat": [
      0.03784325338020809, 
      0.08256699798227767, 
      0.736419480929835
    ]
  }, 
  {
    "img": "/media/hdd/YCBvideo/YCB_Video_Dataset/YCB_Video_Dataset/data/0004/000032-label.png", 
    "mask": "/media/hdd/YCBvideo/YCB_Video_Dataset/Generated_YCB_Video_Dataset/mask/0004/000032-mask-00.png", 
    "depth_minmax": [
      0.688, 
      0.771
    ], 
    "model": "/media/hdd/YCBvideo/YCB_Video_Dataset/YCB_Video_Dataset/models/008_pudding_box/textured.obj", 
    "rot_mat": [
      [
        0.767759025415819, 
        0.41300758367041285, 
        -0.48986857566832176
      ], 
      [
        0.5923359081740934, 
        -0.7490041740246097, 
        0.2968703672387794
      ], 
      [
        -0.24430321363613638, 
        -0.5180913410868311, 
        -0.8196936490099611
      ]
    ], 
    "trans_mat": [
      0.03428252554749758, 
      0.08321646836173534, 
      0.736698604658082
    ]
  }, 
  {
    "img": "/media/hdd/YCBvideo/YCB_Video_Dataset/YCB_Video_Dataset/data/0004/000033-label.png", 
    "mask": "/media/hdd/YCBvideo/YCB_Video_Dataset/Generated_YCB_Video_Dataset/mask/0004/000033-mask-00.png", 
    "depth_minmax": [
      0.688, 
      0.772
    ], 
    "model": "/media/hdd/YCBvideo/YCB_Video_Dataset/YCB_Video_Dataset/models/008_pudding_box/textured.obj", 
    "rot_mat": [
      [
        0.7701722037245768, 
        0.41253515224066, 
        -0.4864666728671587
      ], 
      [
        0.5900278637507179, 
        -0.750498915036008, 
        0.2976894793395359
      ], 
      [
        -0.24228467646940277, 
        -0.516301006312194, 
        -0.8214207917620144
      ]
    ], 
    "trans_mat": [
      0.031777603610125, 
      0.08351096914611145, 
      0.7372073099528835
    ]
  }, 
  {
    "img": "/media/hdd/YCBvideo/YCB_Video_Dataset/YCB_Video_Dataset/data/0004/000034-label.png", 
    "mask": "/media/hdd/YCBvideo/YCB_Video_Dataset/Generated_YCB_Video_Dataset/mask/0004/000034-mask-00.png", 
    "depth_minmax": [
      0.689, 
      0.772
    ], 
    "model": "/media/hdd/YCBvideo/YCB_Video_Dataset/YCB_Video_Dataset/models/008_pudding_box/textured.obj", 
    "rot_mat": [
      [
        0.7690643513396668, 
        0.4169557428441916, 
        -0.4844459903816781
      ], 
      [
        0.592546250676309, 
        -0.7492619334395533, 
        0.2957973919759275
      ], 
      [
        -0.23964191986465996, 
        -0.5145438548044503, 
        -0.8232971455743145
      ]
    ], 
    "trans_mat": [
      0.028048843056399736, 
      0.08164934193846023, 
      0.7378750450655268
    ]
  }, 
  {
    "img": "/media/hdd/YCBvideo/YCB_Video_Dataset/YCB_Video_Dataset/data/0004/000035-label.png", 
    "mask": "/media/hdd/YCBvideo/YCB_Video_Dataset/Generated_YCB_Video_Dataset/mask/0004/000035-mask-00.png", 
    "depth_minmax": [
      0.691, 
      0.768
    ], 
    "model": "/media/hdd/YCBvideo/YCB_Video_Dataset/YCB_Video_Dataset/models/008_pudding_box/textured.obj", 
    "rot_mat": [
      [
        0.7701731179349584, 
        0.4182401646813492, 
        -0.48156830000759976
      ], 
      [
        0.59257447296272, 
        -0.7485174886545715, 
        0.2976208985071998
      ], 
      [
        -0.23598498733330103, 
        -0.5145845823886267, 
        -0.8243264446595745
      ]
    ], 
    "trans_mat": [
      0.02568212495692717, 
      0.07994595205289638, 
      0.738539543641999
    ]
  }, 
  {
    "img": "/media/hdd/YCBvideo/YCB_Video_Dataset/YCB_Video_Dataset/data/0004/000036-label.png", 
    "mask": "/media/hdd/YCBvideo/YCB_Video_Dataset/Generated_YCB_Video_Dataset/mask/0004/000036-mask-00.png", 
    "depth_minmax": [
      0.691, 
      0.774
    ], 
    "model": "/media/hdd/YCBvideo/YCB_Video_Dataset/YCB_Video_Dataset/models/008_pudding_box/textured.obj", 
    "rot_mat": [
      [
        0.7721740667730691, 
        0.41682600186034247, 
        -0.47958563090065826
      ], 
      [
        0.5901979551396668, 
        -0.7501181689134181, 
        0.29831347035701117
      ], 
      [
        -0.23540061894128453, 
        -0.5133997840620406, 
        -0.8252321701075451
      ]
    ], 
    "trans_mat": [
      0.023818822232486478, 
      0.08037297181068359, 
      0.7390255483358058
    ]
  }, 
  {
    "img": "/media/hdd/YCBvideo/YCB_Video_Dataset/YCB_Video_Dataset/data/0004/000037-label.png", 
    "mask": "/media/hdd/YCBvideo/YCB_Video_Dataset/Generated_YCB_Video_Dataset/mask/0004/000037-mask-00.png", 
    "depth_minmax": [
      0.691, 
      0.775
    ], 
    "model": "/media/hdd/YCBvideo/YCB_Video_Dataset/YCB_Video_Dataset/models/008_pudding_box/textured.obj", 
    "rot_mat": [
      [
        0.7730152249420079, 
        0.419205695988323, 
        -0.47614609139028047
      ], 
      [
        0.5900177162000011, 
        -0.7508487890289612, 
        0.2968277569738553
      ], 
      [
        -0.23308133543493206, 
        -0.5103860428298743, 
        -0.8277560766447122
      ]
    ], 
    "trans_mat": [
      0.020689142891853626, 
      0.08214730792024552, 
      0.7395193105137488
    ]
  }, 
  {
    "img": "/media/hdd/YCBvideo/YCB_Video_Dataset/YCB_Video_Dataset/data/0004/000038-label.png", 
    "mask": "/media/hdd/YCBvideo/YCB_Video_Dataset/Generated_YCB_Video_Dataset/mask/0004/000038-mask-00.png", 
    "depth_minmax": [
      0.691, 
      0.771
    ], 
    "model": "/media/hdd/YCBvideo/YCB_Video_Dataset/YCB_Video_Dataset/models/008_pudding_box/textured.obj", 
    "rot_mat": [
      [
        0.7770201971485373, 
        0.41471565800325993, 
        -0.47355141600630013
      ], 
      [
        0.5840790927345194, 
        -0.7555151130269513, 
        0.2967318918591197
      ], 
      [
        -0.23471513951220835, 
        -0.5071577035257672, 
        -0.8292769295471564
      ]
    ], 
    "trans_mat": [
      0.019297281576618766, 
      0.08463180813969638, 
      0.7398909556349854
    ]
  }, 
  {
    "img": "/media/hdd/YCBvideo/YCB_Video_Dataset/YCB_Video_Dataset/data/0004/000039-label.png", 
    "mask": "/media/hdd/YCBvideo/YCB_Video_Dataset/Generated_YCB_Video_Dataset/mask/0004/000039-mask-00.png", 
    "depth_minmax": [
      0.691, 
      0.771
    ], 
    "model": "/media/hdd/YCBvideo/YCB_Video_Dataset/YCB_Video_Dataset/models/008_pudding_box/textured.obj", 
    "rot_mat": [
      [
        0.7796347472070999, 
        0.4134464719792556, 
        -0.4703521839126053
      ], 
      [
        0.5806823214360955, 
        -0.7584994007437365, 
        0.2957822860286063
      ], 
      [
        -0.23447121129925025, 
        -0.5037276268376508, 
        -0.8314339084435599
      ]
    ], 
    "trans_mat": [
      0.018254799830968546, 
      0.08716283219797571, 
      0.7403201932004796
    ]
  }, 
  {
    "img": "/media/hdd/YCBvideo/YCB_Video_Dataset/YCB_Video_Dataset/data/0004/000040-label.png", 
    "mask": "/media/hdd/YCBvideo/YCB_Video_Dataset/Generated_YCB_Video_Dataset/mask/0004/000040-mask-00.png", 
    "depth_minmax": [
      0.691, 
      0.776
    ], 
    "model": "/media/hdd/YCBvideo/YCB_Video_Dataset/YCB_Video_Dataset/models/008_pudding_box/textured.obj", 
    "rot_mat": [
      [
        0.7788108196018375, 
        0.4148961188974461, 
        -0.47044174929641475
      ], 
      [
        0.5818374409485609, 
        -0.7580401029876481, 
        0.29468920341049726
      ], 
      [
        -0.23434752130956135, 
        -0.5032272136767377, 
        -0.831771899385652
      ]
    ], 
    "trans_mat": [
      0.017404576061251106, 
      0.0877853393779383, 
      0.7408562346629696
    ]
  }, 
  {
    "img": "/media/hdd/YCBvideo/YCB_Video_Dataset/YCB_Video_Dataset/data/0004/000041-label.png", 
    "mask": "/media/hdd/YCBvideo/YCB_Video_Dataset/Generated_YCB_Video_Dataset/mask/0004/000041-mask-00.png", 
    "depth_minmax": [
      0.691, 
      0.776
    ], 
    "model": "/media/hdd/YCBvideo/YCB_Video_Dataset/YCB_Video_Dataset/models/008_pudding_box/textured.obj", 
    "rot_mat": [
      [
        0.77857963211398, 
        0.414351891251132, 
        -0.47130171661163683
      ], 
      [
        0.5814996645497758, 
        -0.7587305745305759, 
        0.2935768066926618
      ], 
      [
        -0.23594654698840045, 
        -0.502634411081372, 
        -0.8316784813387531
      ]
    ], 
    "trans_mat": [
      0.01710982405930194, 
      0.08808181483112704, 
      0.7409659086240292
    ]
  }, 
  {
    "img": "/media/hdd/YCBvideo/YCB_Video_Dataset/YCB_Video_Dataset/data/0004/000042-label.png", 
    "mask": "/media/hdd/YCBvideo/YCB_Video_Dataset/Generated_YCB_Video_Dataset/mask/0004/000042-mask-00.png", 
    "depth_minmax": [
      0.695, 
      0.776
    ], 
    "model": "/media/hdd/YCBvideo/YCB_Video_Dataset/YCB_Video_Dataset/models/008_pudding_box/textured.obj", 
    "rot_mat": [
      [
        0.7803559568863437, 
        0.4138721996416088, 
        -0.4687796820378001
      ], 
      [
        0.5794194553427224, 
        -0.7605003514911328, 
        0.29310966053099213
      ], 
      [
        -0.23519601302534515, 
        -0.500350355110079, 
        -0.8332666509482572
      ]
    ], 
    "trans_mat": [
      0.015290717546007172, 
      0.09010603411964414, 
      0.7408305235897994
    ]
  }, 
  {
    "img": "/media/hdd/YCBvideo/YCB_Video_Dataset/YCB_Video_Dataset/data/0004/000043-label.png", 
    "mask": "/media/hdd/YCBvideo/YCB_Video_Dataset/Generated_YCB_Video_Dataset/mask/0004/000043-mask-00.png", 
    "depth_minmax": [
      0.694, 
      0.776
    ], 
    "model": "/media/hdd/YCBvideo/YCB_Video_Dataset/YCB_Video_Dataset/models/008_pudding_box/textured.obj", 
    "rot_mat": [
      [
        0.7841673474005183, 
        0.40956879516774664, 
        -0.4661912873422993
      ], 
      [
        0.5740295784092696, 
        -0.7641500432145046, 
        0.2942213547370891
      ], 
      [
        -0.23573508535237522, 
        -0.49832629070183854, 
        -0.8343262588243295
      ]
    ], 
    "trans_mat": [
      0.015517285297632147, 
      0.0927835467999275, 
      0.7406627654368861
    ]
  }, 
  {
    "img": "/media/hdd/YCBvideo/YCB_Video_Dataset/YCB_Video_Dataset/data/0004/000044-label.png", 
    "mask": "/media/hdd/YCBvideo/YCB_Video_Dataset/Generated_YCB_Video_Dataset/mask/0004/000044-mask-00.png", 
    "depth_minmax": [
      0.694, 
      0.776
    ], 
    "model": "/media/hdd/YCBvideo/YCB_Video_Dataset/YCB_Video_Dataset/models/008_pudding_box/textured.obj", 
    "rot_mat": [
      [
        0.7846148172592913, 
        0.4066988666614535, 
        -0.46794786842068
      ], 
      [
        0.571967364981266, 
        -0.7660778979775491, 
        0.29322087896157584
      ], 
      [
        -0.2392311777080951, 
        -0.49771614543396747, 
        -0.833695232859768
      ]
    ], 
    "trans_mat": [
      0.017668149842274765, 
      0.0945398999649112, 
      0.7407420986066725
    ]
  }, 
  {
    "img": "/media/hdd/YCBvideo/YCB_Video_Dataset/YCB_Video_Dataset/data/0004/000045-label.png", 
    "mask": "/media/hdd/YCBvideo/YCB_Video_Dataset/Generated_YCB_Video_Dataset/mask/0004/000045-mask-00.png", 
    "depth_minmax": [
      0.694, 
      0.776
    ], 
    "model": "/media/hdd/YCBvideo/YCB_Video_Dataset/YCB_Video_Dataset/models/008_pudding_box/textured.obj", 
    "rot_mat": [
      [
        0.7836766092366714, 
        0.4068011697814662, 
        -0.46942928732022454
      ], 
      [
        0.5727002642445376, 
        -0.7658383455719714, 
        0.29241483505230653
      ], 
      [
        -0.2405520181067786, 
        -0.49800155425664344, 
        -0.833144799877863
      ]
    ], 
    "trans_mat": [
      0.018849200228355567, 
      0.09571662515946301, 
      0.7410424488330596
    ]
  }, 
  {
    "img": "/media/hdd/YCBvideo/YCB_Video_Dataset/YCB_Video_Dataset/data/0004/000046-label.png", 
    "mask": "/media/hdd/YCBvideo/YCB_Video_Dataset/Generated_YCB_Video_Dataset/mask/0004/000046-mask-00.png", 
    "depth_minmax": [
      0.695, 
      0.776
    ], 
    "model": "/media/hdd/YCBvideo/YCB_Video_Dataset/YCB_Video_Dataset/models/008_pudding_box/textured.obj", 
    "rot_mat": [
      [
        0.7862869906354529, 
        0.4020275782207442, 
        -0.4691763738881485
      ], 
      [
        0.5679832403590543, 
        -0.7692148990772214, 
        0.2927530195943516
      ], 
      [
        -0.24320181310205607, 
        -0.4966721338884606, 
        -0.833168194889205
      ]
    ], 
    "trans_mat": [
      0.019466478729857545, 
      0.09691604825461698, 
      0.7412395194285254
    ]
  }, 
  {
    "img": "/media/hdd/YCBvideo/YCB_Video_Dataset/YCB_Video_Dataset/data/0004/000047-label.png", 
    "mask": "/media/hdd/YCBvideo/YCB_Video_Dataset/Generated_YCB_Video_Dataset/mask/0004/000047-mask-00.png", 
    "depth_minmax": [
      0.695, 
      0.773
    ], 
    "model": "/media/hdd/YCBvideo/YCB_Video_Dataset/YCB_Video_Dataset/models/008_pudding_box/textured.obj", 
    "rot_mat": [
      [
        0.7878694320864053, 
        0.4005755231838683, 
        -0.46776164661431807
      ], 
      [
        0.5658062743053095, 
        -0.7707294805158983, 
        0.29298370384389766
      ], 
      [
        -0.2431548852341654, 
        -0.4954956838946221, 
        -0.8338832853902277
      ]
    ], 
    "trans_mat": [
      0.018577919592089216, 
      0.09777147947150458, 
      0.7418425820787955
    ]
  }, 
  {
    "img": "/media/hdd/YCBvideo/YCB_Video_Dataset/YCB_Video_Dataset/data/0004/000048-label.png", 
    "mask": "/media/hdd/YCBvideo/YCB_Video_Dataset/Generated_YCB_Video_Dataset/mask/0004/000048-mask-00.png", 
    "depth_minmax": [
      0.696, 
      0.774
    ], 
    "model": "/media/hdd/YCBvideo/YCB_Video_Dataset/YCB_Video_Dataset/models/008_pudding_box/textured.obj", 
    "rot_mat": [
      [
        0.7875331441314386, 
        0.4049077910093784, 
        -0.46458671701078275
      ], 
      [
        0.567706968338542, 
        -0.7699864089334887, 
        0.2912571162092358
      ], 
      [
        -0.2397925337115765, 
        -0.4931231977912772, 
        -0.8362592292061831
      ]
    ], 
    "trans_mat": [
      0.015139540605385582, 
      0.09799884850372187, 
      0.7426696272492054
    ]
  }, 
  {
    "img": "/media/hdd/YCBvideo/YCB_Video_Dataset/YCB_Video_Dataset/data/0004/000049-label.png", 
    "mask": "/media/hdd/YCBvideo/YCB_Video_Dataset/Generated_YCB_Video_Dataset/mask/0004/000049-mask-00.png", 
    "depth_minmax": [
      0.696, 
      0.774
