[
  {
    "img": "/media/hdd/YCBvideo/YCB_Video_Dataset/YCB_Video_Dataset/data/0005/000001-label.png", 
    "mask": "/media/hdd/YCBvideo/YCB_Video_Dataset/Generated_YCB_Video_Dataset/mask/0005/000001-mask-00.png", 
    "depth_minmax": [
      0.818, 
      0.938
    ], 
    "model": "/media/hdd/YCBvideo/YCB_Video_Dataset/YCB_Video_Dataset/models/011_banana/textured.obj", 
    "rot_mat": [
      [
        0.8777921920894424, 
        -0.4653027173995461, 
        0.1139032808513824
      ], 
      [
        -0.18543755255552855, 
        -0.5492841991590217, 
        -0.8148001796859885
      ], 
      [
        0.44169466669859664, 
        0.6941029248266813, 
        -0.5684425540358186
      ]
    ], 
    "trans_mat": [
      -0.047904075843303556, 
      -0.050725430877523126, 
      0.8945265326947084
    ]
  }, 
  {
    "img": "/media/hdd/YCBvideo/YCB_Video_Dataset/YCB_Video_Dataset/data/0005/000001-label.png", 
    "mask": "/media/hdd/YCBvideo/YCB_Video_Dataset/Generated_YCB_Video_Dataset/mask/0005/000001-mask-01.png", 
    "depth_minmax": [
      0.702, 
      0.835
    ], 
    "model": "/media/hdd/YCBvideo/YCB_Video_Dataset/YCB_Video_Dataset/models/051_large_clamp/textured.obj", 
    "rot_mat": [
      [
        -0.9849867801826988, 
        -0.05390577170001538, 
        0.1639962794892135
      ], 
      [
        -0.16390317424621598, 
        0.5902312819366038, 
        -0.790419213315254
      ], 
      [
        -0.054187668071596404, 
        -0.8054321292086062, 
        -0.5902058659936015
      ]
    ], 
    "trans_mat": [
      0.058768859771777406, 
      0.04979244962609552, 
      0.7692184893655267
    ]
  }, 
  {
    "img": "/media/hdd/YCBvideo/YCB_Video_Dataset/YCB_Video_Dataset/data/0005/000002-label.png", 
    "mask": "/media/hdd/YCBvideo/YCB_Video_Dataset/Generated_YCB_Video_Dataset/mask/0005/000002-mask-00.png", 
    "depth_minmax": [
      0.82, 
      0.938
    ], 
    "model": "/media/hdd/YCBvideo/YCB_Video_Dataset/YCB_Video_Dataset/models/011_banana/textured.obj", 
    "rot_mat": [
      [
        0.8785164408376143, 
        -0.4638349076761912, 
        0.11430185799851983
      ], 
      [
        -0.18267515497860978, 
        -0.5472675400895222, 
        -0.8167787865527559
      ], 
      [
        0.44140476318169325, 
        0.6966736536714903, 
        -0.5655163093043275
      ]
    ], 
    "trans_mat": [
      -0.049323474192496615, 
      -0.047794556867479805, 
      0.8954904736268712
    ]
  }, 
  {
    "img": "/media/hdd/YCBvideo/YCB_Video_Dataset/YCB_Video_Dataset/data/0005/000002-label.png", 
    "mask": "/media/hdd/YCBvideo/YCB_Video_Dataset/Generated_YCB_Video_Dataset/mask/0005/000002-mask-01.png", 
    "depth_minmax": [
      0.702, 
      0.832
    ], 
    "model": "/media/hdd/YCBvideo/YCB_Video_Dataset/YCB_Video_Dataset/models/051_large_clamp/textured.obj", 
    "rot_mat": [
      [
        -0.9848378455732898, 
        -0.055548251418504654, 
        0.16433971122709096
      ], 
      [
        -0.16534695714606318, 
        0.5871426522836521, 
        -0.7924163345741635
      ], 
      [
        -0.05247329688521287, 
        -0.8075751864961573, 
        -0.5874266859209779
      ]
    ], 
    "trans_mat": [
      0.05708271897150708, 
      0.05238783049249272, 
      0.7696879310785286
    ]
  }, 
  {
    "img": "/media/hdd/YCBvideo/YCB_Video_Dataset/YCB_Video_Dataset/data/0005/000003-label.png", 
    "mask": "/media/hdd/YCBvideo/YCB_Video_Dataset/Generated_YCB_Video_Dataset/mask/0005/000003-mask-00.png", 
    "depth_minmax": [
      0.82, 
      0.954
    ], 
    "model": "/media/hdd/YCBvideo/YCB_Video_Dataset/YCB_Video_Dataset/models/011_banana/textured.obj", 
    "rot_mat": [
      [
        0.8766818322744434, 
        -0.46714693980631206, 
        0.11490105984267322
      ], 
      [
        -0.18229730050191148, 
        -0.5436268159008811, 
        -0.8192911968431552
      ], 
      [
        0.4451924029638169, 
        0.6973109319774222, 
        -0.5617476548899621
      ]
    ], 
    "trans_mat": [
      -0.050940920552249545, 
      -0.04470718529459029, 
      0.8959881268697789
    ]
  }, 
  {
    "img": "/media/hdd/YCBvideo/YCB_Video_Dataset/YCB_Video_Dataset/data/0005/000003-label.png", 
    "mask": "/media/hdd/YCBvideo/YCB_Video_Dataset/Generated_YCB_Video_Dataset/mask/0005/000003-mask-01.png", 
    "depth_minmax": [
      0.702, 
      0.842
    ], 
    "model": "/media/hdd/YCBvideo/YCB_Video_Dataset/YCB_Video_Dataset/models/051_large_clamp/textured.obj", 
    "rot_mat": [
      [
        -0.9849237885723465, 
        -0.051783172694523115, 
        0.16505468636378046
      ], 
      [
        -0.1639428084520391, 
        0.5838980208471138, 
        -0.795101590148992
      ], 
      [
        -0.05520163041706837, 
        -0.8101734546643288, 
        -0.5835847744134933
      ]
    ], 
    "trans_mat": [
      0.056065441082070545, 
      0.05478052917268126, 
      0.7701433349326191
    ]
  }, 
  {
    "img": "/media/hdd/YCBvideo/YCB_Video_Dataset/YCB_Video_Dataset/data/0005/000004-label.png", 
    "mask": "/media/hdd/YCBvideo/YCB_Video_Dataset/Generated_YCB_Video_Dataset/mask/0005/000004-mask-00.png", 
    "depth_minmax": [
      0.819, 
      0.949
    ], 
    "model": "/media/hdd/YCBvideo/YCB_Video_Dataset/YCB_Video_Dataset/models/011_banana/textured.obj", 
    "rot_mat": [
      [
        0.8756594473836592, 
        -0.4685946696340323, 
        0.11678880526778226
      ], 
      [
        -0.179876118531649, 
        -0.5409064183044968, 
        -0.8216235435966849
      ], 
      [
        0.4481797981884246, 
        0.6984547142623416, 
        -0.5579386306311926
      ]
    ], 
    "trans_mat": [
      -0.052917853196484545, 
      -0.042703033183938324, 
      0.8964251353657694
    ]
  }, 
  {
    "img": "/media/hdd/YCBvideo/YCB_Video_Dataset/YCB_Video_Dataset/data/0005/000004-label.png", 
    "mask": "/media/hdd/YCBvideo/YCB_Video_Dataset/Generated_YCB_Video_Dataset/mask/0005/000004-mask-01.png", 
    "depth_minmax": [
      0.702, 
      0.838
    ], 
    "model": "/media/hdd/YCBvideo/YCB_Video_Dataset/YCB_Video_Dataset/models/051_large_clamp/textured.obj", 
    "rot_mat": [
      [
        -0.9846873714576044, 
        -0.05007192724745834, 
        0.16698355183620503
      ], 
      [
        -0.16475280166090356, 
        0.5803906766637448, 
        -0.7974984578078246
      ], 
      [
        -0.05698243550070395, 
        -0.8127974276952117, 
        -0.5797526826832795
      ]
    ], 
    "trans_mat": [
      0.05434892194166454, 
      0.05630696580028097, 
      0.7704252695442577
    ]
  }, 
  {
    "img": "/media/hdd/YCBvideo/YCB_Video_Dataset/YCB_Video_Dataset/data/0005/000005-label.png", 
    "mask": "/media/hdd/YCBvideo/YCB_Video_Dataset/Generated_YCB_Video_Dataset/mask/0005/000005-mask-00.png", 
    "depth_minmax": [
      0.819, 
      0.954
    ], 
    "model": "/media/hdd/YCBvideo/YCB_Video_Dataset/YCB_Video_Dataset/models/011_banana/textured.obj", 
    "rot_mat": [
      [
        0.8744866997752705, 
        -0.47056278835808363, 
        0.11766017175047942
      ], 
      [
        -0.17976490590728414, 
        -0.5397130830716548, 
        -0.8224318734857826
      ], 
      [
        0.45050822225413995, 
        0.6980541128096736, 
        -0.5565627061594999
      ]
    ], 
    "trans_mat": [
      -0.05468687250826393, 
      -0.04201547848326062, 
      0.8966556802315094
    ]
  }, 
  {
    "img": "/media/hdd/YCBvideo/YCB_Video_Dataset/YCB_Video_Dataset/data/0005/000005-label.png", 
    "mask": "/media/hdd/YCBvideo/YCB_Video_Dataset/Generated_YCB_Video_Dataset/mask/0005/000005-mask-01.png", 
    "depth_minmax": [
      0.699, 
      0.84
    ], 
    "model": "/media/hdd/YCBvideo/YCB_Video_Dataset/YCB_Video_Dataset/models/051_large_clamp/textured.obj", 
    "rot_mat": [
      [
        -0.9846407131645436, 
        -0.04780733453090606, 
        0.16792032946679836
      ], 
      [
        -0.16428092102102398, 
        0.579333204473304, 
        -0.79836384614467
      ], 
      [
        -0.05911341862717421, 
        -0.8136872166595014, 
        -0.5782889914783143
      ]
    ], 
    "trans_mat": [
      0.05293568226781201, 
      0.05676659879957922, 
      0.7707804458179317
    ]
  }, 
  {
    "img": "/media/hdd/YCBvideo/YCB_Video_Dataset/YCB_Video_Dataset/data/0005/000006-label.png", 
    "mask": "/media/hdd/YCBvideo/YCB_Video_Dataset/Generated_YCB_Video_Dataset/mask/0005/000006-mask-00.png", 
    "depth_minmax": [
      0.82, 
      0.96
    ], 
    "model": "/media/hdd/YCBvideo/YCB_Video_Dataset/YCB_Video_Dataset/models/011_banana/textured.obj", 
    "rot_mat": [
      [
        0.8735892508302605, 
        -0.4719816409287374, 
        0.11863788388383388
      ], 
      [
        -0.17962779628295375, 
        -0.5392784511051231, 
        -0.8227474218909452
      ], 
      [
        0.45230098071674496, 
        0.6974317414290161, 
        -0.5558894502423118
      ]
    ], 
    "trans_mat": [
      -0.055140128941849206, 
      -0.04131795181270919, 
      0.8973852820661293
    ]
  }, 
  {
    "img": "/media/hdd/YCBvideo/YCB_Video_Dataset/YCB_Video_Dataset/data/0005/000006-label.png", 
    "mask": "/media/hdd/YCBvideo/YCB_Video_Dataset/Generated_YCB_Video_Dataset/mask/0005/000006-mask-01.png", 
    "depth_minmax": [
      0.697, 
      0.844
    ], 
    "model": "/media/hdd/YCBvideo/YCB_Video_Dataset/YCB_Video_Dataset/models/051_large_clamp/textured.obj", 
    "rot_mat": [
      [
        -0.9845442269919207, 
        -0.0461583132364809, 
        0.16894302113236978
      ], 
      [
        -0.16419305845603466, 
        0.578899161824773, 
        -0.7986972559280571
      ], 
      [
        -0.060934633513300106, 
        -0.8140916154424772, 
        -0.5775312056956408
      ]
    ], 
    "trans_mat": [
      0.05273840908927776, 
      0.05738297962204405, 
      0.771665655671355
    ]
  }, 
  {
    "img": "/media/hdd/YCBvideo/YCB_Video_Dataset/YCB_Video_Dataset/data/0005/000007-label.png", 
    "mask": "/media/hdd/YCBvideo/YCB_Video_Dataset/Generated_YCB_Video_Dataset/mask/0005/000007-mask-00.png", 
    "depth_minmax": [
      0.822, 
      0.95
    ], 
    "model": "/media/hdd/YCBvideo/YCB_Video_Dataset/YCB_Video_Dataset/models/011_banana/textured.obj", 
    "rot_mat": [
      [
        0.8720224083031018, 
        -0.4748818985182437, 
        0.11859194896063582
      ], 
      [
        -0.18046775898876088, 
        -0.5371555442657158, 
        -0.8239506968958148
      ], 
      [
        0.4549821548805915, 
        0.6971010201087505, 
        -0.5541135298943378
      ]
    ], 
    "trans_mat": [
      -0.05468788031680219, 
      -0.039407334338529956, 
      0.8984515081366994
    ]
  }, 
  {
    "img": "/media/hdd/YCBvideo/YCB_Video_Dataset/YCB_Video_Dataset/data/0005/000007-label.png", 
    "mask": "/media/hdd/YCBvideo/YCB_Video_Dataset/Generated_YCB_Video_Dataset/mask/0005/000007-mask-01.png", 
    "depth_minmax": [
      0.702, 
      0.837
    ], 
    "model": "/media/hdd/YCBvideo/YCB_Video_Dataset/YCB_Video_Dataset/models/051_large_clamp/textured.obj", 
    "rot_mat": [
      [
        -0.9846832954582997, 
        -0.042864995732539095, 
        0.16900067025840645
      ], 
      [
        -0.16245075681303814, 
        0.5775429933345765, 
        -0.8000334214148764
      ], 
      [
        -0.06331177744219503, 
        -0.8152338541002023, 
        -0.5756613291931596
      ]
    ], 
    "trans_mat": [
      0.05371614484859893, 
      0.05886808655167356, 
      0.7728506311022099
    ]
  }, 
  {
    "img": "/media/hdd/YCBvideo/YCB_Video_Dataset/YCB_Video_Dataset/data/0005/000008-label.png", 
    "mask": "/media/hdd/YCBvideo/YCB_Video_Dataset/Generated_YCB_Video_Dataset/mask/0005/000008-mask-00.png", 
    "depth_minmax": [
      0.822, 
      0.957
    ], 
    "model": "/media/hdd/YCBvideo/YCB_Video_Dataset/YCB_Video_Dataset/models/011_banana/textured.obj", 
    "rot_mat": [
      [
        0.8701997948988964, 
        -0.47864466519705773, 
        0.11683941123559122
      ], 
      [
        -0.18227966227525574, 
        -0.5330719872461791, 
        -0.826200911862527
      ], 
      [
        0.4577411507367635, 
        0.6976626286509879, 
        -0.5511270411616811
      ]
    ], 
    "trans_mat": [
      -0.05498161197093023, 
      -0.03706627678291456, 
      0.8996460241016836
    ]
  }, 
  {
    "img": "/media/hdd/YCBvideo/YCB_Video_Dataset/YCB_Video_Dataset/data/0005/000008-label.png", 
    "mask": "/media/hdd/YCBvideo/YCB_Video_Dataset/Generated_YCB_Video_Dataset/mask/0005/000008-mask-01.png", 
    "depth_minmax": [
      0.706, 
      0.843
    ], 
    "model": "/media/hdd/YCBvideo/YCB_Video_Dataset/YCB_Video_Dataset/models/051_large_clamp/textured.obj", 
    "rot_mat": [
      [
        -0.9851323998071781, 
        -0.038650539806538764, 
        0.1673918212364543
      ], 
      [
        -0.1589276123466372, 
        0.5750329749583125, 
        -0.8025452288929037
      ], 
      [
        -0.06523681916080204, 
        -0.8172171258662568, 
        -0.5726269561602687
      ]
    ], 
    "trans_mat": [
      0.054105801822172915, 
      0.06038688585386328, 
      0.7739960445035503
    ]
  }, 
  {
    "img": "/media/hdd/YCBvideo/YCB_Video_Dataset/YCB_Video_Dataset/data/0005/000009-label.png", 
    "mask": "/media/hdd/YCBvideo/YCB_Video_Dataset/Generated_YCB_Video_Dataset/mask/0005/000009-mask-00.png", 
    "depth_minmax": [
      0.824, 
      0.959
    ], 
    "model": "/media/hdd/YCBvideo/YCB_Video_Dataset/YCB_Video_Dataset/models/011_banana/textured.obj", 
    "rot_mat": [
      [
        0.8726380794082842, 
        -0.47453375815628895, 
        0.1154166452857785
      ], 
      [
        -0.1796135839155246, 
        -0.5316162353598056, 
        -0.8277215270404482
      ], 
      [
        0.45413921483205816, 
        0.7015709499493484, 
        -0.5491417843940296
      ]
    ], 
    "trans_mat": [
      -0.05496767875437381, 
      -0.03721265140681669, 
      0.9016785449478034
    ]
  }, 
  {
    "img": "/media/hdd/YCBvideo/YCB_Video_Dataset/YCB_Video_Dataset/data/0005/000009-label.png", 
    "mask": "/media/hdd/YCBvideo/YCB_Video_Dataset/Generated_YCB_Video_Dataset/mask/0005/000009-mask-01.png", 
    "depth_minmax": [
      0.706, 
      0.839
    ], 
    "model": "/media/hdd/YCBvideo/YCB_Video_Dataset/YCB_Video_Dataset/models/051_large_clamp/textured.obj", 
    "rot_mat": [
      [
        -0.9851994451585655, 
        -0.04338652830999903, 
        0.16583138023196825
      ], 
      [
        -0.16055132600679456, 
        0.572461686219067, 
        -0.8040589929083038
      ], 
      [
        -0.06004613723263694, 
        -0.8187830832539434, 
        -0.5709551992981776
      ]
    ], 
    "trans_mat": [
      0.05337696614405008, 
      0.06001139881842452, 
      0.775211012590055
    ]
  }, 
  {
    "img": "/media/hdd/YCBvideo/YCB_Video_Dataset/YCB_Video_Dataset/data/0005/000010-label.png", 
    "mask": "/media/hdd/YCBvideo/YCB_Video_Dataset/Generated_YCB_Video_Dataset/mask/0005/000010-mask-00.png", 
    "depth_minmax": [
      0.826, 
      0.947
    ], 
    "model": "/media/hdd/YCBvideo/YCB_Video_Dataset/YCB_Video_Dataset/models/011_banana/textured.obj", 
    "rot_mat": [
      [
        0.8697145889477602, 
        -0.480784678621462, 
        0.11154168573886557
      ], 
      [
        -0.18734433606488785, 
        -0.5306691936379954, 
        -0.8266144072332535
      ], 
      [
        0.45661593179886684, 
        0.6980221680674055, 
        -0.5516039768941579
      ]
    ], 
    "trans_mat": [
      -0.0560473261375957, 
      -0.038591358943204646, 
      0.9025098486769915
    ]
  }, 
  {
    "img": "/media/hdd/YCBvideo/YCB_Video_Dataset/YCB_Video_Dataset/data/0005/000010-label.png", 
    "mask": "/media/hdd/YCBvideo/YCB_Video_Dataset/Generated_YCB_Video_Dataset/mask/0005/000010-mask-01.png", 
    "depth_minmax": [
      0.705, 
      0.839
    ], 
    "model": "/media/hdd/YCBvideo/YCB_Video_Dataset/YCB_Video_Dataset/models/051_large_clamp/textured.obj", 
    "rot_mat": [
      [
        -0.986085316942316, 
        -0.036410557973956585, 
        0.16219996110952348
      ], 
      [
        -0.15337571603811553, 
        0.5755788021658169, 
        -0.8032335816235828
      ], 
      [
        -0.0641124541363998, 
        -0.8169350370697501, 
        -0.5731552388737572
      ]
    ], 
    "trans_mat": [
      0.05343322780248829, 
      0.05830076020178708, 
      0.7767680856460626
    ]
  }, 
  {
    "img": "/media/hdd/YCBvideo/YCB_Video_Dataset/YCB_Video_Dataset/data/0005/000011-label.png", 
    "mask": "/media/hdd/YCBvideo/YCB_Video_Dataset/Generated_YCB_Video_Dataset/mask/0005/000011-mask-00.png", 
    "depth_minmax": [
      0.828, 
      0.963
    ], 
    "model": "/media/hdd/YCBvideo/YCB_Video_Dataset/YCB_Video_Dataset/models/011_banana/textured.obj", 
    "rot_mat": [
      [
        0.8679381381432334, 
        -0.48439351323485347, 
        0.10975898539806167
      ], 
      [
        -0.1911411539976266, 
        -0.5297290999613711, 
        -0.8263489671129647
      ], 
      [
        0.458421014329396, 
        0.6962393197584362, 
        -0.5523591043182481
      ]
    ], 
    "trans_mat": [
      -0.056958782805544464, 
      -0.036492111386142626, 
      0.9042255862135249
    ]
  }, 
  {
    "img": "/media/hdd/YCBvideo/YCB_Video_Dataset/YCB_Video_Dataset/data/0005/000011-label.png", 
    "mask": "/media/hdd/YCBvideo/YCB_Video_Dataset/Generated_YCB_Video_Dataset/mask/0005/000011-mask-01.png", 
    "depth_minmax": [
      0.707, 
      0.848
    ], 
    "model": "/media/hdd/YCBvideo/YCB_Video_Dataset/YCB_Video_Dataset/models/051_large_clamp/textured.obj", 
    "rot_mat": [
      [
        -0.9864969905339701, 
        -0.032350980956503975, 
        0.1605544061041441
      ], 
      [
        -0.14962347680272914, 
        0.5767102394401786, 
        -0.8031306063445599
      ], 
      [
        -0.06661144320322464, 
        -0.8163081228701151, 
        -0.5737627934909304
      ]
    ], 
    "trans_mat": [
      0.05317649418480664, 
      0.06014546290521933, 
      0.7788601696252906
    ]
  }, 
  {
    "img": "/media/hdd/YCBvideo/YCB_Video_Dataset/YCB_Video_Dataset/data/0005/000012-label.png", 
    "mask": "/media/hdd/YCBvideo/YCB_Video_Dataset/Generated_YCB_Video_Dataset/mask/0005/000012-mask-00.png", 
    "depth_minmax": [
      0.83, 
      0.968
    ], 
    "model": "/media/hdd/YCBvideo/YCB_Video_Dataset/YCB_Video_Dataset/models/011_banana/textured.obj", 
    "rot_mat": [
      [
        0.8693610269531656, 
        -0.48201399324430316, 
        0.10896976357655318
      ], 
      [
        -0.18855914557872736, 
        -0.5273728686791389, 
        -0.8284469032382351
      ], 
      [
        0.4567908798861952, 
        0.699670851739495, 
        -0.5493651543669974
      ]
    ], 
    "trans_mat": [
      -0.05552329730720017, 
      -0.033177454868466974, 
      0.9060929576155178
    ]
  }, 
  {
    "img": "/media/hdd/YCBvideo/YCB_Video_Dataset/YCB_Video_Dataset/data/0005/000012-label.png", 
    "mask": "/media/hdd/YCBvideo/YCB_Video_Dataset/Generated_YCB_Video_Dataset/mask/0005/000012-mask-01.png", 
    "depth_minmax": [
      0.71, 
      0.842
    ], 
    "model": "/media/hdd/YCBvideo/YCB_Video_Dataset/YCB_Video_Dataset/models/051_large_clamp/textured.obj", 
    "rot_mat": [
      [
        -0.9865439067528847, 
        -0.03509923183467494, 
        0.15968577647859894
      ], 
      [
        -0.15074525029695496, 
        0.5734261374514494, 
        -0.8052698178223907
      ], 
      [
        -0.06330377304871707, 
        -0.8185049789810608, 
        -0.5710006135020329
      ]
    ], 
    "trans_mat": [
      0.054182319491734764, 
      0.06305576688757666, 
      0.7800416840648505
    ]
  }, 
  {
    "img": "/media/hdd/YCBvideo/YCB_Video_Dataset/YCB_Video_Dataset/data/0005/000013-label.png", 
    "mask": "/media/hdd/YCBvideo/YCB_Video_Dataset/Generated_YCB_Video_Dataset/mask/0005/000013-mask-00.png", 
    "depth_minmax": [
      0.83, 
      0.981
    ], 
    "model": "/media/hdd/YCBvideo/YCB_Video_Dataset/YCB_Video_Dataset/models/011_banana/textured.obj", 
    "rot_mat": [
      [
        0.8698500278470462, 
        -0.48188766024631097, 
        0.10557287364251361
      ], 
      [
        -0.18963981847702005, 
        -0.5241999888972464, 
        -0.8302121262330082
      ], 
      [
        0.4554105389864619, 
        0.702137669740538, 
        -0.5473603047626754
      ]
    ], 
    "trans_mat": [
      -0.05419627077949137, 
      -0.030995495754158962, 
      0.9077800353429734
    ]
  }, 
  {
    "img": "/media/hdd/YCBvideo/YCB_Video_Dataset/YCB_Video_Dataset/data/0005/000013-label.png", 
    "mask": "/media/hdd/YCBvideo/YCB_Video_Dataset/Generated_YCB_Video_Dataset/mask/0005/000013-mask-01.png", 
    "depth_minmax": [
      0.712, 
      0.848
    ], 
    "model": "/media/hdd/YCBvideo/YCB_Video_Dataset/YCB_Video_Dataset/models/051_large_clamp/textured.obj", 
    "rot_mat": [
      [
        -0.9870761962597207, 
        -0.03535901865050628, 
        0.15630300810831743
      ], 
      [
        -0.14828943349782783, 
        0.5713086965889963, 
        -0.8072285037887921
      ], 
      [
        -0.06075476735863528, 
        -0.8199730652985845, 
        -0.5691683329938572
      ]
    ], 
    "trans_mat": [
      0.055489697331960054, 
      0.06460524362856647, 
      0.7812314066718584
    ]
  }, 
  {
    "img": "/media/hdd/YCBvideo/YCB_Video_Dataset/YCB_Video_Dataset/data/0005/000014-label.png", 
    "mask": "/media/hdd/YCBvideo/YCB_Video_Dataset/Generated_YCB_Video_Dataset/mask/0005/000014-mask-00.png", 
    "depth_minmax": [
      0.834, 
      0.968
    ], 
    "model": "/media/hdd/YCBvideo/YCB_Video_Dataset/YCB_Video_Dataset/models/011_banana/textured.obj", 
    "rot_mat": [
      [
        0.8687215151392581, 
        -0.4841837648493284, 
        0.10434488835011681
      ], 
      [
        -0.19144425233583445, 
        -0.5225401576653184, 
        -0.830844342278334
      ], 
      [
        0.45680610157180174, 
        0.701795031825379, 
        -0.5466362589553985
      ]
    ], 
    "trans_mat": [
      -0.053536756863841226, 
      -0.030547048164308484, 
      0.9089005686782591
    ]
  }, 
  {
    "img": "/media/hdd/YCBvideo/YCB_Video_Dataset/YCB_Video_Dataset/data/0005/000014-label.png", 
    "mask": "/media/hdd/YCBvideo/YCB_Video_Dataset/Generated_YCB_Video_Dataset/mask/0005/000014-mask-01.png", 
    "depth_minmax": [
      0.713, 
      0.848
    ], 
    "model": "/media/hdd/YCBvideo/YCB_Video_Dataset/YCB_Video_Dataset/models/051_large_clamp/textured.obj", 
    "rot_mat": [
      [
        -0.9873445098807032, 
        -0.032774286839014094, 
        0.15516250069775886
      ], 
      [
        -0.14592619101183374, 
        0.5708275569937965, 
        -0.8079994186853622
      ], 
      [
        -0.062089608003419616, 
        -0.8204154363761418, 
        -0.5683861914721612
      ]
    ], 
    "trans_mat": [
      0.0565656714810936, 
      0.06469890369917573, 
      0.7824461587270318
    ]
  }, 
  {
    "img": "/media/hdd/YCBvideo/YCB_Video_Dataset/YCB_Video_Dataset/data/0005/000015-label.png", 
    "mask": "/media/hdd/YCBvideo/YCB_Video_Dataset/Generated_YCB_Video_Dataset/mask/0005/000015-mask-00.png", 
    "depth_minmax": [
      0.834, 
      0.964
    ], 
    "model": "/media/hdd/YCBvideo/YCB_Video_Dataset/YCB_Video_Dataset/models/011_banana/textured.obj", 
    "rot_mat": [
      [
        0.8685335863583765, 
        -0.4847147365703581, 
        0.10344852270910597
      ], 
      [
        -0.19241220268035084, 
        -0.5221025281364818, 
        -0.8308948998903342
      ], 
      [
        0.45675786374522215, 
        0.7017542699106523, 
        -0.5467296478035264
      ]
    ], 
    "trans_mat": [
      -0.05234504289483782, 
      -0.03182448277028527, 
      0.9101906715731148
    ]
  }, 
  {
    "img": "/media/hdd/YCBvideo/YCB_Video_Dataset/YCB_Video_Dataset/data/0005/000015-label.png", 
    "mask": "/media/hdd/YCBvideo/YCB_Video_Dataset/Generated_YCB_Video_Dataset/mask/0005/000015-mask-01.png", 
    "depth_minmax": [
      0.713, 
      0.848
    ], 
    "model": "/media/hdd/YCBvideo/YCB_Video_Dataset/YCB_Video_Dataset/models/051_large_clamp/textured.obj", 
    "rot_mat": [
      [
        -0.9875011766317451, 
        -0.032196110813448114, 
        0.1542896388794584
      ], 
      [
        -0.1448746643557361, 
        0.5709495685218695, 
        -0.8081014390303229
      ], 
      [
        -0.062073902028181006, 
        -0.8203530037249925, 
        -0.5684787408332075
      ]
    ], 
    "trans_mat": [
      0.05785422097093167, 
      0.06331842672031898, 
      0.783742994848579
    ]
  }, 
  {
    "img": "/media/hdd/YCBvideo/YCB_Video_Dataset/YCB_Video_Dataset/data/0005/000016-label.png", 
    "mask": "/media/hdd/YCBvideo/YCB_Video_Dataset/Generated_YCB_Video_Dataset/mask/0005/000016-mask-00.png", 
    "depth_minmax": [
      0.834, 
      0.964
    ], 
    "model": "/media/hdd/YCBvideo/YCB_Video_Dataset/YCB_Video_Dataset/models/011_banana/textured.obj", 
    "rot_mat": [
      [
        0.8661818589160586, 
        -0.48976392458600987, 
        0.09929791252337047
      ], 
      [
        -0.19976149726656203, 
        -0.5214794210708723, 
        -0.8295515123853537
      ], 
      [
        0.45806688364311876, 
        0.6987053729971606, 
        -0.5495323252738804
      ]
    ], 
    "trans_mat": [
      -0.05108990706011811, 
      -0.034786205831915384, 
      0.9107358772119813
    ]
  }, 
  {
    "img": "/media/hdd/YCBvideo/YCB_Video_Dataset/YCB_Video_Dataset/data/0005/000016-label.png", 
    "mask": "/media/hdd/YCBvideo/YCB_Video_Dataset/Generated_YCB_Video_Dataset/mask/0005/000016-mask-01.png", 
    "depth_minmax": [
      0.715, 
      0.846
    ], 
    "model": "/media/hdd/YCBvideo/YCB_Video_Dataset/YCB_Video_Dataset/models/051_large_clamp/textured.obj", 
    "rot_mat": [
      [
        -0.9882783189028582, 
        -0.026536426272444735, 
        0.15033786445841885
      ], 
      [
        -0.13817952557680713, 
        0.5741422678930351, 
        -0.8070120190289655
      ], 
      [
        -0.06490060467747341, 
        -0.8183255258346996, 
        -0.5710793946808633
      ]
    ], 
    "trans_mat": [
      0.06002557044451564, 
      0.06009475602516995, 
      0.784894631716025
    ]
  }, 
  {
    "img": "/media/hdd/YCBvideo/YCB_Video_Dataset/YCB_Video_Dataset/data/0005/000017-label.png", 
    "mask": "/media/hdd/YCBvideo/YCB_Video_Dataset/Generated_YCB_Video_Dataset/mask/0005/000017-mask-00.png", 
    "depth_minmax": [
      0.836, 
      0.962
    ], 
    "model": "/media/hdd/YCBvideo/YCB_Video_Dataset/YCB_Video_Dataset/models/011_banana/textured.obj", 
    "rot_mat": [
      [
        0.866874740685248, 
        -0.48957072901399445, 
        0.09407063199110816
      ], 
      [
        -0.20467044088862124, 
        -0.521562844067107, 
        -0.8283008664488805
      ], 
      [
        0.45457615891020464, 
        0.6987790543134009, 
        -0.5523301139533148
      ]
    ], 
    "trans_mat": [
      -0.05189680355890637, 
      -0.03690341571662354, 
      0.9117305858148046
    ]
  }, 
  {
    "img": "/media/hdd/YCBvideo/YCB_Video_Dataset/YCB_Video_Dataset/data/0005/000017-label.png", 
    "mask": "/media/hdd/YCBvideo/YCB_Video_Dataset/Generated_YCB_Video_Dataset/mask/0005/000017-mask-01.png", 
    "depth_minmax": [
      0.715, 
      0.848
    ], 
    "model": "/media/hdd/YCBvideo/YCB_Video_Dataset/YCB_Video_Dataset/models/051_large_clamp/textured.obj", 
    "rot_mat": [
      [
        -0.9890468895783365, 
        -0.02690460457114752, 
        0.14513059881813437
      ], 
      [
        -0.13394427142592266, 
        0.5766932666316198, 
        -0.8059057581827364
      ], 
      [
        -0.062013319413642305, 
        -0.8165179298474454, 
        -0.573980150221867
      ]
    ], 
    "trans_mat": [
      0.05918749865988559, 
      0.05789894210389835, 
      0.7858024796464707
    ]
  }, 
  {
    "img": "/media/hdd/YCBvideo/YCB_Video_Dataset/YCB_Video_Dataset/data/0005/000018-label.png", 
    "mask": "/media/hdd/YCBvideo/YCB_Video_Dataset/Generated_YCB_Video_Dataset/mask/0005/000018-mask-00.png", 
    "depth_minmax": [
      0.836, 
      0.95
    ], 
    "model": "/media/hdd/YCBvideo/YCB_Video_Dataset/YCB_Video_Dataset/models/011_banana/textured.obj", 
    "rot_mat": [
      [
        0.8637568184769383, 
        -0.4950659869881557, 
        0.09398457377338411
      ], 
      [
        -0.20822270790515465, 
        -0.5204979382397736, 
        -0.8280850375592363
      ], 
      [
        0.4588757024260091, 
        0.6956949977421908, 
        -0.5526684202256271
      ]
    ], 
    "trans_mat": [
      -0.05220258673614683, 
      -0.03677978358145211, 
      0.9120809331796869
    ]
  }, 
  {
    "img": "/media/hdd/YCBvideo/YCB_Video_Dataset/YCB_Video_Dataset/data/0005/000018-label.png", 
    "mask": "/media/hdd/YCBvideo/YCB_Video_Dataset/Generated_YCB_Video_Dataset/mask/0005/000018-mask-01.png", 
    "depth_minmax": [
      0.725, 
      0.844
    ], 
    "model": "/media/hdd/YCBvideo/YCB_Video_Dataset/YCB_Video_Dataset/models/051_large_clamp/textured.obj", 
    "rot_mat": [
      [
        -0.9891823445953131, 
        -0.02058818261347232, 
        0.14523635430292195
      ], 
      [
        -0.13034073616727673, 
        0.5775937045733155, 
        -0.8058514747276916
      ], 
      [
        -0.06729577357970576, 
        -0.816064999285754, 
        -0.5740297899911301
      ]
    ], 
    "trans_mat": [
      0.05987445209432853, 
      0.057748819118950655, 
      0.7868284079641336
    ]
  }, 
  {
    "img": "/media/hdd/YCBvideo/YCB_Video_Dataset/YCB_Video_Dataset/data/0005/000019-label.png", 
    "mask": "/media/hdd/YCBvideo/YCB_Video_Dataset/Generated_YCB_Video_Dataset/mask/0005/000019-mask-00.png", 
    "depth_minmax": [
      0.836, 
      0.966
    ], 
    "model": "/media/hdd/YCBvideo/YCB_Video_Dataset/YCB_Video_Dataset/models/011_banana/textured.obj", 
    "rot_mat": [
      [
        0.8682189452588589, 
        -0.4877381008103695, 
        0.09114052204867384
      ], 
      [
        -0.20682739638619643, 
        -0.5227140902638907, 
        -0.8270382913515183
      ], 
      [
        0.4510189491424991, 
        0.6991997310296569, 
        -0.5547092224458579
      ]
    ], 
    "trans_mat": [
      -0.05037875619308657, 
      -0.038726940150264275, 
      0.9133896534557671
    ]
  }, 
  {
    "img": "/media/hdd/YCBvideo/YCB_Video_Dataset/YCB_Video_Dataset/data/0005/000019-label.png", 
    "mask": "/media/hdd/YCBvideo/YCB_Video_Dataset/Generated_YCB_Video_Dataset/mask/0005/000019-mask-01.png", 
    "depth_minmax": [
      0.719, 
      0.848
    ], 
    "model": "/media/hdd/YCBvideo/YCB_Video_Dataset/YCB_Video_Dataset/models/051_large_clamp/textured.obj", 
    "rot_mat": [
      [
        -0.9894172636429652, 
        -0.029080643941720666, 
        0.14215089527738636
      ], 
      [
        -0.13261540053527654, 
        0.5787498380524311, 
        -0.8046501572015825
      ], 
      [
        -0.05886991939380558, 
        -0.8149862752414988, 
        -0.5764829348327961
      ]
    ], 
    "trans_mat": [
      0.060376081397007, 
      0.05625574046190889, 
      0.7873074369767806
    ]
  }, 
  {
    "img": "/media/hdd/YCBvideo/YCB_Video_Dataset/YCB_Video_Dataset/data/0005/000020-label.png", 
    "mask": "/media/hdd/YCBvideo/YCB_Video_Dataset/Generated_YCB_Video_Dataset/mask/0005/000020-mask-00.png", 
    "depth_minmax": [
      0.836, 
      0.972
    ], 
    "model": "/media/hdd/YCBvideo/YCB_Video_Dataset/YCB_Video_Dataset/models/011_banana/textured.obj", 
    "rot_mat": [
      [
        0.8664297087280822, 
        -0.4913298697217997, 
        0.08884885612513425
      ], 
      [
        -0.2103530515574684, 
        -0.5205819903187667, 
        -0.8274938299254533
      ], 
      [
        0.45282582332144594, 
        0.6982747894485327, 
        -0.55440174549201
      ]
    ], 
    "trans_mat": [
      -0.049822147748169454, 
      -0.03963209966827549, 
      0.9134814861237772
    ]
  }, 
  {
    "img": "/media/hdd/YCBvideo/YCB_Video_Dataset/YCB_Video_Dataset/data/0005/000020-label.png", 
    "mask": "/media/hdd/YCBvideo/YCB_Video_Dataset/Generated_YCB_Video_Dataset/mask/0005/000020-mask-01.png", 
    "depth_minmax": [
      0.72, 
      0.85
    ], 
    "model": "/media/hdd/YCBvideo/YCB_Video_Dataset/YCB_Video_Dataset/models/051_large_clamp/textured.obj", 
    "rot_mat": [
      [
        -0.9898357955457926, 
        -0.02501428785823745, 
        0.1399960194572591
      ], 
      [
        -0.12852466524308348, 
        0.5787404130801748, 
        -0.8053205339679277
      ], 
      [
        -0.060876859344442355, 
        -0.8151275624887961, 
        -0.5760741774587118
      ]
    ], 
    "trans_mat": [
      0.061583135386778044, 
      0.05487164135945089, 
      0.7876126546580252
    ]
  }, 
  {
    "img": "/media/hdd/YCBvideo/YCB_Video_Dataset/YCB_Video_Dataset/data/0005/000021-label.png", 
    "mask": "/media/hdd/YCBvideo/YCB_Video_Dataset/Generated_YCB_Video_Dataset/mask/0005/000021-mask-00.png", 
    "depth_minmax": [
      0.836, 
      0.96
    ], 
    "model": "/media/hdd/YCBvideo/YCB_Video_Dataset/YCB_Video_Dataset/models/011_banana/textured.obj", 
    "rot_mat": [
      [
        0.8654067482574134, 
        -0.49322134197344797, 
        0.08834021308189233
      ], 
      [
        -0.2128311815034552, 
        -0.5214347728766625, 
        -0.8263227440197459
      ], 
      [
        0.45362404485434454, 
        0.6963034924253008, 
        -0.5562266017622842
      ]
    ], 
    "trans_mat": [
      -0.050523005192041205, 
      -0.0419513911227892, 
      0.913595840265629
    ]
  }, 
  {
    "img": "/media/hdd/YCBvideo/YCB_Video_Dataset/YCB_Video_Dataset/data/0005/000021-label.png", 
    "mask": "/media/hdd/YCBvideo/YCB_Video_Dataset/Generated_YCB_Video_Dataset/mask/0005/000021-mask-01.png", 
    "depth_minmax": [
      0.721, 
      0.856
    ], 
    "model": "/media/hdd/YCBvideo/YCB_Video_Dataset/YCB_Video_Dataset/models/051_large_clamp/textured.obj", 
    "rot_mat": [
      [
        -0.9899505098074666, 
        -0.02285191828658842, 
        0.13955575441880014
      ], 
      [
        -0.12677251300484077, 
        0.5807081328900585, 
        -0.8041813039045432
      ], 
      [
        -0.06266384858938656, 
        -0.8137916296615222, 
        -0.5777698267235347
      ]
    ], 
    "trans_mat": [
      0.06122425731041788, 
      0.052668973830684467, 
      0.7881181386653403
    ]
  }, 
  {
    "img": "/media/hdd/YCBvideo/YCB_Video_Dataset/YCB_Video_Dataset/data/0005/000022-label.png", 
    "mask": "/media/hdd/YCBvideo/YCB_Video_Dataset/Generated_YCB_Video_Dataset/mask/0005/000022-mask-00.png", 
    "depth_minmax": [
      0.835, 
      0.957
    ], 
    "model": "/media/hdd/YCBvideo/YCB_Video_Dataset/YCB_Video_Dataset/models/011_banana/textured.obj", 
    "rot_mat": [
      [
        0.8655395015194337, 
        -0.4930360812264405, 
        0.08807418977373686
      ], 
      [
        -0.2138841213148079, 
        -0.522879145834063, 
        -0.8251368702675799
      ], 
      [
        0.4528744163716138, 
        0.6953510711851123, 
        -0.5580256224818723
      ]
    ], 
    "trans_mat": [
      -0.04960816222501815, 
      -0.04467745812008764, 
      0.9135506526776597
    ]
  }, 
  {
    "img": "/media/hdd/YCBvideo/YCB_Video_Dataset/YCB_Video_Dataset/data/0005/000022-label.png", 
    "mask": "/media/hdd/YCBvideo/YCB_Video_Dataset/Generated_YCB_Video_Dataset/mask/0005/000022-mask-01.png", 
    "depth_minmax": [
      0.719, 
      0.862
    ], 
    "model": "/media/hdd/YCBvideo/YCB_Video_Dataset/YCB_Video_Dataset/models/051_large_clamp/textured.obj", 
    "rot_mat": [
      [
        -0.9899836884739835, 
        -0.02307117087194864, 
        0.139284570228131
      ], 
      [
        -0.12654476862984007, 
        0.5824526656450065, 
        -0.8029541402688781
      ], 
      [
        -0.06260082016840737, 
        -0.812537516727047, 
        -0.5795386548549236
      ]
    ], 
    "trans_mat": [
      0.06210577771229984, 
      0.05020103811516601, 
      0.7882382594731431
    ]
  }, 
  {
    "img": "/media/hdd/YCBvideo/YCB_Video_Dataset/YCB_Video_Dataset/data/0005/000023-label.png", 
    "mask": "/media/hdd/YCBvideo/YCB_Video_Dataset/Generated_YCB_Video_Dataset/mask/0005/000023-mask-00.png", 
    "depth_minmax": [
      0.836, 
      0.96
    ], 
    "model": "/media/hdd/YCBvideo/YCB_Video_Dataset/YCB_Video_Dataset/models/011_banana/textured.obj", 
    "rot_mat": [
      [
        0.8688546326135789, 
        -0.48717289800363617, 
        0.08805408502118835
      ], 
      [
        -0.21147316236282404, 
        -0.5260417568298548, 
        -0.823747257440706
      ], 
      [
        0.4476275464516219, 
        0.697095169553385, 
        -0.5600781810954298
      ]
    ], 
    "trans_mat": [
      -0.04916796400539843, 
      -0.044391642246300385, 
      0.9137654094735563
    ]
  }, 
  {
    "img": "/media/hdd/YCBvideo/YCB_Video_Dataset/YCB_Video_Dataset/data/0005/000023-label.png", 
    "mask": "/media/hdd/YCBvideo/YCB_Video_Dataset/Generated_YCB_Video_Dataset/mask/0005/000023-mask-01.png", 
    "depth_minmax": [
      0.719, 
      0.866
    ], 
    "model": "/media/hdd/YCBvideo/YCB_Video_Dataset/YCB_Video_Dataset/models/051_large_clamp/textured.obj", 
    "rot_mat": [
      [
        -0.9898350937514763, 
        -0.029801309695218523, 
        0.13905966492027802
      ], 
      [
        -0.13015652228101532, 
        0.5838904659582008, 
        -0.8013312323839316
      ], 
      [
        -0.05731448050087355, 
        -0.8112851414877594, 
        -0.5818344505968525
      ]
    ], 
    "trans_mat": [
      0.06148638001995565, 
      0.0511429499663787, 
      0.7880123232208658
    ]
  }, 
  {
    "img": "/media/hdd/YCBvideo/YCB_Video_Dataset/YCB_Video_Dataset/data/0005/000024-label.png", 
    "mask": "/media/hdd/YCBvideo/YCB_Video_Dataset/Generated_YCB_Video_Dataset/mask/0005/000024-mask-00.png", 
    "depth_minmax": [
      0.836, 
      0.959
    ], 
    "model": "/media/hdd/YCBvideo/YCB_Video_Dataset/YCB_Video_Dataset/models/011_banana/textured.obj", 
    "rot_mat": [
      [
        0.8662370451587237, 
        -0.49164421307363443, 
        0.08898776379696566
      ], 
      [
        -0.21144313008200916, 
        -0.5220977288378063, 
        -0.8262599901697818
      ], 
      [
        0.4526866245142619, 
        0.696920396492418, 
        -0.5562160308664342
      ]
    ], 
    "trans_mat": [
      -0.050264580316537584, 
      -0.04245102594000327, 
      0.9134757426723328
    ]
  }, 
  {
    "img": "/media/hdd/YCBvideo/YCB_Video_Dataset/YCB_Video_Dataset/data/0005/000024-label.png", 
    "mask": "/media/hdd/YCBvideo/YCB_Video_Dataset/Generated_YCB_Video_Dataset/mask/0005/000024-mask-01.png", 
    "depth_minmax": [
      0.718, 
      0.856
    ], 
    "model": "/media/hdd/YCBvideo/YCB_Video_Dataset/YCB_Video_Dataset/models/051_large_clamp/textured.obj", 
    "rot_mat": [
      [
        -0.989823761757175, 
        -0.02464984003981681, 
        0.1401452151392145
      ], 
      [
        -0.12829899726694546, 
        0.5805638229991127, 
        -0.8040429010423177
      ], 
      [
        -0.06154377115500441, 
        -0.8138409007027583, 
        -0.5778192045602764
      ]
    ], 
    "trans_mat": [
      0.06119742150254134, 
      0.05232387726206692, 
      0.7878612996347945
    ]
  }, 
  {
    "img": "/media/hdd/YCBvideo/YCB_Video_Dataset/YCB_Video_Dataset/data/0005/000025-label.png", 
