[
  {
    "img": "/media/hdd/YCBvideo/YCB_Video_Dataset/YCB_Video_Dataset/data/0007/000001-label.png", 
    "mask": "/media/hdd/YCBvideo/YCB_Video_Dataset/Generated_YCB_Video_Dataset/mask/0007/000001-mask-00.png", 
    "depth_minmax": [
      1.133, 
      1.325
    ], 
    "model": "/media/hdd/YCBvideo/YCB_Video_Dataset/YCB_Video_Dataset/models/003_cracker_box/textured.obj", 
    "rot_mat": [
      [
        -0.7293733369747051, 
        0.6828316065289812, 
        -0.04189128568811133
      ], 
      [
        0.42252013381458137, 
        0.4014664297189766, 
        -0.8125893185738838
      ], 
      [
        -0.538044153576348, 
        -0.610381117626364, 
        -0.5813291520339207
      ]
    ], 
    "trans_mat": [
      0.0533584305534732, 
      -0.09816659244378621, 
      1.2385119864253795
    ]
  }, 
  {
    "img": "/media/hdd/YCBvideo/YCB_Video_Dataset/YCB_Video_Dataset/data/0007/000001-label.png", 
    "mask": "/media/hdd/YCBvideo/YCB_Video_Dataset/Generated_YCB_Video_Dataset/mask/0007/000001-mask-01.png", 
    "depth_minmax": [
      1.134, 
      1.197
    ], 
    "model": "/media/hdd/YCBvideo/YCB_Video_Dataset/YCB_Video_Dataset/models/021_bleach_cleanser/textured.obj", 
    "rot_mat": [
      [
        0.10626553383467528, 
        0.026960531712754518, 
        0.9939722620453212
      ], 
      [
        0.5730941760938648, 
        0.8152369335496281, 
        -0.08338236649263027
      ], 
      [
        -0.8125706406737655, 
        0.5785005658900434, 
        0.07118067711970666
      ]
    ], 
    "trans_mat": [
      -0.07962389693529653, 
      0.05699700503717648, 
      1.1791267207273652
    ]
  }, 
  {
    "img": "/media/hdd/YCBvideo/YCB_Video_Dataset/YCB_Video_Dataset/data/0007/000001-label.png", 
    "mask": "/media/hdd/YCBvideo/YCB_Video_Dataset/Generated_YCB_Video_Dataset/mask/0007/000001-mask-02.png", 
    "depth_minmax": [
      0.996, 
      1.113
    ], 
    "model": "/media/hdd/YCBvideo/YCB_Video_Dataset/YCB_Video_Dataset/models/024_bowl/textured.obj", 
    "rot_mat": [
      [
        -0.33468559840509476, 
        0.9374116668266138, 
        -0.09615226519916883
      ], 
      [
        0.5942866324679361, 
        0.13078238193705843, 
        -0.793548908882981
      ], 
      [
        -0.7313065970491891, 
        -0.3227308325185221, 
        -0.6008623087934727
      ]
    ], 
    "trans_mat": [
      -0.016445187806930002, 
      0.16428889012966852, 
      1.0242530867856356
    ]
  }, 
  {
    "img": "/media/hdd/YCBvideo/YCB_Video_Dataset/YCB_Video_Dataset/data/0007/000001-label.png", 
    "mask": "/media/hdd/YCBvideo/YCB_Video_Dataset/Generated_YCB_Video_Dataset/mask/0007/000001-mask-03.png", 
    "depth_minmax": [
      1.026, 
      1.141
    ], 
    "model": "/media/hdd/YCBvideo/YCB_Video_Dataset/YCB_Video_Dataset/models/025_mug/textured.obj", 
    "rot_mat": [
      [
        0.3574339705276425, 
        0.9310088667982858, 
        -0.07392313575284759
      ], 
      [
        0.5316029096035737, 
        -0.2678941819884371, 
        -0.8035118243700831
      ], 
      [
        -0.7678795898702121, 
        0.24790486132029316, 
        -0.5906811275052171
      ]
    ], 
    "trans_mat": [
      0.13476548936768457, 
      0.09329192026703616, 
      1.084882954343063
    ]
  }, 
  {
    "img": "/media/hdd/YCBvideo/YCB_Video_Dataset/YCB_Video_Dataset/data/0007/000002-label.png", 
    "mask": "/media/hdd/YCBvideo/YCB_Video_Dataset/Generated_YCB_Video_Dataset/mask/0007/000002-mask-00.png", 
    "depth_minmax": [
      1.133, 
      1.322
    ], 
    "model": "/media/hdd/YCBvideo/YCB_Video_Dataset/YCB_Video_Dataset/models/003_cracker_box/textured.obj", 
    "rot_mat": [
      [
        -0.7295495971404146, 
        0.6826484433769668, 
        -0.0418027836336716
      ], 
      [
        0.4230054344396821, 
        0.4023505904119267, 
        -0.8118994497769517
      ], 
      [
        -0.5374229239042775, 
        -0.6100038961811904, 
        -0.5822993640511289
      ]
    ], 
    "trans_mat": [
      0.054463256550168794, 
      -0.09818555645192184, 
      1.2385840672642368
    ]
  }, 
  {
    "img": "/media/hdd/YCBvideo/YCB_Video_Dataset/YCB_Video_Dataset/data/0007/000002-label.png", 
    "mask": "/media/hdd/YCBvideo/YCB_Video_Dataset/Generated_YCB_Video_Dataset/mask/0007/000002-mask-01.png", 
    "depth_minmax": [
      1.134, 
      1.191
    ], 
    "model": "/media/hdd/YCBvideo/YCB_Video_Dataset/YCB_Video_Dataset/models/021_bleach_cleanser/textured.obj", 
    "rot_mat": [
      [
        0.10601337428676404, 
        0.026871011679952712, 
        0.9940014295933645
      ], 
      [
        0.5740938909396467, 
        0.8145471649884394, 
        -0.08324832890901787
      ], 
      [
        -0.8118976699759269, 
        0.5794762750868127, 
        0.07092643928604406
      ]
    ], 
    "trans_mat": [
      -0.07856238182175546, 
      0.05701995192217458, 
      1.1794059818134797
    ]
  }, 
  {
    "img": "/media/hdd/YCBvideo/YCB_Video_Dataset/YCB_Video_Dataset/data/0007/000002-label.png", 
    "mask": "/media/hdd/YCBvideo/YCB_Video_Dataset/Generated_YCB_Video_Dataset/mask/0007/000002-mask-02.png", 
    "depth_minmax": [
      0.997, 
      1.115
    ], 
    "model": "/media/hdd/YCBvideo/YCB_Video_Dataset/YCB_Video_Dataset/models/024_bowl/textured.obj", 
    "rot_mat": [
      [
        -0.334929711597007, 
        0.9373326172802435, 
        -0.09607097003305044
      ], 
      [
        0.5950912776040338, 
        0.13137721920130507, 
        -0.7928475599629666
      ], 
      [
        -0.7305398889144744, 
        -0.32271862692030745, 
        -0.6018012146570773
      ]
    ], 
    "trans_mat": [
      -0.01543131666656862, 
      0.16451186163399217, 
      1.0246516353821622
    ]
  }, 
  {
    "img": "/media/hdd/YCBvideo/YCB_Video_Dataset/YCB_Video_Dataset/data/0007/000002-label.png", 
    "mask": "/media/hdd/YCBvideo/YCB_Video_Dataset/Generated_YCB_Video_Dataset/mask/0007/000002-mask-03.png", 
    "depth_minmax": [
      1.025, 
      1.171
    ], 
    "model": "/media/hdd/YCBvideo/YCB_Video_Dataset/YCB_Video_Dataset/models/025_mug/textured.obj", 
    "rot_mat": [
      [
        0.3571978166151636, 
        0.9311060516254439, 
        -0.07383807437241771
      ], 
      [
        0.5326044122726273, 
        -0.2679863380760983, 
        -0.8028177960965186
      ], 
      [
        -0.7672954285079598, 
        0.24743844991224132, 
        -0.5916354597707499
      ]
    ], 
    "trans_mat": [
      0.13580435037871422, 
      0.09347546317420123, 
      1.0851726929614107
    ]
  }, 
  {
    "img": "/media/hdd/YCBvideo/YCB_Video_Dataset/YCB_Video_Dataset/data/0007/000003-label.png", 
    "mask": "/media/hdd/YCBvideo/YCB_Video_Dataset/Generated_YCB_Video_Dataset/mask/0007/000003-mask-00.png", 
    "depth_minmax": [
      1.13, 
      1.325
    ], 
    "model": "/media/hdd/YCBvideo/YCB_Video_Dataset/YCB_Video_Dataset/models/003_cracker_box/textured.obj", 
    "rot_mat": [
      [
        -0.7291086758668606, 
        0.6831319863116447, 
        -0.041600193116525214
      ], 
      [
        0.4214059159090438, 
        0.40021167167330735, 
        -0.8137859463287193
      ], 
      [
        -0.5392746196048828, 
        -0.6108690101848476, 
        -0.5796742795111524
      ]
    ], 
    "trans_mat": [
      0.053220694981363496, 
      -0.09774147387888467, 
      1.2388433061685211
    ]
  }, 
  {
    "img": "/media/hdd/YCBvideo/YCB_Video_Dataset/YCB_Video_Dataset/data/0007/000003-label.png", 
    "mask": "/media/hdd/YCBvideo/YCB_Video_Dataset/Generated_YCB_Video_Dataset/mask/0007/000003-mask-01.png", 
    "depth_minmax": [
      1.134, 
      1.191
    ], 
    "model": "/media/hdd/YCBvideo/YCB_Video_Dataset/YCB_Video_Dataset/models/021_bleach_cleanser/textured.obj", 
    "rot_mat": [
      [
        0.106665353555524, 
        0.02667083010552456, 
        0.9939372523388126
      ], 
      [
        0.5714188617183005, 
        0.8164276359562986, 
        -0.08322949842080553
      ], 
      [
        -0.8136971288280563, 
        0.5768328534723056, 
        0.07184434275223227
      ]
    ], 
    "trans_mat": [
      -0.07973286212635358, 
      0.05729859473737749, 
      1.179072629659026
    ]
  }, 
  {
    "img": "/media/hdd/YCBvideo/YCB_Video_Dataset/YCB_Video_Dataset/data/0007/000003-label.png", 
    "mask": "/media/hdd/YCBvideo/YCB_Video_Dataset/Generated_YCB_Video_Dataset/mask/0007/000003-mask-02.png", 
    "depth_minmax": [
      0.995, 
      1.11
    ], 
    "model": "/media/hdd/YCBvideo/YCB_Video_Dataset/YCB_Video_Dataset/models/024_bowl/textured.obj", 
    "rot_mat": [
      [
        -0.3343260351297296, 
        0.9375707541009347, 
        -0.09585157623301563
      ], 
      [
        0.5927761040165471, 
        0.13012259103825996, 
        -0.7947861624415611
      ], 
      [
        -0.7326951981384096, 
        -0.3225355917626227, 
        -0.5992734853748963
      ]
    ], 
    "trans_mat": [
      -0.016477945758340863, 
      0.16427143231273633, 
      1.0240095315803377
    ]
  }, 
  {
    "img": "/media/hdd/YCBvideo/YCB_Video_Dataset/YCB_Video_Dataset/data/0007/000003-label.png", 
    "mask": "/media/hdd/YCBvideo/YCB_Video_Dataset/Generated_YCB_Video_Dataset/mask/0007/000003-mask-03.png", 
    "depth_minmax": [
      1.025, 
      1.175
    ], 
    "model": "/media/hdd/YCBvideo/YCB_Video_Dataset/YCB_Video_Dataset/models/025_mug/textured.obj", 
    "rot_mat": [
      [
        0.35781181004432827, 
        0.9308871528271921, 
        -0.07362744777508795
      ], 
      [
        0.5300213056213199, 
        -0.2673770643845722, 
        -0.8047279390781952
      ], 
      [
        -0.7687963555417857, 
        0.24891716174338221, 
        -0.5890607943824847
      ]
    ], 
    "trans_mat": [
      0.13470299586028822, 
      0.09340048477712372, 
      1.0848604047836672
    ]
  }, 
  {
    "img": "/media/hdd/YCBvideo/YCB_Video_Dataset/YCB_Video_Dataset/data/0007/000004-label.png", 
    "mask": "/media/hdd/YCBvideo/YCB_Video_Dataset/Generated_YCB_Video_Dataset/mask/0007/000004-mask-00.png", 
    "depth_minmax": [
      1.133, 
      1.322
    ], 
    "model": "/media/hdd/YCBvideo/YCB_Video_Dataset/YCB_Video_Dataset/models/003_cracker_box/textured.obj", 
    "rot_mat": [
      [
        -0.7287178395065997, 
        0.6835066799560616, 
        -0.04227406657786498
      ], 
      [
        0.4228485468418787, 
        0.40054273694083725, 
        -0.8128739850342738
      ], 
      [
        -0.5386733655245223, 
        -0.6102323129782251, 
        -0.5809025419430899
      ]
    ], 
    "trans_mat": [
      0.05241717799302629, 
      -0.09790705825123275, 
      1.23879472093921
    ]
  }, 
  {
    "img": "/media/hdd/YCBvideo/YCB_Video_Dataset/YCB_Video_Dataset/data/0007/000004-label.png", 
    "mask": "/media/hdd/YCBvideo/YCB_Video_Dataset/Generated_YCB_Video_Dataset/mask/0007/000004-mask-01.png", 
    "depth_minmax": [
      1.134, 
      1.195
    ], 
    "model": "/media/hdd/YCBvideo/YCB_Video_Dataset/YCB_Video_Dataset/models/021_bleach_cleanser/textured.obj", 
    "rot_mat": [
      [
        0.10719830732252202, 
        0.027347137174451874, 
        0.9938609407508643
      ], 
      [
        0.5725535147670523, 
        0.8155328506011446, 
        -0.08419613407610343
      ], 
      [
        -0.8128295334680847, 
        0.5780643906356489, 
        0.0717661450694159
      ]
    ], 
    "trans_mat": [
      -0.0803995136198695, 
      0.057337750379896926, 
      1.1792515366592353
    ]
  }, 
  {
    "img": "/media/hdd/YCBvideo/YCB_Video_Dataset/YCB_Video_Dataset/data/0007/000004-label.png", 
    "mask": "/media/hdd/YCBvideo/YCB_Video_Dataset/Generated_YCB_Video_Dataset/mask/0007/000004-mask-02.png", 
    "depth_minmax": [
      0.997, 
      1.109
    ], 
    "model": "/media/hdd/YCBvideo/YCB_Video_Dataset/YCB_Video_Dataset/models/024_bowl/textured.obj", 
    "rot_mat": [
      [
        -0.33377819549205134, 
        0.9376979660651846, 
        -0.09650803875216832
      ], 
      [
        0.5941693458534072, 
        0.12979932986915563, 
        -0.7937978092470817
      ], 
      [
        -0.7318165175652268, 
        -0.3222943305235545, 
        -0.600475663850837
      ]
    ], 
    "trans_mat": [
      -0.01704473295693349, 
      0.1644897444483285, 
      1.0243529237962525
    ]
  }, 
  {
    "img": "/media/hdd/YCBvideo/YCB_Video_Dataset/YCB_Video_Dataset/data/0007/000004-label.png", 
    "mask": "/media/hdd/YCBvideo/YCB_Video_Dataset/Generated_YCB_Video_Dataset/mask/0007/000004-mask-03.png", 
    "depth_minmax": [
      1.027, 
      1.171
    ], 
    "model": "/media/hdd/YCBvideo/YCB_Video_Dataset/YCB_Video_Dataset/models/025_mug/textured.obj", 
    "rot_mat": [
      [
        0.3583065922122512, 
        0.9306432922388678, 
        -0.07429301266102359
      ], 
      [
        0.5308713879393142, 
        -0.2685561107669921, 
        -0.8037741713200844
      ], 
      [
        -0.7679792591239963, 
        0.24855810391853056, 
        -0.590276915198139
      ]
    ], 
    "trans_mat": [
      0.13407191448961403, 
      0.0933965416447176, 
      1.0851040764643733
    ]
  }, 
  {
    "img": "/media/hdd/YCBvideo/YCB_Video_Dataset/YCB_Video_Dataset/data/0007/000005-label.png", 
    "mask": "/media/hdd/YCBvideo/YCB_Video_Dataset/Generated_YCB_Video_Dataset/mask/0007/000005-mask-00.png", 
    "depth_minmax": [
      1.133, 
      1.322
    ], 
    "model": "/media/hdd/YCBvideo/YCB_Video_Dataset/YCB_Video_Dataset/models/003_cracker_box/textured.obj", 
    "rot_mat": [
      [
        -0.7280185007340214, 
        0.6843466100121756, 
        -0.04070562280436945
      ], 
      [
        0.42325058664246207, 
        0.40196451327456123, 
        -0.8119625573941349
      ], 
      [
        -0.5393024195807454, 
        -0.6083531150620884, 
        -0.5822876255742337
      ]
    ], 
    "trans_mat": [
      0.05244860887450958, 
      -0.09739609351888182, 
      1.238733718147575
    ]
  }, 
  {
    "img": "/media/hdd/YCBvideo/YCB_Video_Dataset/YCB_Video_Dataset/data/0007/000005-label.png", 
    "mask": "/media/hdd/YCBvideo/YCB_Video_Dataset/Generated_YCB_Video_Dataset/mask/0007/000005-mask-01.png", 
    "depth_minmax": [
      1.134, 
      1.199
    ], 
    "model": "/media/hdd/YCBvideo/YCB_Video_Dataset/YCB_Video_Dataset/models/021_bleach_cleanser/textured.obj", 
    "rot_mat": [
      [
        0.10829347285169125, 
        0.025782121291510612, 
        0.9937840402408608
      ], 
      [
        0.5739329634705794, 
        0.8146164414012983, 
        -0.08367546006602462
      ], 
      [
        -0.8117104472861155, 
        0.579426881881107, 
        0.07342047870365878
      ]
    ], 
    "trans_mat": [
      -0.08036043205401777, 
      0.057859538256224904, 
      1.1792018218379894
    ]
  }, 
  {
    "img": "/media/hdd/YCBvideo/YCB_Video_Dataset/YCB_Video_Dataset/data/0007/000005-label.png", 
    "mask": "/media/hdd/YCBvideo/YCB_Video_Dataset/Generated_YCB_Video_Dataset/mask/0007/000005-mask-02.png", 
    "depth_minmax": [
      0.991, 
      1.109
    ], 
    "model": "/media/hdd/YCBvideo/YCB_Video_Dataset/YCB_Video_Dataset/models/024_bowl/textured.obj", 
    "rot_mat": [
      [
        -0.3328419732902364, 
        0.9381930693436721, 
        -0.0949165191051634
      ], 
      [
        0.5951356856333795, 
        0.13091961384804462, 
        -0.7928895499174577
      ], 
      [
        -0.7314572171768089, 
        -0.3203947815125716, 
        -0.6019276179997157
      ]
    ], 
    "trans_mat": [
      -0.01679576869253516, 
      0.1653018980246857, 
      1.0245906403391574
    ]
  }, 
  {
    "img": "/media/hdd/YCBvideo/YCB_Video_Dataset/YCB_Video_Dataset/data/0007/000005-label.png", 
    "mask": "/media/hdd/YCBvideo/YCB_Video_Dataset/Generated_YCB_Video_Dataset/mask/0007/000005-mask-03.png", 
    "depth_minmax": [
      1.025, 
      1.171
    ], 
    "model": "/media/hdd/YCBvideo/YCB_Video_Dataset/YCB_Video_Dataset/models/025_mug/textured.obj", 
    "rot_mat": [
      [
        0.3593473449014223, 
        0.9303667222268619, 
        -0.07271348236323451
      ], 
      [
        0.5323393053977934, 
        -0.2683609349211339, 
        -0.8028681310284119
      ], 
      [
        -0.7664751899526033, 
        0.24980067522109312, 
        -0.5917049726180782
      ]
    ], 
    "trans_mat": [
      0.13425692661743124, 
      0.09420752295590956, 
      1.0854991698894174
    ]
  }, 
  {
    "img": "/media/hdd/YCBvideo/YCB_Video_Dataset/YCB_Video_Dataset/data/0007/000006-label.png", 
    "mask": "/media/hdd/YCBvideo/YCB_Video_Dataset/Generated_YCB_Video_Dataset/mask/0007/000006-mask-00.png", 
    "depth_minmax": [
      1.133, 
      1.322
    ], 
    "model": "/media/hdd/YCBvideo/YCB_Video_Dataset/YCB_Video_Dataset/models/003_cracker_box/textured.obj", 
    "rot_mat": [
      [
        -0.7290806990888992, 
        0.6832189075663648, 
        -0.040643429366767195
      ], 
      [
        0.4223077157854266, 
        0.402335311129708, 
        -0.8122699645072472
      ], 
      [
        -0.5386063012709157, 
        -0.6093745564805227, 
        -0.5818642660583903
      ]
    ], 
    "trans_mat": [
      0.05365989915123986, 
      -0.09696410119746371, 
      1.2390841487316955
    ]
  }, 
  {
    "img": "/media/hdd/YCBvideo/YCB_Video_Dataset/YCB_Video_Dataset/data/0007/000006-label.png", 
    "mask": "/media/hdd/YCBvideo/YCB_Video_Dataset/Generated_YCB_Video_Dataset/mask/0007/000006-mask-01.png", 
    "depth_minmax": [
      1.134, 
      1.196
    ], 
    "model": "/media/hdd/YCBvideo/YCB_Video_Dataset/YCB_Video_Dataset/models/021_bleach_cleanser/textured.obj", 
    "rot_mat": [
      [
        0.10675374049006608, 
        0.025713914453403628, 
        0.9939526183861785
      ], 
      [
        0.5736609512674736, 
        0.8149083084081369, 
        -0.0826947361937046
      ], 
      [
        -0.8121062962588154, 
        0.579020555980476, 
        0.07224346516049258
      ]
    ], 
    "trans_mat": [
      -0.07936981703628335, 
      0.058137439932936186, 
      1.1796433441153187
    ]
  }, 
  {
    "img": "/media/hdd/YCBvideo/YCB_Video_Dataset/YCB_Video_Dataset/data/0007/000006-label.png", 
    "mask": "/media/hdd/YCBvideo/YCB_Video_Dataset/Generated_YCB_Video_Dataset/mask/0007/000006-mask-02.png", 
    "depth_minmax": [
      0.997, 
      1.114
    ], 
    "model": "/media/hdd/YCBvideo/YCB_Video_Dataset/YCB_Video_Dataset/models/024_bowl/textured.obj", 
    "rot_mat": [
      [
        -0.33430336797594934, 
        0.9376756055579379, 
        -0.0948964699693133
      ], 
      [
        0.5944804665507091, 
        0.131665376722583, 
        -0.7932576836006036
      ], 
      [
        -0.7313233290260639, 
        -0.32160224284768235, 
        -0.6014467136065262
      ]
    ], 
    "trans_mat": [
      -0.01609668668355546, 
      0.16556889504721292, 
      1.024905112053639
    ]
  }, 
  {
    "img": "/media/hdd/YCBvideo/YCB_Video_Dataset/YCB_Video_Dataset/data/0007/000006-label.png", 
    "mask": "/media/hdd/YCBvideo/YCB_Video_Dataset/Generated_YCB_Video_Dataset/mask/0007/000006-mask-03.png", 
    "depth_minmax": [
      1.025, 
      1.171
    ], 
    "model": "/media/hdd/YCBvideo/YCB_Video_Dataset/YCB_Video_Dataset/models/025_mug/textured.obj", 
    "rot_mat": [
      [
        0.3579023309015294, 
        0.9309270909398074, 
        -0.07267144254519407
      ], 
      [
        0.5323273837104837, 
        -0.26735907812830595, 
        -0.8032103857613473
      ], 
      [
        -0.7671589920514524, 
        0.2487860291745211, 
        -0.5912466418000508
      ]
    ], 
    "trans_mat": [
      0.13509811247663317, 
      0.09464659183884228, 
      1.0856615472585371
    ]
  }, 
  {
    "img": "/media/hdd/YCBvideo/YCB_Video_Dataset/YCB_Video_Dataset/data/0007/000007-label.png", 
    "mask": "/media/hdd/YCBvideo/YCB_Video_Dataset/Generated_YCB_Video_Dataset/mask/0007/000007-mask-00.png", 
    "depth_minmax": [
      1.133, 
      1.322
    ], 
    "model": "/media/hdd/YCBvideo/YCB_Video_Dataset/YCB_Video_Dataset/models/003_cracker_box/textured.obj", 
    "rot_mat": [
      [
        -0.7291909956974503, 
        0.683164529123925, 
        -0.03957179600737121
      ], 
      [
        0.42125835122614197, 
        0.402564926058051, 
        -0.8127009486048946
      ], 
      [
        -0.5392788342568137, 
        -0.609284562123212, 
        -0.5813356872042618
      ]
    ], 
    "trans_mat": [
      0.053730649278864666, 
      -0.09704465414054105, 
      1.2394034202433482
    ]
  }, 
  {
    "img": "/media/hdd/YCBvideo/YCB_Video_Dataset/YCB_Video_Dataset/data/0007/000007-label.png", 
    "mask": "/media/hdd/YCBvideo/YCB_Video_Dataset/Generated_YCB_Video_Dataset/mask/0007/000007-mask-01.png", 
    "depth_minmax": [
      1.134, 
      1.197
    ], 
    "model": "/media/hdd/YCBvideo/YCB_Video_Dataset/YCB_Video_Dataset/models/021_bleach_cleanser/textured.obj", 
    "rot_mat": [
      [
        0.10664632131070326, 
        0.02464131829086895, 
        0.9939916100331464
      ], 
      [
        0.5732118208147583, 
        0.8153233424047616, 
        -0.08171205332987723
      ], 
      [
        -0.812438000799047, 
        0.578482273406949, 
        0.072826577208261
      ]
    ], 
    "trans_mat": [
      -0.07941309175800552, 
      0.057891617074504305, 
      1.179787047511377
    ]
  }, 
  {
    "img": "/media/hdd/YCBvideo/YCB_Video_Dataset/YCB_Video_Dataset/data/0007/000007-label.png", 
    "mask": "/media/hdd/YCBvideo/YCB_Video_Dataset/Generated_YCB_Video_Dataset/mask/0007/000007-mask-02.png", 
    "depth_minmax": [
      0.997, 
      1.113
    ], 
    "model": "/media/hdd/YCBvideo/YCB_Video_Dataset/YCB_Video_Dataset/models/024_bowl/textured.obj", 
    "rot_mat": [
      [
        -0.334473102001888, 
        0.9377224808090251, 
        -0.09383227334123317
      ], 
      [
        0.5936715762549871, 
        0.13232878155516936, 
        -0.7937528885267794
      ], 
      [
        -0.7319030531143104, 
        -0.3211940645658255, 
        -0.6009597779465906
      ]
    ], 
    "trans_mat": [
      -0.01615868242213884, 
      0.1652778299517269, 
      1.025009649845568
    ]
  }, 
  {
    "img": "/media/hdd/YCBvideo/YCB_Video_Dataset/YCB_Video_Dataset/data/0007/000007-label.png", 
    "mask": "/media/hdd/YCBvideo/YCB_Video_Dataset/Generated_YCB_Video_Dataset/mask/0007/000007-mask-03.png", 
    "depth_minmax": [
      1.022, 
      1.173
    ], 
    "model": "/media/hdd/YCBvideo/YCB_Video_Dataset/YCB_Video_Dataset/models/025_mug/textured.obj", 
    "rot_mat": [
      [
        0.35780977995004226, 
        0.9310457403504768, 
        -0.07160332393715492
      ], 
      [
        0.5321446142656078, 
        -0.26631612579423847, 
        -0.8036778083498789
      ], 
      [
        -0.7673295222714177, 
        0.24946073318587655, 
        -0.5907411816499617
      ]
    ], 
    "trans_mat": [
      0.1350704007138824, 
      0.09453869286043161, 
      1.0858942839672368
    ]
  }, 
  {
    "img": "/media/hdd/YCBvideo/YCB_Video_Dataset/YCB_Video_Dataset/data/0007/000008-label.png", 
    "mask": "/media/hdd/YCBvideo/YCB_Video_Dataset/Generated_YCB_Video_Dataset/mask/0007/000008-mask-00.png", 
    "depth_minmax": [
      1.133, 
      1.322
    ], 
    "model": "/media/hdd/YCBvideo/YCB_Video_Dataset/YCB_Video_Dataset/models/003_cracker_box/textured.obj", 
    "rot_mat": [
      [
        -0.7286446814348679, 
        0.6837135735262281, 
        -0.04013904387326459
      ], 
      [
        0.42214442737224184, 
        0.40218999167880837, 
        -0.8124269959824856
      ], 
      [
        -0.5393241805946893, 
        -0.6089151746366436, 
        -0.5816794194679803
      ]
    ], 
    "trans_mat": [
      0.052199917383269505, 
      -0.09739977817868908, 
      1.239337017726245
    ]
  }, 
  {
    "img": "/media/hdd/YCBvideo/YCB_Video_Dataset/YCB_Video_Dataset/data/0007/000008-label.png", 
    "mask": "/media/hdd/YCBvideo/YCB_Video_Dataset/Generated_YCB_Video_Dataset/mask/0007/000008-mask-01.png", 
    "depth_minmax": [
      1.134, 
      1.197
    ], 
    "model": "/media/hdd/YCBvideo/YCB_Video_Dataset/YCB_Video_Dataset/models/021_bleach_cleanser/textured.obj", 
    "rot_mat": [
      [
        0.1074123243550186, 
        0.02521182490831616, 
        0.9938944441986675
      ], 
      [
        0.5734462739032755, 
        0.8150641880916225, 
        -0.08264940500429335
      ], 
      [
        -0.8121710587021874, 
        0.5788226158159266, 
        0.07309032800865414
      ]
    ], 
    "trans_mat": [
      -0.08078453694472826, 
      0.05768238159395931, 
      1.1797442403844682
    ]
  }, 
  {
    "img": "/media/hdd/YCBvideo/YCB_Video_Dataset/YCB_Video_Dataset/data/0007/000008-label.png", 
    "mask": "/media/hdd/YCBvideo/YCB_Video_Dataset/Generated_YCB_Video_Dataset/mask/0007/000008-mask-02.png", 
    "depth_minmax": [
      0.997, 
      1.111
    ], 
    "model": "/media/hdd/YCBvideo/YCB_Video_Dataset/YCB_Video_Dataset/models/024_bowl/textured.obj", 
    "rot_mat": [
      [
        -0.3337121791694917, 
        0.9379385643022324, 
        -0.09437631716304797
      ], 
      [
        0.5942758987748178, 
        0.13160376289116033, 
        -0.7934213768702455
      ], 
      [
        -0.7317597109764838, 
        -0.3208592982392292, 
        -0.6013119710019709
      ]
    ], 
    "trans_mat": [
      -0.017385889021610965, 
      0.1650740545609159, 
      1.0250297941705087
    ]
  }, 
  {
    "img": "/media/hdd/YCBvideo/YCB_Video_Dataset/YCB_Video_Dataset/data/0007/000008-label.png", 
    "mask": "/media/hdd/YCBvideo/YCB_Video_Dataset/Generated_YCB_Video_Dataset/mask/0007/000008-mask-03.png", 
    "depth_minmax": [
      1.019, 
      1.176
    ], 
    "model": "/media/hdd/YCBvideo/YCB_Video_Dataset/YCB_Video_Dataset/models/025_mug/textured.obj", 
    "rot_mat": [
      [
        0.35852460907470257, 
        0.930727356549964, 
        -0.07215949869806977
      ], 
      [
        0.5321313082431541, 
        -0.26726812731203936, 
        -0.8033707668338272
      ], 
      [
        -0.7670043069325411, 
        0.24963002931026723, 
        -0.5910907946075393
      ]
    ], 
    "trans_mat": [
      0.1337603146086615, 
      0.09417197077710517, 
      1.0859306723354818
    ]
  }, 
  {
    "img": "/media/hdd/YCBvideo/YCB_Video_Dataset/YCB_Video_Dataset/data/0007/000009-label.png", 
    "mask": "/media/hdd/YCBvideo/YCB_Video_Dataset/Generated_YCB_Video_Dataset/mask/0007/000009-mask-00.png", 
    "depth_minmax": [
      1.123, 
      1.322
    ], 
    "model": "/media/hdd/YCBvideo/YCB_Video_Dataset/YCB_Video_Dataset/models/003_cracker_box/textured.obj", 
    "rot_mat": [
      [
        -0.7274607812267178, 
        0.685122855322066, 
        -0.03749486746214012
      ], 
      [
        0.4227507550511403, 
        0.4044929016522079, 
        -0.8109672971395046
      ], 
      [
        -0.5404461504497848, 
        -0.6057979291685202, 
        -0.5838895388017479
      ]
    ], 
    "trans_mat": [
      0.050613896989806374, 
      -0.09688839144390833, 
      1.2395037319225355
    ]
  }, 
  {
    "img": "/media/hdd/YCBvideo/YCB_Video_Dataset/YCB_Video_Dataset/data/0007/000009-label.png", 
    "mask": "/media/hdd/YCBvideo/YCB_Video_Dataset/Generated_YCB_Video_Dataset/mask/0007/000009-mask-01.png", 
    "depth_minmax": [
      1.131, 
      1.197
    ], 
    "model": "/media/hdd/YCBvideo/YCB_Video_Dataset/YCB_Video_Dataset/models/021_bleach_cleanser/textured.obj", 
    "rot_mat": [
      [
        0.10925620803878272, 
        0.022573543702770663, 
        0.9937568320191349
      ], 
      [
        0.5756535810734174, 
        0.8135958112881555, 
        -0.08176996350540021
      ], 
      [
        -0.8103617390925885, 
        0.580994206927954, 
        0.07589589974348034
      ]
    ], 
    "trans_mat": [
      -0.0823567557503425, 
      0.058203996598542064, 
      1.1799068910649433
    ]
  }, 
  {
    "img": "/media/hdd/YCBvideo/YCB_Video_Dataset/YCB_Video_Dataset/data/0007/000009-label.png", 
    "mask": "/media/hdd/YCBvideo/YCB_Video_Dataset/Generated_YCB_Video_Dataset/mask/0007/000009-mask-02.png", 
    "depth_minmax": [
      0.991, 
      1.111
    ], 
    "model": "/media/hdd/YCBvideo/YCB_Video_Dataset/YCB_Video_Dataset/models/024_bowl/textured.obj", 
    "rot_mat": [
      [
        -0.3321325419675905, 
        0.9387650241652333, 
        -0.09169283492208256
      ], 
      [
        0.5958019670411312, 
        0.1334380448982434, 
        -0.7919693878142169
      ], 
      [
        -0.7312372733062295, 
        -0.3176689172806243, 
        -0.6036377399647903
      ]
    ], 
    "trans_mat": [
      -0.018605084368412614, 
      0.16606227792813277, 
      1.0256627772266855
    ]
  }, 
  {
    "img": "/media/hdd/YCBvideo/YCB_Video_Dataset/YCB_Video_Dataset/data/0007/000009-label.png", 
    "mask": "/media/hdd/YCBvideo/YCB_Video_Dataset/Generated_YCB_Video_Dataset/mask/0007/000009-mask-03.png", 
    "depth_minmax": [
      1.025, 
      1.171
    ], 
    "model": "/media/hdd/YCBvideo/YCB_Video_Dataset/YCB_Video_Dataset/models/025_mug/textured.obj", 
    "rot_mat": [
      [
        0.3602747984216207, 
        0.9302540171803007, 
        -0.06949638944617217
      ], 
      [
        0.5344920442807963, 
        -0.26691103054248705, 
        -0.8019212304591451
      ], 
      [
        -0.7645389736878502, 
        0.2517668993379766, 
        -0.5933747814701378
      ]
    ], 
    "trans_mat": [
      0.13243220169799474, 
      0.09516578716561015, 
      1.0868396948246652
    ]
  }, 
  {
    "img": "/media/hdd/YCBvideo/YCB_Video_Dataset/YCB_Video_Dataset/data/0007/000010-label.png", 
    "mask": "/media/hdd/YCBvideo/YCB_Video_Dataset/Generated_YCB_Video_Dataset/mask/0007/000010-mask-00.png", 
    "depth_minmax": [
      1.134, 
      1.319
    ], 
    "model": "/media/hdd/YCBvideo/YCB_Video_Dataset/YCB_Video_Dataset/models/003_cracker_box/textured.obj", 
    "rot_mat": [
      [
        -0.7253743813952411, 
        0.6872939581061751, 
        -0.038186541887101064
      ], 
      [
        0.4230425569475793, 
        0.4013450624417372, 
        -0.8123770366032353
      ], 
      [
        -0.5430162240566245, 
        -0.6054322993590208, 
        -0.5818802073924344
      ]
    ], 
    "trans_mat": [
      0.04997052851730737, 
      -0.09593627995456389, 
      1.240132312283156
    ]
  }, 
  {
    "img": "/media/hdd/YCBvideo/YCB_Video_Dataset/YCB_Video_Dataset/data/0007/000010-label.png", 
    "mask": "/media/hdd/YCBvideo/YCB_Video_Dataset/Generated_YCB_Video_Dataset/mask/0007/000010-mask-01.png", 
    "depth_minmax": [
      1.131, 
      1.196
    ], 
    "model": "/media/hdd/YCBvideo/YCB_Video_Dataset/YCB_Video_Dataset/models/021_bleach_cleanser/textured.obj", 
    "rot_mat": [
      [
        0.1122442152488602, 
        0.023277287965592634, 
        0.9934079424364414
      ], 
      [
        0.5733121357498058, 
        0.81503264426207, 
        -0.08387580264235157
      ], 
      [
        -0.8116120218787064, 
        0.5789476308214965, 
        0.07813748455730407
      ]
    ], 
    "trans_mat": [
      -0.08251803480084703, 
      0.05930973835918827, 
      1.1798656223640709
    ]
  }, 
  {
    "img": "/media/hdd/YCBvideo/YCB_Video_Dataset/YCB_Video_Dataset/data/0007/000010-label.png", 
    "mask": "/media/hdd/YCBvideo/YCB_Video_Dataset/Generated_YCB_Video_Dataset/mask/0007/000010-mask-02.png", 
    "depth_minmax": [
      0.991, 
      1.118
    ], 
    "model": "/media/hdd/YCBvideo/YCB_Video_Dataset/YCB_Video_Dataset/models/024_bowl/textured.obj", 
    "rot_mat": [
      [
        -0.3292571727397804, 
        0.9397183731502164, 
        -0.0922999096326161
      ], 
      [
        0.5946862163431359, 
        0.130445736444631, 
        -0.7933045272119192
      ], 
      [
        -0.7334423017069335, 
        -0.3160901977569994, 
        -0.6017879074645874
      ]
    ], 
    "trans_mat": [
      -0.018201786918071762, 
      0.16662287169725873, 
      1.0254757611092806
    ]
  }, 
  {
    "img": "/media/hdd/YCBvideo/YCB_Video_Dataset/YCB_Video_Dataset/data/0007/000010-label.png", 
    "mask": "/media/hdd/YCBvideo/YCB_Video_Dataset/Generated_YCB_Video_Dataset/mask/0007/000010-mask-03.png", 
    "depth_minmax": [
      1.028, 
      1.175
    ], 
    "model": "/media/hdd/YCBvideo/YCB_Video_Dataset/YCB_Video_Dataset/models/025_mug/textured.obj", 
    "rot_mat": [
      [
        0.36307273599454354, 
        0.9291170685976738, 
        -0.07014758669664167
      ], 
      [
        0.5316873686591588, 
        -0.26841615011137515, 
        -0.8032813119204738
      ], 
      [
        -0.7651705313382373, 
        0.25435308670138934, 
        -0.5914540633555324
      ]
    ], 
    "trans_mat": [
      0.13254554017060627, 
      0.09553441010757198, 
      1.087143237232258
    ]
  }, 
  {
    "img": "/media/hdd/YCBvideo/YCB_Video_Dataset/YCB_Video_Dataset/data/0007/000011-label.png", 
    "mask": "/media/hdd/YCBvideo/YCB_Video_Dataset/Generated_YCB_Video_Dataset/mask/0007/000011-mask-00.png", 
    "depth_minmax": [
      1.134, 
      1.321
    ], 
    "model": "/media/hdd/YCBvideo/YCB_Video_Dataset/YCB_Video_Dataset/models/003_cracker_box/textured.obj", 
    "rot_mat": [
      [
        -0.7276396027167428, 
        0.6849227992190559, 
        -0.03769749182345614
      ], 
      [
        0.42053609107720696, 
        0.40199680531021614, 
        -0.8133562716120901
      ], 
      [
        -0.5419324375066746, 
        -0.6076835984046861, 
        -0.580543564316665
      ]
    ], 
    "trans_mat": [
      0.05299505484884514, 
      -0.0953088234967705, 
      1.2406508186825174
    ]
  }, 
  {
    "img": "/media/hdd/YCBvideo/YCB_Video_Dataset/YCB_Video_Dataset/data/0007/000011-label.png", 
    "mask": "/media/hdd/YCBvideo/YCB_Video_Dataset/Generated_YCB_Video_Dataset/mask/0007/000011-mask-01.png", 
    "depth_minmax": [
      1.135, 
      1.197
    ], 
    "model": "/media/hdd/YCBvideo/YCB_Video_Dataset/YCB_Video_Dataset/models/021_bleach_cleanser/textured.obj", 
    "rot_mat": [
      [
        0.10898836704790706, 
        0.022775206068060876, 
        0.9937823221636441
      ], 
      [
        0.5723219674845396, 
        0.8159730225300026, 
        -0.08146721367528306
      ], 
      [
        -0.8127547086091856, 
        0.5776424829221405, 
        0.07589685545165699
      ]
    ], 
    "trans_mat": [
      -0.07999450337838251, 
      0.05953892119661048, 
      1.1804625755610996
    ]
  }, 
  {
    "img": "/media/hdd/YCBvideo/YCB_Video_Dataset/YCB_Video_Dataset/data/0007/000011-label.png", 
    "mask": "/media/hdd/YCBvideo/YCB_Video_Dataset/Generated_YCB_Video_Dataset/mask/0007/000011-mask-02.png", 
    "depth_minmax": [
      1.002, 
      1.112
    ], 
    "model": "/media/hdd/YCBvideo/YCB_Video_Dataset/YCB_Video_Dataset/models/024_bowl/textured.obj", 
    "rot_mat": [
      [
        -0.33237390189015237, 
        0.9386598638880619, 
        -0.09190198293407655
      ], 
      [
        0.59279908675042, 
        0.13212431753176146, 
        -0.794439055850773
      ], 
      [
        -0.7335652062960049, 
        -0.3185296238453857, 
        -0.6003513644669266
      ]
    ], 
    "trans_mat": [
      -0.01629379953148051, 
      0.16676267121836424, 
      1.0257555693925016
    ]
  }, 
  {
    "img": "/media/hdd/YCBvideo/YCB_Video_Dataset/YCB_Video_Dataset/data/0007/000011-label.png", 
    "mask": "/media/hdd/YCBvideo/YCB_Video_Dataset/Generated_YCB_Video_Dataset/mask/0007/000011-mask-03.png", 
    "depth_minmax": [
      1.028, 
      1.179
    ], 
    "model": "/media/hdd/YCBvideo/YCB_Video_Dataset/YCB_Video_Dataset/models/025_mug/textured.obj", 
    "rot_mat": [
      [
        0.36002219503075716, 
        0.9303371417601712, 
        -0.06970215149255558
      ], 
      [
        0.5313464559796156, 
        -0.26588433760782054, 
        -0.8043489055387778
      ], 
      [
        -0.7668477462450085, 
        0.2525476992994497, 
        -0.5900551026995815
      ]
    ], 
    "trans_mat": [
      0.13476359137570976, 
      0.09611641929692294, 
      1.0871722176465763
    ]
  }, 
  {
    "img": "/media/hdd/YCBvideo/YCB_Video_Dataset/YCB_Video_Dataset/data/0007/000012-label.png", 
    "mask": "/media/hdd/YCBvideo/YCB_Video_Dataset/Generated_YCB_Video_Dataset/mask/0007/000012-mask-00.png", 
    "depth_minmax": [
      1.133, 
      1.324
    ], 
    "model": "/media/hdd/YCBvideo/YCB_Video_Dataset/YCB_Video_Dataset/models/003_cracker_box/textured.obj", 
    "rot_mat": [
      [
        -0.7287210460955784, 
        0.6837095802976395, 
        -0.03881256118128157
      ], 
      [
        0.41914597358219785, 
        0.4004840041762155, 
        -0.8148187433024628
      ], 
      [
        -0.5415556186882495, 
        -0.6100433989771094, 
        -0.5784157980088244
      ]
    ], 
    "trans_mat": [
      0.05380773130370995, 
      -0.09473942900352421, 
      1.2410316325015869
    ]
  }, 
  {
    "img": "/media/hdd/YCBvideo/YCB_Video_Dataset/YCB_Video_Dataset/data/0007/000012-label.png", 
    "mask": "/media/hdd/YCBvideo/YCB_Video_Dataset/Generated_YCB_Video_Dataset/mask/0007/000012-mask-01.png", 
    "depth_minmax": [
      1.135, 
      1.197
    ], 
    "model": "/media/hdd/YCBvideo/YCB_Video_Dataset/YCB_Video_Dataset/models/021_bleach_cleanser/textured.obj", 
    "rot_mat": [
      [
        0.10736613319901848, 
        0.02388449556597798, 
        0.9939327727488492
      ], 
      [
        0.5702739367833444, 
        0.8174277152975638, 
        -0.08124526930678812
      ], 
      [
        -0.8144077609694731, 
        0.5755375432410609, 
        0.07414337395037914
      ]
    ], 
    "trans_mat": [
      -0.07930567291401269, 
      0.05995198685992822, 
      1.1807154582801493
    ]
  }, 
  {
    "img": "/media/hdd/YCBvideo/YCB_Video_Dataset/YCB_Video_Dataset/data/0007/000012-label.png", 
    "mask": "/media/hdd/YCBvideo/YCB_Video_Dataset/Generated_YCB_Video_Dataset/mask/0007/000012-mask-02.png", 
    "depth_minmax": [
      0.996, 
      1.116
    ], 
    "model": "/media/hdd/YCBvideo/YCB_Video_Dataset/YCB_Video_Dataset/models/024_bowl/textured.obj", 
    "rot_mat": [
      [
        -0.33383991359492105, 
        0.9380255503736508, 
        -0.0930566495348565
      ], 
      [
        0.5909372263172009, 
        0.1313492753331798, 
        -0.7959531898293395
      ], 
      [
        -0.7344005247331501, 
        -0.32071074422049195, 
        -0.5981643566519493
      ]
    ], 
    "trans_mat": [
      -0.01591378553777645, 
      0.16678721134272131, 
      1.0256134734424394
    ]
  }, 
  {
    "img": "/media/hdd/YCBvideo/YCB_Video_Dataset/YCB_Video_Dataset/data/0007/000012-label.png", 
    "mask": "/media/hdd/YCBvideo/YCB_Video_Dataset/Generated_YCB_Video_Dataset/mask/0007/000012-mask-03.png", 
    "depth_minmax": [
      1.028, 
      1.156
    ], 
    "model": "/media/hdd/YCBvideo/YCB_Video_Dataset/YCB_Video_Dataset/models/025_mug/textured.obj", 
    "rot_mat": [
      [
        0.35849137663900293, 
        0.9308423962797477, 
        -0.07083622028834097
      ], 
      [
        0.5294219725062006, 
        -0.2652182756501101, 
        -0.8058363669506506
      ], 
      [
        -0.7688924662423182, 
        0.25138316202352384, 
        -0.5878869191885331
      ]
    ], 
    "trans_mat": [
      0.1352668424410494, 
      0.09630066515309721, 
      1.0869101851574505
    ]
  }, 
  {
    "img": "/media/hdd/YCBvideo/YCB_Video_Dataset/YCB_Video_Dataset/data/0007/000013-label.png", 
    "mask": "/media/hdd/YCBvideo/YCB_Video_Dataset/Generated_YCB_Video_Dataset/mask/0007/000013-mask-00.png", 
    "depth_minmax": [
      1.133, 
      1.321
    ], 
