[
  {
    "img": "/media/hdd/YCBvideo/YCB_Video_Dataset/YCB_Video_Dataset/data/0009/000001-label.png", 
    "mask": "/media/hdd/YCBvideo/YCB_Video_Dataset/Generated_YCB_Video_Dataset/mask/0009/000001-mask-00.png", 
    "depth_minmax": [
      0.931, 
      1.073
    ], 
    "model": "/media/hdd/YCBvideo/YCB_Video_Dataset/YCB_Video_Dataset/models/035_power_drill/textured.obj", 
    "rot_mat": [
      [
        0.895555222602085, 
        0.12541606884939865, 
        -0.42690842238792026
      ], 
      [
        0.36932260225348673, 
        -0.7446257294042504, 
        0.5559976995129186
      ], 
      [
        -0.2481564867598332, 
        -0.6555943744374391, 
        -0.7131720088065596
      ]
    ], 
    "trans_mat": [
      -0.02393515587875509, 
      0.00986426188579282, 
      0.9943717939414157
    ]
  }, 
  {
    "img": "/media/hdd/YCBvideo/YCB_Video_Dataset/YCB_Video_Dataset/data/0009/000002-label.png", 
    "mask": "/media/hdd/YCBvideo/YCB_Video_Dataset/Generated_YCB_Video_Dataset/mask/0009/000002-mask-00.png", 
    "depth_minmax": [
      0.928, 
      1.073
    ], 
    "model": "/media/hdd/YCBvideo/YCB_Video_Dataset/YCB_Video_Dataset/models/035_power_drill/textured.obj", 
    "rot_mat": [
      [
        0.8968800142591156, 
        0.12679344553908461, 
        -0.4237091246418084
      ], 
      [
        0.368656734593539, 
        -0.7435802670309856, 
        0.5578350805907478
      ], 
      [
        -0.24433224880062893, 
        -0.6565148964930508, 
        -0.7136455636757346
      ]
    ], 
    "trans_mat": [
      -0.022094631863609868, 
      0.010678531449291333, 
      0.9938656900310424
    ]
  }, 
  {
    "img": "/media/hdd/YCBvideo/YCB_Video_Dataset/YCB_Video_Dataset/data/0009/000003-label.png", 
    "mask": "/media/hdd/YCBvideo/YCB_Video_Dataset/Generated_YCB_Video_Dataset/mask/0009/000003-mask-00.png", 
    "depth_minmax": [
      0.928, 
      1.069
    ], 
    "model": "/media/hdd/YCBvideo/YCB_Video_Dataset/YCB_Video_Dataset/models/035_power_drill/textured.obj", 
    "rot_mat": [
      [
        0.8962867420464318, 
        0.1295532125982508, 
        -0.4241305667058923
      ], 
      [
        0.3705730522930907, 
        -0.7441495647681672, 
        0.5558028456464965
      ], 
      [
        -0.24361050779862856, 
        -0.6553297860802747, 
        -0.7149799170293135
      ]
    ], 
    "trans_mat": [
      -0.0197073703802547, 
      0.013521497210344105, 
      0.9934310858433194
    ]
  }, 
  {
    "img": "/media/hdd/YCBvideo/YCB_Video_Dataset/YCB_Video_Dataset/data/0009/000004-label.png", 
    "mask": "/media/hdd/YCBvideo/YCB_Video_Dataset/Generated_YCB_Video_Dataset/mask/0009/000004-mask-00.png", 
    "depth_minmax": [
      0.928, 
      1.059
    ], 
    "model": "/media/hdd/YCBvideo/YCB_Video_Dataset/YCB_Video_Dataset/models/035_power_drill/textured.obj", 
    "rot_mat": [
      [
        0.8935142998841236, 
        0.12965587558685893, 
        -0.4299098020674722
      ], 
      [
        0.3741763173524138, 
        -0.7442742008860866, 
        0.5532147107187361
      ], 
      [
        -0.2482434123518692, 
        -0.6551668562899634, 
        -0.7135338012764668
      ]
    ], 
    "trans_mat": [
      -0.018646420034934948, 
      0.015380030278754135, 
      0.9933858828600542
    ]
  }, 
  {
    "img": "/media/hdd/YCBvideo/YCB_Video_Dataset/YCB_Video_Dataset/data/0009/000005-label.png", 
    "mask": "/media/hdd/YCBvideo/YCB_Video_Dataset/Generated_YCB_Video_Dataset/mask/0009/000005-mask-00.png", 
    "depth_minmax": [
      0.928, 
      1.063
    ], 
    "model": "/media/hdd/YCBvideo/YCB_Video_Dataset/YCB_Video_Dataset/models/035_power_drill/textured.obj", 
    "rot_mat": [
      [
        0.8938662448489353, 
        0.1285606311334948, 
        -0.4295068475724394
      ], 
      [
        0.37264543949795814, 
        -0.7457029618132462, 
        0.5523242934328875
      ], 
      [
        -0.2492772976889274, 
        -0.6537574124411675, 
        -0.7144657883694601
      ]
    ], 
    "trans_mat": [
      -0.01866215498314809, 
      0.015817878415510966, 
      0.9934566821605116
    ]
  }, 
  {
    "img": "/media/hdd/YCBvideo/YCB_Video_Dataset/YCB_Video_Dataset/data/0009/000006-label.png", 
    "mask": "/media/hdd/YCBvideo/YCB_Video_Dataset/Generated_YCB_Video_Dataset/mask/0009/000006-mask-00.png", 
    "depth_minmax": [
      0.928, 
      1.063
    ], 
    "model": "/media/hdd/YCBvideo/YCB_Video_Dataset/YCB_Video_Dataset/models/035_power_drill/textured.obj", 
    "rot_mat": [
      [
        0.8944819784619017, 
        0.12889507267123138, 
        -0.4281224617814581
      ], 
      [
        0.37243472265883093, 
        -0.744596542214656, 
        0.5539565392339482
      ], 
      [
        -0.24737695559092274, 
        -0.6549512355928433, 
        -0.7140330610753142
      ]
    ], 
    "trans_mat": [
      -0.018004968520522992, 
      0.01804992169956882, 
      0.9932443321840208
    ]
  }, 
  {
    "img": "/media/hdd/YCBvideo/YCB_Video_Dataset/YCB_Video_Dataset/data/0009/000007-label.png", 
    "mask": "/media/hdd/YCBvideo/YCB_Video_Dataset/Generated_YCB_Video_Dataset/mask/0009/000007-mask-00.png", 
    "depth_minmax": [
      0.928, 
      1.063
    ], 
    "model": "/media/hdd/YCBvideo/YCB_Video_Dataset/YCB_Video_Dataset/models/035_power_drill/textured.obj", 
    "rot_mat": [
      [
        0.8943555586971823, 
        0.13284316723475473, 
        -0.427177572265303
      ], 
      [
        0.37488889648643847, 
        -0.743603490523061, 
        0.5536349413999406
      ], 
      [
        -0.24410469894823048, 
        -0.6552910517385651, 
        -0.7148470886510804
      ]
    ], 
    "trans_mat": [
      -0.016282007938712824, 
      0.018339547475967433, 
      0.9932218276579583
    ]
  }, 
  {
    "img": "/media/hdd/YCBvideo/YCB_Video_Dataset/YCB_Video_Dataset/data/0009/000008-label.png", 
    "mask": "/media/hdd/YCBvideo/YCB_Video_Dataset/Generated_YCB_Video_Dataset/mask/0009/000008-mask-00.png", 
    "depth_minmax": [
      0.928, 
      1.069
    ], 
    "model": "/media/hdd/YCBvideo/YCB_Video_Dataset/YCB_Video_Dataset/models/035_power_drill/textured.obj", 
    "rot_mat": [
      [
        0.8920639792192964, 
        0.13082077752214424, 
        -0.4325599656280793
      ], 
      [
        0.376993958600383, 
        -0.7432451965137831, 
        0.5526865647193362
      ], 
      [
        -0.24919569464795635, 
        -0.6561039628886007, 
        -0.712340727104039
      ]
    ], 
    "trans_mat": [
      -0.015393284310952998, 
      0.017843294114948213, 
      0.9936806196481244
    ]
  }, 
  {
    "img": "/media/hdd/YCBvideo/YCB_Video_Dataset/YCB_Video_Dataset/data/0009/000009-label.png", 
    "mask": "/media/hdd/YCBvideo/YCB_Video_Dataset/Generated_YCB_Video_Dataset/mask/0009/000009-mask-00.png", 
    "depth_minmax": [
      0.928, 
      1.063
    ], 
    "model": "/media/hdd/YCBvideo/YCB_Video_Dataset/YCB_Video_Dataset/models/035_power_drill/textured.obj", 
    "rot_mat": [
      [
        0.8928514783858771, 
        0.13030839493611834, 
        -0.43108638621153617
      ], 
      [
        0.3749270696394365, 
        -0.7453709789488098, 
        0.5512269991460831
      ], 
      [
        -0.2494902487158564, 
        -0.6537891288502848, 
        -0.7143628739063028
      ]
    ], 
    "trans_mat": [
      -0.014420960411352456, 
      0.01907412956115416, 
      0.9939796891457456
    ]
  }, 
  {
    "img": "/media/hdd/YCBvideo/YCB_Video_Dataset/YCB_Video_Dataset/data/0009/000010-label.png", 
    "mask": "/media/hdd/YCBvideo/YCB_Video_Dataset/Generated_YCB_Video_Dataset/mask/0009/000010-mask-00.png", 
    "depth_minmax": [
      0.931, 
      1.069
    ], 
    "model": "/media/hdd/YCBvideo/YCB_Video_Dataset/YCB_Video_Dataset/models/035_power_drill/textured.obj", 
    "rot_mat": [
      [
        0.8934842549637393, 
        0.12910623405349905, 
        -0.43013600440069594
      ], 
      [
        0.3738663911752651, 
        -0.7444861693810991, 
        0.5531408264263827
      ], 
      [
        -0.2488167476419659, 
        -0.6550354632488189, 
        -0.7134552309549799
      ]
    ], 
    "trans_mat": [
      -0.013881171484664667, 
      0.019181018821929796, 
      0.9936372812083047
    ]
  }, 
  {
    "img": "/media/hdd/YCBvideo/YCB_Video_Dataset/YCB_Video_Dataset/data/0009/000011-label.png", 
    "mask": "/media/hdd/YCBvideo/YCB_Video_Dataset/Generated_YCB_Video_Dataset/mask/0009/000011-mask-00.png", 
    "depth_minmax": [
      0.928, 
      1.069
    ], 
    "model": "/media/hdd/YCBvideo/YCB_Video_Dataset/YCB_Video_Dataset/models/035_power_drill/textured.obj", 
    "rot_mat": [
      [
        0.8940329090468125, 
        0.12821234525400546, 
        -0.42926291195005084
      ], 
      [
        0.3727912210299876, 
        -0.7443061340599418, 
        0.5541076469504832
      ], 
      [
        -0.24845992394342825, 
        -0.6554164413869686, 
        -0.7132306552089139
      ]
    ], 
    "trans_mat": [
      -0.012293717345937906, 
      0.020036735932252605, 
      0.9936052904422767
    ]
  }, 
  {
    "img": "/media/hdd/YCBvideo/YCB_Video_Dataset/YCB_Video_Dataset/data/0009/000012-label.png", 
    "mask": "/media/hdd/YCBvideo/YCB_Video_Dataset/Generated_YCB_Video_Dataset/mask/0009/000012-mask-00.png", 
    "depth_minmax": [
      0.928, 
      1.067
    ], 
    "model": "/media/hdd/YCBvideo/YCB_Video_Dataset/YCB_Video_Dataset/models/035_power_drill/textured.obj", 
    "rot_mat": [
      [
        0.8933439295937974, 
        0.12938786240764572, 
        -0.43034400078460355
      ], 
      [
        0.374598134809466, 
        -0.7433945422443707, 
        0.5541124748597924
      ], 
      [
        -0.24821922765229087, 
        -0.6562183074375204, 
        -0.7125755125787799
      ]
    ], 
    "trans_mat": [
      -0.011532460540425667, 
      0.019966108971249452, 
      0.9936790688780384
    ]
  }, 
  {
    "img": "/media/hdd/YCBvideo/YCB_Video_Dataset/YCB_Video_Dataset/data/0009/000013-label.png", 
    "mask": "/media/hdd/YCBvideo/YCB_Video_Dataset/Generated_YCB_Video_Dataset/mask/0009/000013-mask-00.png", 
    "depth_minmax": [
      0.928, 
      1.073
    ], 
    "model": "/media/hdd/YCBvideo/YCB_Video_Dataset/YCB_Video_Dataset/models/035_power_drill/textured.obj", 
    "rot_mat": [
      [
        0.8913811197296571, 
        0.12959481135052175, 
        -0.43433257152934224
      ], 
      [
        0.37737402225618183, 
        -0.7429674756077984, 
        0.5528005662280344
      ], 
      [
        -0.25105477560254447, 
        -0.6566609398906639, 
        -0.7111724888341122
      ]
    ], 
    "trans_mat": [
      -0.010262827437121407, 
      0.02044485392786232, 
      0.9939787352265657
    ]
  }, 
  {
    "img": "/media/hdd/YCBvideo/YCB_Video_Dataset/YCB_Video_Dataset/data/0009/000014-label.png", 
    "mask": "/media/hdd/YCBvideo/YCB_Video_Dataset/Generated_YCB_Video_Dataset/mask/0009/000014-mask-00.png", 
    "depth_minmax": [
      0.928, 
      1.073
    ], 
    "model": "/media/hdd/YCBvideo/YCB_Video_Dataset/YCB_Video_Dataset/models/035_power_drill/textured.obj", 
    "rot_mat": [
      [
        0.893328910461833, 
        0.12971531983187076, 
        -0.4302775122333178
      ], 
      [
        0.3750717628701701, 
        -0.7426150768172927, 
        0.5548369886059696
      ], 
      [
        -0.2475597430630089, 
        -0.6570355695088781, 
        -0.7120520891595506
      ]
    ], 
    "trans_mat": [
      -0.009168781594607198, 
      0.0209844189894154, 
      0.9939159315293848
    ]
  }, 
  {
    "img": "/media/hdd/YCBvideo/YCB_Video_Dataset/YCB_Video_Dataset/data/0009/000015-label.png", 
    "mask": "/media/hdd/YCBvideo/YCB_Video_Dataset/Generated_YCB_Video_Dataset/mask/0009/000015-mask-00.png", 
    "depth_minmax": [
      0.928, 
      1.073
    ], 
    "model": "/media/hdd/YCBvideo/YCB_Video_Dataset/YCB_Video_Dataset/models/035_power_drill/textured.obj", 
    "rot_mat": [
      [
        0.8946423930642361, 
        0.12645675135368456, 
        -0.42851359771555025
      ], 
      [
        0.37166915722697885, 
        -0.74291091428737, 
        0.5567265805283836
      ], 
      [
        -0.2479456197461848, 
        -0.6573359868508583, 
        -0.7116405673003403
      ]
    ], 
    "trans_mat": [
      -0.008528825796473856, 
      0.02106457099336627, 
      0.9941804231404708
    ]
  }, 
  {
    "img": "/media/hdd/YCBvideo/YCB_Video_Dataset/YCB_Video_Dataset/data/0009/000016-label.png", 
    "mask": "/media/hdd/YCBvideo/YCB_Video_Dataset/Generated_YCB_Video_Dataset/mask/0009/000016-mask-00.png", 
    "depth_minmax": [
      0.929, 
      1.073
    ], 
    "model": "/media/hdd/YCBvideo/YCB_Video_Dataset/YCB_Video_Dataset/models/035_power_drill/textured.obj", 
    "rot_mat": [
      [
        0.894635715462886, 
        0.1261292733105247, 
        -0.4286248977863099
      ], 
      [
        0.3714021564433822, 
        -0.743217674278864, 
        0.5564959162615449
      ], 
      [
        -0.24837131030656487, 
        -0.6570534655134185, 
        -0.7117537357662953
      ]
    ], 
    "trans_mat": [
      -0.008060180124311214, 
      0.02131937344961598, 
      0.9940588375429823
    ]
  }, 
  {
    "img": "/media/hdd/YCBvideo/YCB_Video_Dataset/YCB_Video_Dataset/data/0009/000017-label.png", 
    "mask": "/media/hdd/YCBvideo/YCB_Video_Dataset/Generated_YCB_Video_Dataset/mask/0009/000017-mask-00.png", 
    "depth_minmax": [
      0.931, 
      1.075
    ], 
    "model": "/media/hdd/YCBvideo/YCB_Video_Dataset/YCB_Video_Dataset/models/035_power_drill/textured.obj", 
    "rot_mat": [
      [
        0.8942492372251639, 
        0.12314851937237739, 
        -0.4302941787147452
      ], 
      [
        0.37004666911412004, 
        -0.7442305701059944, 
        0.5560444512496969
      ], 
      [
        -0.2517622292462977, 
        -0.6564710620303729, 
        -0.7110982883356066
      ]
    ], 
    "trans_mat": [
      -0.007496974557921386, 
      0.021815418311675962, 
      0.9943956794418596
    ]
  }, 
  {
    "img": "/media/hdd/YCBvideo/YCB_Video_Dataset/YCB_Video_Dataset/data/0009/000018-label.png", 
    "mask": "/media/hdd/YCBvideo/YCB_Video_Dataset/Generated_YCB_Video_Dataset/mask/0009/000018-mask-00.png", 
    "depth_minmax": [
      0.931, 
      1.069
    ], 
    "model": "/media/hdd/YCBvideo/YCB_Video_Dataset/YCB_Video_Dataset/models/035_power_drill/textured.obj", 
    "rot_mat": [
      [
        0.8950535597574557, 
        0.12383985188038217, 
        -0.4284199855234425
      ], 
      [
        0.3691366068345491, 
        -0.7447841564471506, 
        0.5559080542616417
      ], 
      [
        -0.25023745113264845, 
        -0.6557126147413168, 
        -0.7123360108750333
      ]
    ], 
    "trans_mat": [
      -0.00619474426427467, 
      0.021970954186978888, 
      0.9943192839322011
    ]
  }, 
  {
    "img": "/media/hdd/YCBvideo/YCB_Video_Dataset/YCB_Video_Dataset/data/0009/000019-label.png", 
    "mask": "/media/hdd/YCBvideo/YCB_Video_Dataset/Generated_YCB_Video_Dataset/mask/0009/000019-mask-00.png", 
    "depth_minmax": [
      0.931, 
      1.079
    ], 
    "model": "/media/hdd/YCBvideo/YCB_Video_Dataset/YCB_Video_Dataset/models/035_power_drill/textured.obj", 
    "rot_mat": [
      [
        0.8948644597151302, 
        0.12119410639067334, 
        -0.4295698473232891
      ], 
      [
        0.3682112468357313, 
        -0.7444062449251088, 
        0.5570273226763494
      ], 
      [
        -0.2522655134106782, 
        -0.6566358430281046, 
        -0.7107681636742232
      ]
    ], 
    "trans_mat": [
      -0.005059245133944901, 
      0.022219010878992564, 
      0.9948403453084254
    ]
  }, 
  {
    "img": "/media/hdd/YCBvideo/YCB_Video_Dataset/YCB_Video_Dataset/data/0009/000020-label.png", 
    "mask": "/media/hdd/YCBvideo/YCB_Video_Dataset/Generated_YCB_Video_Dataset/mask/0009/000020-mask-00.png", 
    "depth_minmax": [
      0.931, 
      1.079
    ], 
    "model": "/media/hdd/YCBvideo/YCB_Video_Dataset/YCB_Video_Dataset/models/035_power_drill/textured.obj", 
    "rot_mat": [
      [
        0.8937500746136395, 
        0.12103109655516463, 
        -0.43192796246552606
      ], 
      [
        0.36916353279996444, 
        -0.7454533404291118, 
        0.5549929632483606
      ], 
      [
        -0.2548108612356958, 
        -0.6554770231001824, 
        -0.7109301679482009
      ]
    ], 
    "trans_mat": [
      -0.004644037829484686, 
      0.020993893335743058, 
      0.9949962332054453
    ]
  }, 
  {
    "img": "/media/hdd/YCBvideo/YCB_Video_Dataset/YCB_Video_Dataset/data/0009/000021-label.png", 
    "mask": "/media/hdd/YCBvideo/YCB_Video_Dataset/Generated_YCB_Video_Dataset/mask/0009/000021-mask-00.png", 
    "depth_minmax": [
      0.931, 
      1.071
    ], 
    "model": "/media/hdd/YCBvideo/YCB_Video_Dataset/YCB_Video_Dataset/models/035_power_drill/textured.obj", 
    "rot_mat": [
      [
        0.8949841180188239, 
        0.12020924274395098, 
        -0.4295955656483724
      ], 
      [
        0.3678744480427288, 
        -0.7436000314839598, 
        0.5583260097957856
      ], 
      [
        -0.252331195687661, 
        -0.657730040284151, 
        -0.7097320126582903
      ]
    ], 
    "trans_mat": [
      -0.0041671156403065915, 
      0.021977771661066823, 
      0.9952984963654014
    ]
  }, 
  {
    "img": "/media/hdd/YCBvideo/YCB_Video_Dataset/YCB_Video_Dataset/data/0009/000022-label.png", 
    "mask": "/media/hdd/YCBvideo/YCB_Video_Dataset/Generated_YCB_Video_Dataset/mask/0009/000022-mask-00.png", 
    "depth_minmax": [
      0.929, 
      1.075
    ], 
    "model": "/media/hdd/YCBvideo/YCB_Video_Dataset/YCB_Video_Dataset/models/035_power_drill/textured.obj", 
    "rot_mat": [
      [
        0.8951061248914591, 
        0.12302705616378551, 
        -0.42854330252465234
      ], 
      [
        0.3684121679111487, 
        -0.7454418997866921, 
        0.55550693956515
      ], 
      [
        -0.2511120131438964, 
        -0.6551183245757455, 
        -0.712575297516562
      ]
    ], 
    "trans_mat": [
      -0.0035428629119830454, 
      0.02289757875912393, 
      0.9954545065591223
    ]
  }, 
  {
    "img": "/media/hdd/YCBvideo/YCB_Video_Dataset/YCB_Video_Dataset/data/0009/000023-label.png", 
    "mask": "/media/hdd/YCBvideo/YCB_Video_Dataset/Generated_YCB_Video_Dataset/mask/0009/000023-mask-00.png", 
    "depth_minmax": [
      0.931, 
      1.071
    ], 
    "model": "/media/hdd/YCBvideo/YCB_Video_Dataset/YCB_Video_Dataset/models/035_power_drill/textured.obj", 
    "rot_mat": [
      [
        0.8948323693234479, 
        0.12287373067256091, 
        -0.4291585464476823
      ], 
      [
        0.36865648953042157, 
        -0.7455316119290414, 
        0.5552246843201262
      ], 
      [
        -0.2517288250988354, 
        -0.6550449732160186, 
        -0.7124242452711631
      ]
    ], 
    "trans_mat": [
      -0.004472351907265557, 
      0.023072467418127164, 
      0.9960520389998657
    ]
  }, 
  {
    "img": "/media/hdd/YCBvideo/YCB_Video_Dataset/YCB_Video_Dataset/data/0009/000024-label.png", 
    "mask": "/media/hdd/YCBvideo/YCB_Video_Dataset/Generated_YCB_Video_Dataset/mask/0009/000024-mask-00.png", 
    "depth_minmax": [
      0.931, 
      1.075
    ], 
    "model": "/media/hdd/YCBvideo/YCB_Video_Dataset/YCB_Video_Dataset/models/035_power_drill/textured.obj", 
    "rot_mat": [
      [
        0.895067083664426, 
        0.12159160901659555, 
        -0.42903380358400584
      ], 
      [
        0.36726655551247295, 
        -0.7466922318717902, 
        0.5545860442710229
      ], 
      [
        -0.2529235380903876, 
        -0.6539620375806169, 
        -0.7129962690206952
      ]
    ], 
    "trans_mat": [
      -0.004733695440283459, 
      0.02359676586889737, 
      0.9965678757434773
    ]
  }, 
  {
    "img": "/media/hdd/YCBvideo/YCB_Video_Dataset/YCB_Video_Dataset/data/0009/000025-label.png", 
    "mask": "/media/hdd/YCBvideo/YCB_Video_Dataset/Generated_YCB_Video_Dataset/mask/0009/000025-mask-00.png", 
    "depth_minmax": [
      0.931, 
      1.071
    ], 
    "model": "/media/hdd/YCBvideo/YCB_Video_Dataset/YCB_Video_Dataset/models/035_power_drill/textured.obj", 
    "rot_mat": [
      [
        0.8971380820974161, 
        0.1203260634789163, 
        -0.42504715259269504
      ], 
      [
        0.36393424855254014, 
        -0.7467020394439983, 
        0.5567654691852059
      ], 
      [
        -0.2503900226018819, 
        -0.6541851924322598, 
        -0.7136853589957416
      ]
    ], 
    "trans_mat": [
      -0.004933845561477024, 
      0.024062031771258666, 
      0.9966966819294709
    ]
  }, 
  {
    "img": "/media/hdd/YCBvideo/YCB_Video_Dataset/YCB_Video_Dataset/data/0009/000026-label.png", 
    "mask": "/media/hdd/YCBvideo/YCB_Video_Dataset/Generated_YCB_Video_Dataset/mask/0009/000026-mask-00.png", 
    "depth_minmax": [
      0.931, 
      1.071
    ], 
    "model": "/media/hdd/YCBvideo/YCB_Video_Dataset/YCB_Video_Dataset/models/035_power_drill/textured.obj", 
    "rot_mat": [
      [
        0.8983464504288624, 
        0.12153721009913358, 
        -0.4221406588868004
      ], 
      [
        0.3622694815483846, 
        -0.7484984231694356, 
        0.5554382668071062
      ], 
      [
        -0.24846488947433823, 
        -0.6519038900959644, 
        -0.7164398591392126
      ]
    ], 
    "trans_mat": [
      -0.00554754865127681, 
      0.02595365088552714, 
      0.9968053997703352
    ]
  }, 
  {
    "img": "/media/hdd/YCBvideo/YCB_Video_Dataset/YCB_Video_Dataset/data/0009/000027-label.png", 
    "mask": "/media/hdd/YCBvideo/YCB_Video_Dataset/Generated_YCB_Video_Dataset/mask/0009/000027-mask-00.png", 
    "depth_minmax": [
      0.931, 
      1.077
    ], 
    "model": "/media/hdd/YCBvideo/YCB_Video_Dataset/YCB_Video_Dataset/models/035_power_drill/textured.obj", 
    "rot_mat": [
      [
        0.897048822826697, 
        0.12402461970393962, 
        -0.42417112273567226
      ], 
      [
        0.3657925577136527, 
        -0.746976935080101, 
        0.5551772068697767
      ], 
      [
        -0.2479901325948149, 
        -0.6531794666367603, 
        -0.7154422367201682
      ]
    ], 
    "trans_mat": [
      -0.004412618829423117, 
      0.026485368123427826, 
      0.9969290391522835
    ]
  }, 
  {
    "img": "/media/hdd/YCBvideo/YCB_Video_Dataset/YCB_Video_Dataset/data/0009/000028-label.png", 
    "mask": "/media/hdd/YCBvideo/YCB_Video_Dataset/Generated_YCB_Video_Dataset/mask/0009/000028-mask-00.png", 
    "depth_minmax": [
      0.931, 
      1.067
    ], 
    "model": "/media/hdd/YCBvideo/YCB_Video_Dataset/YCB_Video_Dataset/models/035_power_drill/textured.obj", 
    "rot_mat": [
      [
        0.8972389597148527, 
        0.12434739743319947, 
        -0.4236752496890171
      ], 
      [
        0.3661366317222828, 
        -0.745834181934361, 
        0.5564849621410821
      ], 
      [
        -0.24679442766420032, 
        -0.654422229917915, 
        -0.714719708255418
      ]
    ], 
    "trans_mat": [
      -0.001957214831625618, 
      0.02713532195952537, 
      0.996576176294454
    ]
  }, 
  {
    "img": "/media/hdd/YCBvideo/YCB_Video_Dataset/YCB_Video_Dataset/data/0009/000029-label.png", 
    "mask": "/media/hdd/YCBvideo/YCB_Video_Dataset/Generated_YCB_Video_Dataset/mask/0009/000029-mask-00.png", 
    "depth_minmax": [
      0.931, 
      1.071
    ], 
    "model": "/media/hdd/YCBvideo/YCB_Video_Dataset/YCB_Video_Dataset/models/035_power_drill/textured.obj", 
    "rot_mat": [
      [
        0.8960545026976712, 
        0.1268845199021877, 
        -0.4254251097990239
      ], 
      [
        0.3692834929434602, 
        -0.7449191929345865, 
        0.5556293628720891
      ], 
      [
        -0.24640679551382305, 
        -0.6549765005491637, 
        -0.7143449272788864
      ]
    ], 
    "trans_mat": [
      -3.086611941403167e-05, 
      0.029693543525399504, 
      0.9963079213714825
    ]
  }, 
  {
    "img": "/media/hdd/YCBvideo/YCB_Video_Dataset/YCB_Video_Dataset/data/0009/000030-label.png", 
    "mask": "/media/hdd/YCBvideo/YCB_Video_Dataset/Generated_YCB_Video_Dataset/mask/0009/000030-mask-00.png", 
    "depth_minmax": [
      0.931, 
      1.075
    ], 
    "model": "/media/hdd/YCBvideo/YCB_Video_Dataset/YCB_Video_Dataset/models/035_power_drill/textured.obj", 
    "rot_mat": [
      [
        0.8953584768395717, 
        0.12811099771055975, 
        -0.42652261571244154
      ], 
      [
        0.3704914205228392, 
        -0.7457161052785858, 
        0.553752651753957
      ], 
      [
        -0.24712353427572742, 
        -0.6538299962600456, 
        -0.7151475067962896
      ]
    ], 
    "trans_mat": [
      -0.000421325912713634, 
      0.030551644249926804, 
      0.9961579077587802
    ]
  }, 
  {
    "img": "/media/hdd/YCBvideo/YCB_Video_Dataset/YCB_Video_Dataset/data/0009/000031-label.png", 
    "mask": "/media/hdd/YCBvideo/YCB_Video_Dataset/Generated_YCB_Video_Dataset/mask/0009/000031-mask-00.png", 
    "depth_minmax": [
      0.931, 
      1.071
    ], 
    "model": "/media/hdd/YCBvideo/YCB_Video_Dataset/YCB_Video_Dataset/models/035_power_drill/textured.obj", 
    "rot_mat": [
      [
        0.8957842834733628, 
        0.12647897214090348, 
        -0.4261150103352133
      ], 
      [
        0.3688290116580655, 
        -0.7465249973109471, 
        0.5537736322087679
      ], 
      [
        -0.24806433664706948, 
        -0.653225243604268, 
        -0.7153747768379258
      ]
    ], 
    "trans_mat": [
      0.0009083809629381115, 
      0.03228028989859319, 
      0.9961037304548452
    ]
  }, 
  {
    "img": "/media/hdd/YCBvideo/YCB_Video_Dataset/YCB_Video_Dataset/data/0009/000032-label.png", 
    "mask": "/media/hdd/YCBvideo/YCB_Video_Dataset/Generated_YCB_Video_Dataset/mask/0009/000032-mask-00.png", 
    "depth_minmax": [
      0.931, 
      1.071
    ], 
    "model": "/media/hdd/YCBvideo/YCB_Video_Dataset/YCB_Video_Dataset/models/035_power_drill/textured.obj", 
    "rot_mat": [
      [
        0.8958431325171509, 
        0.12850125670306412, 
        -0.42538588453227616
      ], 
      [
        0.37019870198664756, 
        -0.7453277214232572, 
        0.5544725657198157
      ], 
      [
        -0.24580102334645867, 
        -0.6541968390698298, 
        -0.7152671078882188
      ]
    ], 
    "trans_mat": [
      0.002113192718769523, 
      0.03485717112893966, 
      0.9955793756438354
    ]
  }, 
  {
    "img": "/media/hdd/YCBvideo/YCB_Video_Dataset/YCB_Video_Dataset/data/0009/000033-label.png", 
    "mask": "/media/hdd/YCBvideo/YCB_Video_Dataset/Generated_YCB_Video_Dataset/mask/0009/000033-mask-00.png", 
    "depth_minmax": [
      0.931, 
      1.075
    ], 
    "model": "/media/hdd/YCBvideo/YCB_Video_Dataset/YCB_Video_Dataset/models/035_power_drill/textured.obj", 
    "rot_mat": [
      [
        0.8960610118079654, 
        0.12949758682834014, 
        -0.4246243013435207
      ], 
      [
        0.3698482549081002, 
        -0.7468044387771958, 
        0.5527168560859921
      ], 
      [
        -0.24553627099844763, 
        -0.6523141098758396, 
        -0.7170759210028551
      ]
    ], 
    "trans_mat": [
      0.001731981413078492, 
      0.035526447427097894, 
      0.9955567248258289
    ]
  }, 
  {
    "img": "/media/hdd/YCBvideo/YCB_Video_Dataset/YCB_Video_Dataset/data/0009/000034-label.png", 
    "mask": "/media/hdd/YCBvideo/YCB_Video_Dataset/Generated_YCB_Video_Dataset/mask/0009/000034-mask-00.png", 
    "depth_minmax": [
      0.931, 
      1.075
    ], 
    "model": "/media/hdd/YCBvideo/YCB_Video_Dataset/YCB_Video_Dataset/models/035_power_drill/textured.obj", 
    "rot_mat": [
      [
        0.8973446274205512, 
        0.13217242401324902, 
        -0.42107314726505135
      ], 
      [
        0.37003669257922317, 
        -0.7452822190793222, 
        0.5546414023810806
      ], 
      [
        -0.24051016878219686, 
        -0.6535166402003362, 
        -0.7176838972706358
      ]
    ], 
    "trans_mat": [
      0.0030624936335349393, 
      0.03682265772535065, 
      0.9949769272837312
    ]
  }, 
  {
    "img": "/media/hdd/YCBvideo/YCB_Video_Dataset/YCB_Video_Dataset/data/0009/000035-label.png", 
    "mask": "/media/hdd/YCBvideo/YCB_Video_Dataset/Generated_YCB_Video_Dataset/mask/0009/000035-mask-00.png", 
    "depth_minmax": [
      0.929, 
      1.079
    ], 
    "model": "/media/hdd/YCBvideo/YCB_Video_Dataset/YCB_Video_Dataset/models/035_power_drill/textured.obj", 
    "rot_mat": [
      [
        0.8945026846198946, 
        0.13082262681711232, 
        -0.42749475526571334
      ], 
      [
        0.3728374317562398, 
        -0.7459529433808136, 
        0.5518580560248031
      ], 
      [
        -0.24669498169575135, 
        -0.6530236645258114, 
        -0.7160319391342429
      ]
    ], 
    "trans_mat": [
      0.004412588391048192, 
      0.03835750351791442, 
      0.9945930409467243
    ]
  }, 
  {
    "img": "/media/hdd/YCBvideo/YCB_Video_Dataset/YCB_Video_Dataset/data/0009/000036-label.png", 
    "mask": "/media/hdd/YCBvideo/YCB_Video_Dataset/Generated_YCB_Video_Dataset/mask/0009/000036-mask-00.png", 
    "depth_minmax": [
      0.928, 
      1.073
    ], 
    "model": "/media/hdd/YCBvideo/YCB_Video_Dataset/YCB_Video_Dataset/models/035_power_drill/textured.obj", 
    "rot_mat": [
      [
        0.8951901330122207, 
        0.13273856128428574, 
        -0.4254592158891069
      ], 
      [
        0.3734053628829502, 
        -0.7445411295496102, 
        0.5533767989950015
      ], 
      [
        -0.24331742152170865, 
        -0.6542461998292213, 
        -0.7160714394740246
      ]
    ], 
    "trans_mat": [
      0.005615679769238303, 
      0.04065047771175277, 
      0.9941758286882784
    ]
  }, 
  {
    "img": "/media/hdd/YCBvideo/YCB_Video_Dataset/YCB_Video_Dataset/data/0009/000037-label.png", 
    "mask": "/media/hdd/YCBvideo/YCB_Video_Dataset/Generated_YCB_Video_Dataset/mask/0009/000037-mask-00.png", 
    "depth_minmax": [
      0.929, 
      1.073
    ], 
    "model": "/media/hdd/YCBvideo/YCB_Video_Dataset/YCB_Video_Dataset/models/035_power_drill/textured.obj", 
    "rot_mat": [
      [
        0.8945034140863425, 
        0.13405903940274103, 
        -0.4264883398715108
      ], 
      [
        0.3747190902937227, 
        -0.745120880771605, 
        0.5517069413974709
      ], 
      [
        -0.2438239404178679, 
        -0.6533162504429546, 
        -0.716747035873111
      ]
    ], 
    "trans_mat": [
      0.006608059035932465, 
      0.042358497562976015, 
      0.9939739429892047
    ]
  }, 
  {
    "img": "/media/hdd/YCBvideo/YCB_Video_Dataset/YCB_Video_Dataset/data/0009/000038-label.png", 
    "mask": "/media/hdd/YCBvideo/YCB_Video_Dataset/Generated_YCB_Video_Dataset/mask/0009/000038-mask-00.png", 
    "depth_minmax": [
      0.928, 
      1.073
    ], 
    "model": "/media/hdd/YCBvideo/YCB_Video_Dataset/YCB_Video_Dataset/models/035_power_drill/textured.obj", 
    "rot_mat": [
      [
        0.8964511458773252, 
        0.1325354459640779, 
        -0.42285916080748787
      ], 
      [
        0.3715215171072826, 
        -0.7449164533493124, 
        0.5541396267531079
      ], 
      [
        -0.24155132029122028, 
        -0.6538597487980008, 
        -0.7170210950798553
      ]
    ], 
    "trans_mat": [
      0.004843716163980851, 
      0.03979273635423716, 
      0.9940591109962055
    ]
  }, 
  {
    "img": "/media/hdd/YCBvideo/YCB_Video_Dataset/YCB_Video_Dataset/data/0009/000039-label.png", 
    "mask": "/media/hdd/YCBvideo/YCB_Video_Dataset/Generated_YCB_Video_Dataset/mask/0009/000039-mask-00.png", 
    "depth_minmax": [
      0.929, 
      1.073
    ], 
    "model": "/media/hdd/YCBvideo/YCB_Video_Dataset/YCB_Video_Dataset/models/035_power_drill/textured.obj", 
    "rot_mat": [
      [
        0.8985411682471205, 
        0.1339405407998489, 
        -0.4179507080289625
      ], 
      [
        0.3704470072902168, 
        -0.7421270725530859, 
        0.5585837858612739
      ], 
      [
        -0.23535546031054583, 
        -0.656738958821264, 
        -0.7164504681682837
      ]
    ], 
    "trans_mat": [
      0.00599290459355508, 
      0.038392101274005136, 
      0.9936606454630471
    ]
  }, 
  {
    "img": "/media/hdd/YCBvideo/YCB_Video_Dataset/YCB_Video_Dataset/data/0009/000040-label.png", 
    "mask": "/media/hdd/YCBvideo/YCB_Video_Dataset/Generated_YCB_Video_Dataset/mask/0009/000040-mask-00.png", 
    "depth_minmax": [
      0.928, 
      1.065
    ], 
    "model": "/media/hdd/YCBvideo/YCB_Video_Dataset/YCB_Video_Dataset/models/035_power_drill/textured.obj", 
    "rot_mat": [
      [
        0.8987646089857758, 
        0.12855904046289224, 
        -0.4191604262966156
      ], 
      [
        0.36681792924495865, 
        -0.7441413581606519, 
        0.5582997733699481
      ], 
      [
        -0.24014032822823425, 
        -0.6555347571829915, 
        -0.7159657988233504
      ]
    ], 
    "trans_mat": [
      0.008107651390116218, 
      0.04101103299007828, 
      0.9931596215168459
    ]
  }, 
  {
    "img": "/media/hdd/YCBvideo/YCB_Video_Dataset/YCB_Video_Dataset/data/0009/000041-label.png", 
    "mask": "/media/hdd/YCBvideo/YCB_Video_Dataset/Generated_YCB_Video_Dataset/mask/0009/000041-mask-00.png", 
    "depth_minmax": [
      0.928, 
      1.063
    ], 
    "model": "/media/hdd/YCBvideo/YCB_Video_Dataset/YCB_Video_Dataset/models/035_power_drill/textured.obj", 
    "rot_mat": [
      [
        0.899091674310615, 
        0.1285859554488979, 
        -0.41844999362509894
      ], 
      [
        0.3664275628200669, 
        -0.7440524783813057, 
        0.55867293293213
      ], 
      [
        -0.239511897254731, 
        -0.655629822056244, 
        -0.7160891002058514
      ]
    ], 
    "trans_mat": [
      0.009386905623586836, 
      0.04347778554527565, 
      0.9926897238674409
    ]
  }, 
  {
    "img": "/media/hdd/YCBvideo/YCB_Video_Dataset/YCB_Video_Dataset/data/0009/000042-label.png", 
    "mask": "/media/hdd/YCBvideo/YCB_Video_Dataset/Generated_YCB_Video_Dataset/mask/0009/000042-mask-00.png", 
    "depth_minmax": [
      0.928, 
      1.057
    ], 
    "model": "/media/hdd/YCBvideo/YCB_Video_Dataset/YCB_Video_Dataset/models/035_power_drill/textured.obj", 
    "rot_mat": [
      [
        0.9014210806052315, 
        0.12859750871219716, 
        -0.4134050345324361
      ], 
      [
        0.3631886996120959, 
        -0.7443575342159173, 
        0.5603798063243622
      ], 
      [
        -0.23565745554741735, 
        -0.6552818335399473, 
        -0.7176848419420665
      ]
    ], 
    "trans_mat": [
      0.011169507878934663, 
      0.0439093326329043, 
      0.9923611461841754
    ]
  }, 
  {
    "img": "/media/hdd/YCBvideo/YCB_Video_Dataset/YCB_Video_Dataset/data/0009/000043-label.png", 
    "mask": "/media/hdd/YCBvideo/YCB_Video_Dataset/Generated_YCB_Video_Dataset/mask/0009/000043-mask-00.png", 
    "depth_minmax": [
      0.928, 
      1.073
    ], 
    "model": "/media/hdd/YCBvideo/YCB_Video_Dataset/YCB_Video_Dataset/models/035_power_drill/textured.obj", 
    "rot_mat": [
      [
        0.8998208932897197, 
        0.1316081670499791, 
        -0.4159350263051878
      ], 
      [
        0.366939767055297, 
        -0.7439942768480344, 
        0.5584147583879049
      ], 
      [
        -0.23596173255561803, 
        -0.6550965878176686, 
        -0.7177536869798138
      ]
    ], 
    "trans_mat": [
      0.013446800890792261, 
      0.044944702793679736, 
      0.9922989077273461
    ]
  }, 
  {
    "img": "/media/hdd/YCBvideo/YCB_Video_Dataset/YCB_Video_Dataset/data/0009/000044-label.png", 
    "mask": "/media/hdd/YCBvideo/YCB_Video_Dataset/Generated_YCB_Video_Dataset/mask/0009/000044-mask-00.png", 
    "depth_minmax": [
      0.928, 
      1.073
    ], 
    "model": "/media/hdd/YCBvideo/YCB_Video_Dataset/YCB_Video_Dataset/models/035_power_drill/textured.obj", 
    "rot_mat": [
      [
        0.9003281740179974, 
        0.1295884557409555, 
        -0.4154716791748446
      ], 
      [
        0.3653674639874335, 
        -0.7437499051864808, 
        0.5597697857366736
      ], 
      [
        -0.2364677410463827, 
        -0.6557765426588753, 
        -0.716966349531025
      ]
    ], 
    "trans_mat": [
      0.013783101567605177, 
      0.04675554493422231, 
      0.9923911774274793
    ]
  }, 
  {
    "img": "/media/hdd/YCBvideo/YCB_Video_Dataset/YCB_Video_Dataset/data/0009/000045-label.png", 
    "mask": "/media/hdd/YCBvideo/YCB_Video_Dataset/Generated_YCB_Video_Dataset/mask/0009/000045-mask-00.png", 
    "depth_minmax": [
      0.928, 
      1.063
    ], 
    "model": "/media/hdd/YCBvideo/YCB_Video_Dataset/YCB_Video_Dataset/models/035_power_drill/textured.obj", 
    "rot_mat": [
      [
        0.9017269408270643, 
        0.13052494402133535, 
        -0.4121313873987936
      ], 
      [
        0.3647823415587771, 
        -0.7413358592703625, 
        0.5633431088669996
      ], 
      [
        -0.23199710522309544, 
        -0.6583194058962398, 
        -0.7160957522598673
      ]
    ], 
    "trans_mat": [
      0.0154329144695423, 
      0.04922096431532368, 
      0.9923208064992063
    ]
  }, 
  {
    "img": "/media/hdd/YCBvideo/YCB_Video_Dataset/YCB_Video_Dataset/data/0009/000046-label.png", 
    "mask": "/media/hdd/YCBvideo/YCB_Video_Dataset/Generated_YCB_Video_Dataset/mask/0009/000046-mask-00.png", 
    "depth_minmax": [
      0.929, 
      1.073
    ], 
    "model": "/media/hdd/YCBvideo/YCB_Video_Dataset/YCB_Video_Dataset/models/035_power_drill/textured.obj", 
    "rot_mat": [
      [
        0.9016646066735761, 
        0.13643621819603297, 
        -0.41034896781860963
      ], 
      [
        0.3673377189553255, 
        -0.7423563421804396, 
        0.5603303203024006
      ], 
      [
        -0.2281761688168348, 
        -0.6559660897431742, 
        -0.7194741401996535
      ]
    ], 
    "trans_mat": [
      0.017232367576762164, 
      0.054145273555605125, 
      0.992998041659093
    ]
  }, 
  {
    "img": "/media/hdd/YCBvideo/YCB_Video_Dataset/YCB_Video_Dataset/data/0009/000047-label.png", 
    "mask": "/media/hdd/YCBvideo/YCB_Video_Dataset/Generated_YCB_Video_Dataset/mask/0009/000047-mask-00.png", 
    "depth_minmax": [
      0.929, 
      1.073
    ], 
    "model": "/media/hdd/YCBvideo/YCB_Video_Dataset/YCB_Video_Dataset/models/035_power_drill/textured.obj", 
    "rot_mat": [
      [
        0.9005611131332708, 
        0.13509015094027266, 
        -0.41320744914735064
      ], 
      [
        0.3674223685109578, 
        -0.7445469436401316, 
        0.5573604217898758
      ], 
      [
        -0.23235805179533303, 
        -0.6537579804327628, 
        -0.7201451473958018
      ]
    ], 
    "trans_mat": [
      0.01792022503133122, 
      0.05595488955557907, 
      0.9936668706358619
    ]
  }, 
  {
    "img": "/media/hdd/YCBvideo/YCB_Video_Dataset/YCB_Video_Dataset/data/0009/000048-label.png", 
    "mask": "/media/hdd/YCBvideo/YCB_Video_Dataset/Generated_YCB_Video_Dataset/mask/0009/000048-mask-00.png", 
    "depth_minmax": [
      0.928, 
      1.073
    ], 
    "model": "/media/hdd/YCBvideo/YCB_Video_Dataset/YCB_Video_Dataset/models/035_power_drill/textured.obj", 
    "rot_mat": [
      [
        0.9025631393887732, 
        0.13631341012941056, 
        -0.4084087191414962
      ], 
      [
        0.3660407960358097, 
        -0.74237825911434, 
        0.5611499129779585
      ], 
      [
        -0.22670149068244957, 
        -0.655967055736519, 
        -0.7199397308914859
      ]
    ], 
    "trans_mat": [
      0.019560549502303168, 
      0.05697665723072487, 
      0.9941396552917383
    ]
  }, 
  {
    "img": "/media/hdd/YCBvideo/YCB_Video_Dataset/YCB_Video_Dataset/data/0009/000049-label.png", 
