[
  {
    "img": "/media/hdd/YCBvideo/YCB_Video_Dataset/YCB_Video_Dataset/data/0010/000001-label.png", 
    "mask": "/media/hdd/YCBvideo/YCB_Video_Dataset/Generated_YCB_Video_Dataset/mask/0010/000001-mask-01.png", 
    "depth_minmax": [
      0.708, 
      0.832
    ], 
    "model": "/media/hdd/YCBvideo/YCB_Video_Dataset/YCB_Video_Dataset/models/051_large_clamp/textured.obj", 
    "rot_mat": [
      [
        0.710511278792593, 
        0.6954633466066649, 
        0.10726203223368802
      ], 
      [
        0.5488698558689948, 
        -0.45232754240188444, 
        -0.7029527720252422
      ], 
      [
        -0.44036023650720246, 
        0.5583283681902339, 
        -0.7031022826730474
      ]
    ], 
    "trans_mat": [
      -0.11293464064965911, 
      0.028713990035379628, 
      0.7660447861026578
    ]
  }, 
  {
    "img": "/media/hdd/YCBvideo/YCB_Video_Dataset/YCB_Video_Dataset/data/0010/000001-label.png", 
    "mask": "/media/hdd/YCBvideo/YCB_Video_Dataset/Generated_YCB_Video_Dataset/mask/0010/000001-mask-00.png", 
    "depth_minmax": [
      0.599, 
      0.814
    ], 
    "model": "/media/hdd/YCBvideo/YCB_Video_Dataset/YCB_Video_Dataset/models/035_power_drill/textured.obj", 
    "rot_mat": [
      [
        0.16427195533164513, 
        0.12744642026665273, 
        0.9781472840370115
      ], 
      [
        -0.6699649727778884, 
        -0.7133938641165416, 
        0.2054664592223773
      ], 
      [
        0.7239898529682125, 
        -0.6890771085298465, 
        -0.03180575446295551
      ]
    ], 
    "trans_mat": [
      0.048612585894089365, 
      -0.015427170190885202, 
      0.7081199921458867
    ]
  }, 
  {
    "img": "/media/hdd/YCBvideo/YCB_Video_Dataset/YCB_Video_Dataset/data/0010/000002-label.png", 
    "mask": "/media/hdd/YCBvideo/YCB_Video_Dataset/Generated_YCB_Video_Dataset/mask/0010/000002-mask-01.png", 
    "depth_minmax": [
      0.711, 
      0.831
    ], 
    "model": "/media/hdd/YCBvideo/YCB_Video_Dataset/YCB_Video_Dataset/models/051_large_clamp/textured.obj", 
    "rot_mat": [
      [
        0.7094766956835039, 
        0.6965882577030794, 
        0.10680816857725879
      ], 
      [
        0.5508073719522707, 
        -0.45357070649109926, 
        -0.7006321497470441
      ], 
      [
        -0.4396073430980019, 
        0.5559124551491812, 
        -0.7054835035443655
      ]
    ], 
    "trans_mat": [
      -0.11214882621838435, 
      0.028920924690856494, 
      0.7663513148471529
    ]
  }, 
  {
    "img": "/media/hdd/YCBvideo/YCB_Video_Dataset/YCB_Video_Dataset/data/0010/000002-label.png", 
    "mask": "/media/hdd/YCBvideo/YCB_Video_Dataset/Generated_YCB_Video_Dataset/mask/0010/000002-mask-00.png", 
    "depth_minmax": [
      0.599, 
      0.814
    ], 
    "model": "/media/hdd/YCBvideo/YCB_Video_Dataset/YCB_Video_Dataset/models/035_power_drill/textured.obj", 
    "rot_mat": [
      [
        0.165794900687211, 
        0.12702011238133085, 
        0.9779456007025151
      ], 
      [
        -0.6721377788639251, 
        -0.7111024095774062, 
        0.2063107682828108
      ], 
      [
        0.7216248662186949, 
        -0.6915198891148487, 
        -0.03252224141054335
      ]
    ], 
    "trans_mat": [
      0.04935035696109496, 
      -0.014912920714773398, 
      0.7080602416406436
    ]
  }, 
  {
    "img": "/media/hdd/YCBvideo/YCB_Video_Dataset/YCB_Video_Dataset/data/0010/000003-label.png", 
    "mask": "/media/hdd/YCBvideo/YCB_Video_Dataset/Generated_YCB_Video_Dataset/mask/0010/000003-mask-01.png", 
    "depth_minmax": [
      0.711, 
      0.834
    ], 
    "model": "/media/hdd/YCBvideo/YCB_Video_Dataset/YCB_Video_Dataset/models/051_large_clamp/textured.obj", 
    "rot_mat": [
      [
        0.7114862537391129, 
        0.6945819782125027, 
        0.1065094976996964
      ], 
      [
        0.5480090666752581, 
        -0.4535739434223589, 
        -0.702820997540769
      ], 
      [
        -0.4398563731214016, 
        0.5584150439449894, 
        -0.703347908274621
      ]
    ], 
    "trans_mat": [
      -0.11315850616832662, 
      0.03003562083527997, 
      0.7668116292623252
    ]
  }, 
  {
    "img": "/media/hdd/YCBvideo/YCB_Video_Dataset/YCB_Video_Dataset/data/0010/000003-label.png", 
    "mask": "/media/hdd/YCBvideo/YCB_Video_Dataset/Generated_YCB_Video_Dataset/mask/0010/000003-mask-00.png", 
    "depth_minmax": [
      0.6, 
      0.818
    ], 
    "model": "/media/hdd/YCBvideo/YCB_Video_Dataset/YCB_Video_Dataset/models/035_power_drill/textured.obj", 
    "rot_mat": [
      [
        0.1630077384768317, 
        0.12667309098296542, 
        0.978459390109669
      ], 
      [
        -0.6705011073051522, 
        -0.7132973750156986, 
        0.20404692182214226
      ], 
      [
        0.7237789725260924, 
        -0.6893191152170044, 
        -0.03133811697851876
      ]
    ], 
    "trans_mat": [
      0.04834672292439792, 
      -0.014318313883131348, 
      0.7089320983041231
    ]
  }, 
  {
    "img": "/media/hdd/YCBvideo/YCB_Video_Dataset/YCB_Video_Dataset/data/0010/000004-label.png", 
    "mask": "/media/hdd/YCBvideo/YCB_Video_Dataset/Generated_YCB_Video_Dataset/mask/0010/000004-mask-01.png", 
    "depth_minmax": [
      0.711, 
      0.834
    ], 
    "model": "/media/hdd/YCBvideo/YCB_Video_Dataset/YCB_Video_Dataset/models/051_large_clamp/textured.obj", 
    "rot_mat": [
      [
        0.7136867158712945, 
        0.6922801051643348, 
        0.10677403120162235
      ], 
      [
        0.5453162766865854, 
        -0.45344261130747404, 
        -0.7049966626805291
      ], 
      [
        -0.4396392941588117, 
        0.5613724960213594, 
        -0.7011261622771628
      ]
    ], 
    "trans_mat": [
      -0.11505648036570348, 
      0.03215109538816682, 
      0.7669400779566076
    ]
  }, 
  {
    "img": "/media/hdd/YCBvideo/YCB_Video_Dataset/YCB_Video_Dataset/data/0010/000004-label.png", 
    "mask": "/media/hdd/YCBvideo/YCB_Video_Dataset/Generated_YCB_Video_Dataset/mask/0010/000004-mask-00.png", 
    "depth_minmax": [
      0.6, 
      0.824
    ], 
    "model": "/media/hdd/YCBvideo/YCB_Video_Dataset/YCB_Video_Dataset/models/035_power_drill/textured.obj", 
    "rot_mat": [
      [
        0.15985743503349858, 
        0.1268816777809155, 
        0.97895203646701
      ], 
      [
        -0.6688142802706785, 
        -0.7154753273253163, 
        0.2019462042999081
      ], 
      [
        0.7260393926035752, 
        -0.6870189914096385, 
        -0.029513362536731834
      ]
    ], 
    "trans_mat": [
      0.04649757163773421, 
      -0.012696054472720994, 
      0.7095793361263795
    ]
  }, 
  {
    "img": "/media/hdd/YCBvideo/YCB_Video_Dataset/YCB_Video_Dataset/data/0010/000005-label.png", 
    "mask": "/media/hdd/YCBvideo/YCB_Video_Dataset/Generated_YCB_Video_Dataset/mask/0010/000005-mask-01.png", 
    "depth_minmax": [
      0.71, 
      0.831
    ], 
    "model": "/media/hdd/YCBvideo/YCB_Video_Dataset/YCB_Video_Dataset/models/051_large_clamp/textured.obj", 
    "rot_mat": [
      [
        0.7162175983759347, 
        0.6894909538251607, 
        0.10786695940484035
      ], 
      [
        0.5428951625532548, 
        -0.4533445761736067, 
        -0.7069259306435889
      ], 
      [
        -0.438518027968815, 
        0.5648725147079244, 
        -0.6990142316356702
      ]
    ], 
    "trans_mat": [
      -0.11695443531596883, 
      0.034244354282133335, 
      0.7669069464071651
    ]
  }, 
  {
    "img": "/media/hdd/YCBvideo/YCB_Video_Dataset/YCB_Video_Dataset/data/0010/000005-label.png", 
    "mask": "/media/hdd/YCBvideo/YCB_Video_Dataset/Generated_YCB_Video_Dataset/mask/0010/000005-mask-00.png", 
    "depth_minmax": [
      0.601, 
      0.816
    ], 
    "model": "/media/hdd/YCBvideo/YCB_Video_Dataset/YCB_Video_Dataset/models/035_power_drill/textured.obj", 
    "rot_mat": [
      [
        0.1561015923139691, 
        0.1279062110998513, 
        0.9794244629202551
      ], 
      [
        -0.6673146565366285, 
        -0.7174071943587604, 
        0.20004554901151192
      ], 
      [
        0.7282325597098255, 
        -0.6848120153829208, 
        -0.026634666931080776
      ]
    ], 
    "trans_mat": [
      0.044711869484133866, 
      -0.011045858552361449, 
      0.7102143950990488
    ]
  }, 
  {
    "img": "/media/hdd/YCBvideo/YCB_Video_Dataset/YCB_Video_Dataset/data/0010/000006-label.png", 
    "mask": "/media/hdd/YCBvideo/YCB_Video_Dataset/Generated_YCB_Video_Dataset/mask/0010/000006-mask-01.png", 
    "depth_minmax": [
      0.711, 
      0.834
    ], 
    "model": "/media/hdd/YCBvideo/YCB_Video_Dataset/YCB_Video_Dataset/models/051_large_clamp/textured.obj", 
    "rot_mat": [
      [
        0.7148569180486216, 
        0.6909169731850798, 
        0.10776990439207411
      ], 
      [
        0.5443973417395467, 
        -0.45315566449124506, 
        -0.7058903669195862
      ], 
      [
        -0.43887535839157615, 
        0.5632798321794316, 
        -0.7000746826603146
      ]
    ], 
    "trans_mat": [
      -0.11860906849914302, 
      0.035711437139402634, 
      0.7672383183071098
    ]
  }, 
  {
    "img": "/media/hdd/YCBvideo/YCB_Video_Dataset/YCB_Video_Dataset/data/0010/000006-label.png", 
    "mask": "/media/hdd/YCBvideo/YCB_Video_Dataset/Generated_YCB_Video_Dataset/mask/0010/000006-mask-00.png", 
    "depth_minmax": [
      0.602, 
      0.816
    ], 
    "model": "/media/hdd/YCBvideo/YCB_Video_Dataset/YCB_Video_Dataset/models/035_power_drill/textured.obj", 
    "rot_mat": [
      [
        0.15805041719566956, 
        0.1278437975866345, 
        0.9791201867875228
      ], 
      [
        -0.6680366307608386, 
        -0.7163633197263988, 
        0.20136982177251295
      ], 
      [
        0.7271494676144814, 
        -0.6859153091318411, 
        -0.027817262492732666
      ]
    ], 
    "trans_mat": [
      0.04303323516425813, 
      -0.009293292465284276, 
      0.7102505964579134
    ]
  }, 
  {
    "img": "/media/hdd/YCBvideo/YCB_Video_Dataset/YCB_Video_Dataset/data/0010/000007-label.png", 
    "mask": "/media/hdd/YCBvideo/YCB_Video_Dataset/Generated_YCB_Video_Dataset/mask/0010/000007-mask-01.png", 
    "depth_minmax": [
      0.711, 
      0.835
    ], 
    "model": "/media/hdd/YCBvideo/YCB_Video_Dataset/YCB_Video_Dataset/models/051_large_clamp/textured.obj", 
    "rot_mat": [
      [
        0.7161840089117575, 
        0.6896357915931093, 
        0.10715933930818212
      ], 
      [
        0.5424849225810277, 
        -0.4534879182652996, 
        -0.7071488194155785
      ], 
      [
        -0.43907997696442713, 
        0.5645809289595746, 
        -0.6988974676284239
      ]
    ], 
    "trans_mat": [
      -0.11954372235791355, 
      0.03670388463610674, 
      0.7675703354327894
    ]
  }, 
  {
    "img": "/media/hdd/YCBvideo/YCB_Video_Dataset/YCB_Video_Dataset/data/0010/000007-label.png", 
    "mask": "/media/hdd/YCBvideo/YCB_Video_Dataset/Generated_YCB_Video_Dataset/mask/0010/000007-mask-00.png", 
    "depth_minmax": [
      0.602, 
      0.817
    ], 
    "model": "/media/hdd/YCBvideo/YCB_Video_Dataset/YCB_Video_Dataset/models/035_power_drill/textured.obj", 
    "rot_mat": [
      [
        0.15625419989747366, 
        0.12720261288426873, 
        0.979491492548971
      ], 
      [
        -0.6671940887121866, 
        -0.7176348139183935, 
        0.19963060838732594
      ], 
      [
        0.7283108395949889, 
        -0.6847044144981959, 
        -0.027264537291528446
      ]
    ], 
    "trans_mat": [
      0.04207012652130334, 
      -0.008668127595397392, 
      0.7107938141721998
    ]
  }, 
  {
    "img": "/media/hdd/YCBvideo/YCB_Video_Dataset/YCB_Video_Dataset/data/0010/000008-label.png", 
    "mask": "/media/hdd/YCBvideo/YCB_Video_Dataset/Generated_YCB_Video_Dataset/mask/0010/000008-mask-01.png", 
    "depth_minmax": [
      0.711, 
      0.835
    ], 
    "model": "/media/hdd/YCBvideo/YCB_Video_Dataset/YCB_Video_Dataset/models/051_large_clamp/textured.obj", 
    "rot_mat": [
      [
        0.7205159852877183, 
        0.6850601852862558, 
        0.10747340370873712
      ], 
      [
        0.5375188517536649, 
        -0.45384191032218935, 
        -0.7107050536224706
      ], 
      [
        -0.4380994875595045, 
        0.5698430375320391, 
        -0.6952318860701038
      ]
    ], 
    "trans_mat": [
      -0.12158337613853279, 
      0.037945642408102644, 
      0.7675447693633161
    ]
  }, 
  {
    "img": "/media/hdd/YCBvideo/YCB_Video_Dataset/YCB_Video_Dataset/data/0010/000008-label.png", 
    "mask": "/media/hdd/YCBvideo/YCB_Video_Dataset/Generated_YCB_Video_Dataset/mask/0010/000008-mask-00.png", 
    "depth_minmax": [
      0.602, 
      0.817
    ], 
    "model": "/media/hdd/YCBvideo/YCB_Video_Dataset/YCB_Video_Dataset/models/035_power_drill/textured.obj", 
    "rot_mat": [
      [
        0.1500203982715192, 
        0.1274054409513907, 
        0.9804398416677759
      ], 
      [
        -0.6645823428777407, 
        -0.7212112821884067, 
        0.19540904475976772
      ], 
      [
        0.7320000081619167, 
        -0.6808978285030595, 
        -0.023524542677944585
      ]
    ], 
    "trans_mat": [
      0.04010377637134382, 
      -0.008354931484542442, 
      0.711734671182612
    ]
  }, 
  {
    "img": "/media/hdd/YCBvideo/YCB_Video_Dataset/YCB_Video_Dataset/data/0010/000009-label.png", 
    "mask": "/media/hdd/YCBvideo/YCB_Video_Dataset/Generated_YCB_Video_Dataset/mask/0010/000009-mask-01.png", 
    "depth_minmax": [
      0.71, 
      0.831
    ], 
    "model": "/media/hdd/YCBvideo/YCB_Video_Dataset/YCB_Video_Dataset/models/051_large_clamp/textured.obj", 
    "rot_mat": [
      [
        0.7212501705499756, 
        0.6842799707649252, 
        0.10752101475705722
      ], 
      [
        0.5368069204934146, 
        -0.45407475627362187, 
        -0.711094247233482
      ], 
      [
        -0.43776504746446754, 
        0.5705942409083526, 
        -0.6948261777099752
      ]
    ], 
    "trans_mat": [
      -0.12282579569247537, 
      0.039560017990092046, 
      0.767842374442643
    ]
  }, 
  {
    "img": "/media/hdd/YCBvideo/YCB_Video_Dataset/YCB_Video_Dataset/data/0010/000009-label.png", 
    "mask": "/media/hdd/YCBvideo/YCB_Video_Dataset/Generated_YCB_Video_Dataset/mask/0010/000009-mask-00.png", 
    "depth_minmax": [
      0.603, 
      0.817
    ], 
    "model": "/media/hdd/YCBvideo/YCB_Video_Dataset/YCB_Video_Dataset/models/035_power_drill/textured.obj", 
    "rot_mat": [
      [
        0.14896011283116983, 
        0.12743407561152043, 
        0.9805979655840166
      ], 
      [
        -0.6643599898530842, 
        -0.7216082616976474, 
        0.1946980589679516
      ], 
      [
        0.7324182571600598, 
        -0.6804714754450824, 
        -0.022828808188728313
      ]
    ], 
    "trans_mat": [
      0.03887280622952118, 
      -0.006881133198386549, 
      0.7121823357445999
    ]
  }, 
  {
    "img": "/media/hdd/YCBvideo/YCB_Video_Dataset/YCB_Video_Dataset/data/0010/000010-label.png", 
    "mask": "/media/hdd/YCBvideo/YCB_Video_Dataset/Generated_YCB_Video_Dataset/mask/0010/000010-mask-01.png", 
    "depth_minmax": [
      0.71, 
      0.83
    ], 
    "model": "/media/hdd/YCBvideo/YCB_Video_Dataset/YCB_Video_Dataset/models/051_large_clamp/textured.obj", 
    "rot_mat": [
      [
        0.7220637343519926, 
        0.6834958152027655, 
        0.10704426883369177
      ], 
      [
        0.5346669163968318, 
        -0.4531231338194726, 
        -0.7133091636073431
      ], 
      [
        -0.4390397344838666, 
        0.5722877594575794, 
        -0.692626677303302
      ]
    ], 
    "trans_mat": [
      -0.12316989521422766, 
      0.041012739397562, 
      0.768337611957157
    ]
  }, 
  {
    "img": "/media/hdd/YCBvideo/YCB_Video_Dataset/YCB_Video_Dataset/data/0010/000010-label.png", 
    "mask": "/media/hdd/YCBvideo/YCB_Video_Dataset/Generated_YCB_Video_Dataset/mask/0010/000010-mask-00.png", 
    "depth_minmax": [
      0.602, 
      0.821
    ], 
    "model": "/media/hdd/YCBvideo/YCB_Video_Dataset/YCB_Video_Dataset/models/035_power_drill/textured.obj", 
    "rot_mat": [
      [
        0.1478620891414302, 
        0.12693862867448602, 
        0.9808280689638402
      ], 
      [
        -0.6623134701015017, 
        -0.7238022933029851, 
        0.19351948634677865
      ], 
      [
        0.7344908359985372, 
        -0.6782308298963233, 
        -0.02294944923259336
      ]
    ], 
    "trans_mat": [
      0.038502262991358775, 
      -0.0057789578501857945, 
      0.7128948825303115
    ]
  }, 
  {
    "img": "/media/hdd/YCBvideo/YCB_Video_Dataset/YCB_Video_Dataset/data/0010/000011-label.png", 
    "mask": "/media/hdd/YCBvideo/YCB_Video_Dataset/Generated_YCB_Video_Dataset/mask/0010/000011-mask-01.png", 
    "depth_minmax": [
      0.711, 
      0.835
    ], 
    "model": "/media/hdd/YCBvideo/YCB_Video_Dataset/YCB_Video_Dataset/models/051_large_clamp/textured.obj", 
    "rot_mat": [
      [
        0.7236016593950054, 
        0.6818134649227808, 
        0.10738973238856582
      ], 
      [
        0.5321949004090595, 
        -0.45206557203944064, 
        -0.7158255408508847
      ], 
      [
        -0.4395120506277757, 
        0.5751241372054324, 
        -0.6899718598368371
      ]
    ], 
    "trans_mat": [
      -0.12429700341968308, 
      0.04218926960794123, 
      0.7685488019186407
    ]
  }, 
  {
    "img": "/media/hdd/YCBvideo/YCB_Video_Dataset/YCB_Video_Dataset/data/0010/000011-label.png", 
    "mask": "/media/hdd/YCBvideo/YCB_Video_Dataset/Generated_YCB_Video_Dataset/mask/0010/000011-mask-00.png", 
    "depth_minmax": [
      0.604, 
      0.819
    ], 
    "model": "/media/hdd/YCBvideo/YCB_Video_Dataset/YCB_Video_Dataset/models/035_power_drill/textured.obj", 
    "rot_mat": [
      [
        0.14559660350700987, 
        0.12724297755461478, 
        0.981127739442545
      ], 
      [
        -0.6599845627551942, 
        -0.726295669494039, 
        0.192133588830058
      ], 
      [
        0.73703576160825, 
        -0.6755026866918501, 
        -0.02176760295768903
      ]
    ], 
    "trans_mat": [
      0.03741622959128008, 
      -0.00500777138187895, 
      0.7135713250595681
    ]
  }, 
  {
    "img": "/media/hdd/YCBvideo/YCB_Video_Dataset/YCB_Video_Dataset/data/0010/000012-label.png", 
    "mask": "/media/hdd/YCBvideo/YCB_Video_Dataset/Generated_YCB_Video_Dataset/mask/0010/000012-mask-01.png", 
    "depth_minmax": [
      0.711, 
      0.835
    ], 
    "model": "/media/hdd/YCBvideo/YCB_Video_Dataset/YCB_Video_Dataset/models/051_large_clamp/textured.obj", 
    "rot_mat": [
      [
        0.7244692977930802, 
        0.680851582972038, 
        0.1076398857947069
      ], 
      [
        0.5321496997252502, 
        -0.4531769152617605, 
        -0.7151554184545681
      ], 
      [
        -0.43813507654720935, 
        0.5753886642197364, 
        -0.6906271209742799
      ]
    ], 
    "trans_mat": [
      -0.12491959176908246, 
      0.043995165614912624, 
      0.7685017640019046
    ]
  }, 
  {
    "img": "/media/hdd/YCBvideo/YCB_Video_Dataset/YCB_Video_Dataset/data/0010/000012-label.png", 
    "mask": "/media/hdd/YCBvideo/YCB_Video_Dataset/Generated_YCB_Video_Dataset/mask/0010/000012-mask-00.png", 
    "depth_minmax": [
      0.604, 
      0.821
    ], 
    "model": "/media/hdd/YCBvideo/YCB_Video_Dataset/YCB_Video_Dataset/models/035_power_drill/textured.obj", 
    "rot_mat": [
      [
        0.14430688638320555, 
        0.1274695765201759, 
        0.9812885841046629
      ], 
      [
        -0.6608855031540154, 
        -0.7256554477048631, 
        0.19145196356531957
      ], 
      [
        0.7364818538114305, 
        -0.6761473282265388, 
        -0.02047415006625325
      ]
    ], 
    "trans_mat": [
      0.03682046039177086, 
      -0.0032585311374974456, 
      0.713652172984139
    ]
  }, 
  {
    "img": "/media/hdd/YCBvideo/YCB_Video_Dataset/YCB_Video_Dataset/data/0010/000013-label.png", 
    "mask": "/media/hdd/YCBvideo/YCB_Video_Dataset/Generated_YCB_Video_Dataset/mask/0010/000013-mask-01.png", 
    "depth_minmax": [
      0.711, 
      0.832
    ], 
    "model": "/media/hdd/YCBvideo/YCB_Video_Dataset/YCB_Video_Dataset/models/051_large_clamp/textured.obj", 
    "rot_mat": [
      [
        0.7277687261617399, 
        0.6773173065242741, 
        0.1076794620521396
      ], 
      [
        0.5276207548398688, 
        -0.4526403614677442, 
        -0.7188415829033239
      ], 
      [
        -0.4381439117406239, 
        0.5799636344215767, 
        -0.6867834018879231
      ]
    ], 
    "trans_mat": [
      -0.1261698300588243, 
      0.044783842269729604, 
      0.7687203980994496
    ]
  }, 
  {
    "img": "/media/hdd/YCBvideo/YCB_Video_Dataset/YCB_Video_Dataset/data/0010/000013-label.png", 
    "mask": "/media/hdd/YCBvideo/YCB_Video_Dataset/Generated_YCB_Video_Dataset/mask/0010/000013-mask-00.png", 
    "depth_minmax": [
      0.605, 
      0.821
    ], 
    "model": "/media/hdd/YCBvideo/YCB_Video_Dataset/YCB_Video_Dataset/models/035_power_drill/textured.obj", 
    "rot_mat": [
      [
        0.13952253648170826, 
        0.12742319071568017, 
        0.981986240306029
      ], 
      [
        -0.6577885874705783, 
        -0.7293370553409375, 
        0.18809907039525559
      ], 
      [
        0.7401666227295703, 
        -0.6721833481864229, 
        -0.01794157492881081
      ]
    ], 
    "trans_mat": [
      0.03560334200493736, 
      -0.0032702249072269264, 
      0.7146695804384584
    ]
  }, 
  {
    "img": "/media/hdd/YCBvideo/YCB_Video_Dataset/YCB_Video_Dataset/data/0010/000014-label.png", 
    "mask": "/media/hdd/YCBvideo/YCB_Video_Dataset/Generated_YCB_Video_Dataset/mask/0010/000014-mask-01.png", 
    "depth_minmax": [
      0.711, 
      0.836
    ], 
    "model": "/media/hdd/YCBvideo/YCB_Video_Dataset/YCB_Video_Dataset/models/051_large_clamp/textured.obj", 
    "rot_mat": [
      [
        0.727415615525965, 
        0.677571371877364, 
        0.10846207908168295
      ], 
      [
        0.5271758236455151, 
        -0.45063540829981114, 
        -0.7204261861537494
      ], 
      [
        -0.43926380215508953, 
        0.5812274744679339, 
        -0.6849979647525355
      ]
    ], 
    "trans_mat": [
      -0.1267957756514528, 
      0.04573179204499425, 
      0.769014924579814
    ]
  }, 
  {
    "img": "/media/hdd/YCBvideo/YCB_Video_Dataset/YCB_Video_Dataset/data/0010/000014-label.png", 
    "mask": "/media/hdd/YCBvideo/YCB_Video_Dataset/Generated_YCB_Video_Dataset/mask/0010/000014-mask-00.png", 
    "depth_minmax": [
      0.606, 
      0.821
    ], 
    "model": "/media/hdd/YCBvideo/YCB_Video_Dataset/YCB_Video_Dataset/models/035_power_drill/textured.obj", 
    "rot_mat": [
      [
        0.1399164482972815, 
        0.1282114249938062, 
        0.9818273512083261
      ], 
      [
        -0.6558555322721972, 
        -0.73086886315576, 
        0.18890258105107574
      ], 
      [
        0.7418064825218028, 
        -0.6703676670273473, 
        -0.01817263945078123
      ]
    ], 
    "trans_mat": [
      0.035031533063253344, 
      -0.002314631272578203, 
      0.7151195383013479
    ]
  }, 
  {
    "img": "/media/hdd/YCBvideo/YCB_Video_Dataset/YCB_Video_Dataset/data/0010/000015-label.png", 
    "mask": "/media/hdd/YCBvideo/YCB_Video_Dataset/Generated_YCB_Video_Dataset/mask/0010/000015-mask-01.png", 
    "depth_minmax": [
      0.711, 
      0.836
    ], 
    "model": "/media/hdd/YCBvideo/YCB_Video_Dataset/YCB_Video_Dataset/models/051_large_clamp/textured.obj", 
    "rot_mat": [
      [
        0.7263391048282463, 
        0.6788235675797, 
        0.10784228244246187
      ], 
      [
        0.5271458569199884, 
        -0.44947319139846154, 
        -0.7211734078615614
      ], 
      [
        -0.4410778608169816, 
        0.5806653618750839, 
        -0.6843080514999859
      ]
    ], 
    "trans_mat": [
      -0.12653477681681158, 
      0.04566937048023765, 
      0.7695577149899183
    ]
  }, 
  {
    "img": "/media/hdd/YCBvideo/YCB_Video_Dataset/YCB_Video_Dataset/data/0010/000015-label.png", 
    "mask": "/media/hdd/YCBvideo/YCB_Video_Dataset/Generated_YCB_Video_Dataset/mask/0010/000015-mask-00.png", 
    "depth_minmax": [
      0.606, 
      0.821
    ], 
    "model": "/media/hdd/YCBvideo/YCB_Video_Dataset/YCB_Video_Dataset/models/035_power_drill/textured.obj", 
    "rot_mat": [
      [
        0.14157124667202348, 
        0.12762252583647782, 
        0.9816665567915726
      ], 
      [
        -0.6548683886130013, 
        -0.7315849869705328, 
        0.1895527349577493
      ], 
      [
        0.7423642712060641, 
        -0.6696973628097159, 
        -0.019995362592093065
      ]
    ], 
    "trans_mat": [
      0.03523756571243982, 
      -0.002330903287457658, 
      0.7154570501073959
    ]
  }, 
  {
    "img": "/media/hdd/YCBvideo/YCB_Video_Dataset/YCB_Video_Dataset/data/0010/000016-label.png", 
    "mask": "/media/hdd/YCBvideo/YCB_Video_Dataset/Generated_YCB_Video_Dataset/mask/0010/000016-mask-01.png", 
    "depth_minmax": [
      0.711, 
      0.836
    ], 
    "model": "/media/hdd/YCBvideo/YCB_Video_Dataset/YCB_Video_Dataset/models/051_large_clamp/textured.obj", 
    "rot_mat": [
      [
        0.7272289691409303, 
        0.6778221429268105, 
        0.10814756913619222
      ], 
      [
        0.5263541130913201, 
        -0.44957327383869755, 
        -0.7216885604165514
      ], 
      [
        -0.4405572287630649, 
        0.5817569133194037, 
        -0.6837169641499011
      ]
    ], 
    "trans_mat": [
      -0.12626434117084892, 
      0.04503840123858883, 
      0.769616869021382
    ]
  }, 
  {
    "img": "/media/hdd/YCBvideo/YCB_Video_Dataset/YCB_Video_Dataset/data/0010/000016-label.png", 
    "mask": "/media/hdd/YCBvideo/YCB_Video_Dataset/Generated_YCB_Video_Dataset/mask/0010/000016-mask-00.png", 
    "depth_minmax": [
      0.606, 
      0.821
    ], 
    "model": "/media/hdd/YCBvideo/YCB_Video_Dataset/YCB_Video_Dataset/models/035_power_drill/textured.obj", 
    "rot_mat": [
      [
        0.14023525159283198, 
        0.12790324106067913, 
        0.9818221979482703
      ], 
      [
        -0.6544889119563152, 
        -0.732104544498369, 
        0.18885394056379284
      ], 
      [
        0.7429522304235305, 
        -0.6690761934265399, 
        -0.01895595007771221
      ]
    ], 
    "trans_mat": [
      0.03553835827285571, 
      -0.0031096608076846832, 
      0.7157384140054758
    ]
  }, 
  {
    "img": "/media/hdd/YCBvideo/YCB_Video_Dataset/YCB_Video_Dataset/data/0010/000017-label.png", 
    "mask": "/media/hdd/YCBvideo/YCB_Video_Dataset/Generated_YCB_Video_Dataset/mask/0010/000017-mask-01.png", 
    "depth_minmax": [
      0.713, 
      0.836
    ], 
    "model": "/media/hdd/YCBvideo/YCB_Video_Dataset/YCB_Video_Dataset/models/051_large_clamp/textured.obj", 
    "rot_mat": [
      [
        0.7271670402376771, 
        0.6784091288315175, 
        0.10483116596344472
      ], 
      [
        0.5253301824422965, 
        -0.4516514119059031, 
        -0.7211376893000945
      ], 
      [
        -0.44187891842622473, 
        0.5794586694914645, 
        -0.6848138057202364
      ]
    ], 
    "trans_mat": [
      -0.1256007983168495, 
      0.044413522446293575, 
      0.7703145326172771
    ]
  }, 
  {
    "img": "/media/hdd/YCBvideo/YCB_Video_Dataset/YCB_Video_Dataset/data/0010/000017-label.png", 
    "mask": "/media/hdd/YCBvideo/YCB_Video_Dataset/Generated_YCB_Video_Dataset/mask/0010/000017-mask-00.png", 
    "depth_minmax": [
      0.606, 
      0.822
    ], 
    "model": "/media/hdd/YCBvideo/YCB_Video_Dataset/YCB_Video_Dataset/models/035_power_drill/textured.obj", 
    "rot_mat": [
      [
        0.14082062687414917, 
        0.12460347798058809, 
        0.9821625190499174
      ], 
      [
        -0.6556239443387537, 
        -0.7316116219896128, 
        0.18681941914787545
      ], 
      [
        0.7418397685307224, 
        -0.6702369738324295, 
        -0.02133226304707833
      ]
    ], 
    "trans_mat": [
      0.035957958916659705, 
      -0.004012066847616126, 
      0.7159552019593208
    ]
  }, 
  {
    "img": "/media/hdd/YCBvideo/YCB_Video_Dataset/YCB_Video_Dataset/data/0010/000018-label.png", 
    "mask": "/media/hdd/YCBvideo/YCB_Video_Dataset/Generated_YCB_Video_Dataset/mask/0010/000018-mask-01.png", 
    "depth_minmax": [
      0.715, 
      0.837
    ], 
    "model": "/media/hdd/YCBvideo/YCB_Video_Dataset/YCB_Video_Dataset/models/051_large_clamp/textured.obj", 
    "rot_mat": [
      [
        0.7282523224100709, 
        0.6775101062498515, 
        0.10309885865644586
      ], 
      [
        0.5241752630163168, 
        -0.4537713561643195, 
        -0.7206469665839326
      ], 
      [
        -0.44146236501823916, 
        0.5788547084331025, 
        -0.685593492782963
      ]
    ], 
    "trans_mat": [
      -0.1255121013077729, 
      0.04382000712510333, 
      0.7706076076386303
    ]
  }, 
  {
    "img": "/media/hdd/YCBvideo/YCB_Video_Dataset/YCB_Video_Dataset/data/0010/000018-label.png", 
    "mask": "/media/hdd/YCBvideo/YCB_Video_Dataset/Generated_YCB_Video_Dataset/mask/0010/000018-mask-00.png", 
    "depth_minmax": [
      0.606, 
      0.823
    ], 
    "model": "/media/hdd/YCBvideo/YCB_Video_Dataset/YCB_Video_Dataset/models/035_power_drill/textured.obj", 
    "rot_mat": [
      [
        0.1394991025159951, 
        0.12285052430349987, 
        0.9825720213473343
      ], 
      [
        -0.656717449817073, 
        -0.7311802569700427, 
        0.18465447604010982
      ], 
      [
        0.7411222018805997, 
        -0.6710314288076145, 
        -0.021320579111634937
      ]
    ], 
    "trans_mat": [
      0.035928413671387924, 
      -0.004907849963781851, 
      0.7161667836121827
    ]
  }, 
  {
    "img": "/media/hdd/YCBvideo/YCB_Video_Dataset/YCB_Video_Dataset/data/0010/000019-label.png", 
    "mask": "/media/hdd/YCBvideo/YCB_Video_Dataset/Generated_YCB_Video_Dataset/mask/0010/000019-mask-01.png", 
    "depth_minmax": [
      0.711, 
      0.833
    ], 
    "model": "/media/hdd/YCBvideo/YCB_Video_Dataset/YCB_Video_Dataset/models/051_large_clamp/textured.obj", 
    "rot_mat": [
      [
        0.7291828167694279, 
        0.6763427660366726, 
        0.10417926735633488
      ], 
      [
        0.524509612000994, 
        -0.4546018351329468, 
        -0.7198790874142716
      ], 
      [
        -0.4395253750746742, 
        0.5795665088581737, 
        -0.6862364962395051
      ]
    ], 
    "trans_mat": [
      -0.126586156315847, 
      0.04330790781068988, 
      0.7706096647910488
    ]
  }, 
  {
    "img": "/media/hdd/YCBvideo/YCB_Video_Dataset/YCB_Video_Dataset/data/0010/000019-label.png", 
    "mask": "/media/hdd/YCBvideo/YCB_Video_Dataset/Generated_YCB_Video_Dataset/mask/0010/000019-mask-00.png", 
    "depth_minmax": [
      0.605, 
      0.823
    ], 
    "model": "/media/hdd/YCBvideo/YCB_Video_Dataset/YCB_Video_Dataset/models/035_power_drill/textured.obj", 
    "rot_mat": [
      [
        0.137987790868086, 
        0.12390177224803513, 
        0.9826532555153402
      ], 
      [
        -0.6576059329849282, 
        -0.7304339208738471, 
        0.18444304589202695
      ], 
      [
        0.7406163747038766, 
        -0.6716505603600053, 
        -0.019312382489102862
      ]
    ], 
    "trans_mat": [
      0.03494189472267308, 
      -0.005395766031129824, 
      0.7164075309159256
    ]
  }, 
  {
    "img": "/media/hdd/YCBvideo/YCB_Video_Dataset/YCB_Video_Dataset/data/0010/000020-label.png", 
    "mask": "/media/hdd/YCBvideo/YCB_Video_Dataset/Generated_YCB_Video_Dataset/mask/0010/000020-mask-01.png", 
    "depth_minmax": [
      0.711, 
      0.831
    ], 
    "model": "/media/hdd/YCBvideo/YCB_Video_Dataset/YCB_Video_Dataset/models/051_large_clamp/textured.obj", 
    "rot_mat": [
      [
        0.7308728518762603, 
        0.6748799636578519, 
        0.10179827767036916
      ], 
      [
        0.5220847682683596, 
        -0.45675345503842696, 
        -0.7202804988039182
      ], 
      [
        -0.43960623762736833, 
        0.5795807574703228, 
        -0.6861724511907654
      ]
    ], 
    "trans_mat": [
      -0.1270951912600725, 
      0.04293656746444638, 
      0.770471850653569
    ]
  }, 
  {
    "img": "/media/hdd/YCBvideo/YCB_Video_Dataset/YCB_Video_Dataset/data/0010/000020-label.png", 
    "mask": "/media/hdd/YCBvideo/YCB_Video_Dataset/Generated_YCB_Video_Dataset/mask/0010/000020-mask-00.png", 
    "depth_minmax": [
      0.607, 
      0.825
    ], 
    "model": "/media/hdd/YCBvideo/YCB_Video_Dataset/YCB_Video_Dataset/models/035_power_drill/textured.obj", 
    "rot_mat": [
      [
        0.13587178803439526, 
        0.12148684816716852, 
        0.9832497363253386
      ], 
      [
        -0.6579835720588235, 
        -0.7308983055690834, 
        0.18123178539524284
      ], 
      [
        0.7406728466931081, 
        -0.6715863561038404, 
        -0.019371815329280596
      ]
    ], 
    "trans_mat": [
      0.03427065435637879, 
      -0.006299404630400303, 
      0.7162674616958334
    ]
  }, 
  {
    "img": "/media/hdd/YCBvideo/YCB_Video_Dataset/YCB_Video_Dataset/data/0010/000021-label.png", 
    "mask": "/media/hdd/YCBvideo/YCB_Video_Dataset/Generated_YCB_Video_Dataset/mask/0010/000021-mask-01.png", 
    "depth_minmax": [
      0.712, 
      0.836
    ], 
    "model": "/media/hdd/YCBvideo/YCB_Video_Dataset/YCB_Video_Dataset/models/051_large_clamp/textured.obj", 
    "rot_mat": [
      [
        0.72959802337786, 
        0.6764409221526896, 
        0.10057512398704126
      ], 
      [
        0.5230541151880732, 
        -0.4572114488551678, 
        -0.7192865763798536
      ], 
      [
        -0.4405702265971995, 
        0.5773958247861133, 
        -0.687394940807279
      ]
    ], 
    "trans_mat": [
      -0.12616215513623966, 
      0.041020524564028014, 
      0.7708171710407792
    ]
  }, 
  {
    "img": "/media/hdd/YCBvideo/YCB_Video_Dataset/YCB_Video_Dataset/data/0010/000021-label.png", 
    "mask": "/media/hdd/YCBvideo/YCB_Video_Dataset/Generated_YCB_Video_Dataset/mask/0010/000021-mask-00.png", 
    "depth_minmax": [
      0.607, 
      0.828
    ], 
    "model": "/media/hdd/YCBvideo/YCB_Video_Dataset/YCB_Video_Dataset/models/035_power_drill/textured.obj", 
    "rot_mat": [
      [
        0.13790559256654827, 
        0.1203025345989689, 
        0.9831121821186883
      ], 
      [
        -0.6589325156840317, 
        -0.7299145562956763, 
        0.18175045258241823
      ], 
      [
        0.7394522170341539, 
        -0.6728688559587788, 
        -0.02138748916605462
      ]
    ], 
    "trans_mat": [
      0.035102826488059895, 
      -0.00806018956695058, 
      0.7161735566273714
    ]
  }, 
  {
    "img": "/media/hdd/YCBvideo/YCB_Video_Dataset/YCB_Video_Dataset/data/0010/000022-label.png", 
    "mask": "/media/hdd/YCBvideo/YCB_Video_Dataset/Generated_YCB_Video_Dataset/mask/0010/000022-mask-01.png", 
    "depth_minmax": [
      0.71, 
      0.837
    ], 
    "model": "/media/hdd/YCBvideo/YCB_Video_Dataset/YCB_Video_Dataset/models/051_large_clamp/textured.obj", 
    "rot_mat": [
      [
        0.7301726303854007, 
        0.6765140043628467, 
        0.09580123995390291
      ], 
      [
        0.521855289442591, 
        -0.4616683195531971, 
        -0.7173067968925001
      ], 
      [
        -0.44104016136541524, 
        0.5737520058102539, 
        -0.6901390537714777
      ]
    ], 
    "trans_mat": [
      -0.12435520253670501, 
      0.04009695690799996, 
      0.7710438733987336
    ]
  }, 
  {
    "img": "/media/hdd/YCBvideo/YCB_Video_Dataset/YCB_Video_Dataset/data/0010/000022-label.png", 
    "mask": "/media/hdd/YCBvideo/YCB_Video_Dataset/Generated_YCB_Video_Dataset/mask/0010/000022-mask-00.png", 
    "depth_minmax": [
      0.606, 
      0.82
    ], 
    "model": "/media/hdd/YCBvideo/YCB_Video_Dataset/YCB_Video_Dataset/models/035_power_drill/textured.obj", 
    "rot_mat": [
      [
        0.13773590470579983, 
        0.1155336946016401, 
        0.9837078802155605
      ], 
      [
        -0.6619512909210141, 
        -0.7280569133390139, 
        0.17819284686987194
      ], 
      [
        0.7367827108578432, 
        -0.6757100271764903, 
        -0.02380200528914812
      ]
    ], 
    "trans_mat": [
      0.03655849776326189, 
      -0.009392104687229959, 
      0.7157369687541889
    ]
  }, 
  {
    "img": "/media/hdd/YCBvideo/YCB_Video_Dataset/YCB_Video_Dataset/data/0010/000023-label.png", 
    "mask": "/media/hdd/YCBvideo/YCB_Video_Dataset/Generated_YCB_Video_Dataset/mask/0010/000023-mask-01.png", 
    "depth_minmax": [
      0.713, 
      0.837
    ], 
    "model": "/media/hdd/YCBvideo/YCB_Video_Dataset/YCB_Video_Dataset/models/051_large_clamp/textured.obj", 
    "rot_mat": [
      [
        0.731700716186948, 
        0.6748922587552051, 
        0.09558225383045076
      ], 
      [
        0.5209340317231884, 
        -0.4632429437987148, 
        -0.7169609281854935
      ], 
      [
        -0.4395939935703283, 
        0.5743934982321343, 
        -0.6905286451836651
      ]
    ], 
    "trans_mat": [
      -0.12557806583916928, 
      0.04018328239654834, 
      0.770987271778781
    ]
  }, 
  {
    "img": "/media/hdd/YCBvideo/YCB_Video_Dataset/YCB_Video_Dataset/data/0010/000023-label.png", 
    "mask": "/media/hdd/YCBvideo/YCB_Video_Dataset/Generated_YCB_Video_Dataset/mask/0010/000023-mask-00.png", 
    "depth_minmax": [
      0.607, 
      0.82
    ], 
    "model": "/media/hdd/YCBvideo/YCB_Video_Dataset/YCB_Video_Dataset/models/035_power_drill/textured.obj", 
    "rot_mat": [
      [
        0.13553736470072328, 
        0.11527538262007662, 
        0.9840436651493565
      ], 
      [
        -0.6627269901752849, 
        -0.7277552813077148, 
        0.17653300059304555
      ], 
      [
        0.7364936199064431, 
        -0.6760789013945694, 
        -0.022241540317698143
      ]
    ], 
    "trans_mat": [
      0.035331342792174654, 
      -0.009539313583832474, 
      0.715877637887031
    ]
  }, 
  {
    "img": "/media/hdd/YCBvideo/YCB_Video_Dataset/YCB_Video_Dataset/data/0010/000024-label.png", 
    "mask": "/media/hdd/YCBvideo/YCB_Video_Dataset/Generated_YCB_Video_Dataset/mask/0010/000024-mask-01.png", 
    "depth_minmax": [
      0.712, 
      0.841
    ], 
    "model": "/media/hdd/YCBvideo/YCB_Video_Dataset/YCB_Video_Dataset/models/051_large_clamp/textured.obj", 
    "rot_mat": [
      [
        0.73259535562964, 
        0.673615590996968, 
        0.0977096646577371
      ], 
      [
        0.5216810432931506, 
        -0.4634592645651709, 
        -0.716278323482219
      ], 
      [
        -0.4372115159700562, 
        0.5757152260395709, 
        -0.690940118711856
      ]
    ], 
    "trans_mat": [
      -0.12800109024435452, 
      0.04093583964197625, 
      0.7704632290981985
    ]
  }, 
  {
    "img": "/media/hdd/YCBvideo/YCB_Video_Dataset/YCB_Video_Dataset/data/0010/000024-label.png", 
    "mask": "/media/hdd/YCBvideo/YCB_Video_Dataset/Generated_YCB_Video_Dataset/mask/0010/000024-mask-00.png", 
    "depth_minmax": [
      0.607, 
      0.823
    ], 
    "model": "/media/hdd/YCBvideo/YCB_Video_Dataset/YCB_Video_Dataset/models/035_power_drill/textured.obj", 
    "rot_mat": [
      [
        0.1339352430276151, 
        0.11737026501926136, 
        0.9840152072799893
      ], 
      [
        -0.6633443336003797, 
        -0.7270768536829344, 
        0.17701194992794755
      ], 
      [
        0.7362302689294312, 
        -0.6764492825633477, 
        -0.019523833321917452
      ]
    ], 
    "trans_mat": [
      0.033074034277644215, 
      -0.008660874942458808, 
      0.7157255924777378
    ]
  }, 
  {
    "img": "/media/hdd/YCBvideo/YCB_Video_Dataset/YCB_Video_Dataset/data/0010/000025-label.png", 
