[
  {
    "img": "/media/hdd/YCBvideo/YCB_Video_Dataset/YCB_Video_Dataset/data/0011/000001-label.png", 
    "mask": "/media/hdd/YCBvideo/YCB_Video_Dataset/Generated_YCB_Video_Dataset/mask/0011/000001-mask-01.png", 
    "depth_minmax": [
      0.923, 
      1.035
    ], 
    "model": "/media/hdd/YCBvideo/YCB_Video_Dataset/YCB_Video_Dataset/models/052_extra_large_clamp/textured.obj", 
    "rot_mat": [
      [
        0.5400709358531611, 
        0.8376960245039777, 
        0.08117572657921229
      ], 
      [
        0.49636643925143503, 
        -0.23914421037449668, 
        -0.8345247994566412
      ], 
      [
        -0.6796642938890791, 
        0.49099486026698824, 
        -0.5449589401129418
      ]
    ], 
    "trans_mat": [
      -0.13987051059470287, 
      0.10802020465098318, 
      0.9815576966405662
    ]
  }, 
  {
    "img": "/media/hdd/YCBvideo/YCB_Video_Dataset/YCB_Video_Dataset/data/0011/000001-label.png", 
    "mask": "/media/hdd/YCBvideo/YCB_Video_Dataset/Generated_YCB_Video_Dataset/mask/0011/000001-mask-00.png", 
    "depth_minmax": [
      0.901, 
      1.009
    ], 
    "model": "/media/hdd/YCBvideo/YCB_Video_Dataset/YCB_Video_Dataset/models/025_mug/textured.obj", 
    "rot_mat": [
      [
        -0.14642764298614103, 
        0.9884863661590128, 
        0.03812905261853488
      ], 
      [
        0.546722796853197, 
        0.11298994532483227, 
        -0.8296551918571141
      ], 
      [
        -0.8244095711189269, 
        -0.1006379867732349, 
        -0.5569733536810452
      ]
    ], 
    "trans_mat": [
      0.06841840377033473, 
      0.10591252432427092, 
      0.9648272866820882
    ]
  }, 
  {
    "img": "/media/hdd/YCBvideo/YCB_Video_Dataset/YCB_Video_Dataset/data/0011/000002-label.png", 
    "mask": "/media/hdd/YCBvideo/YCB_Video_Dataset/Generated_YCB_Video_Dataset/mask/0011/000002-mask-01.png", 
    "depth_minmax": [
      0.926, 
      1.037
    ], 
    "model": "/media/hdd/YCBvideo/YCB_Video_Dataset/YCB_Video_Dataset/models/052_extra_large_clamp/textured.obj", 
    "rot_mat": [
      [
        0.5393081814697201, 
        0.8384352268078418, 
        0.07856615555990973
      ], 
      [
        0.4993370396081351, 
        -0.24326794198472299, 
        -0.8315548844585838
      ], 
      [
        -0.6780922110242276, 
        0.4876964119441881, 
        -0.5498578379479307
      ]
    ], 
    "trans_mat": [
      -0.13981640831366643, 
      0.10724933590002138, 
      0.983669497241596
    ]
  }, 
  {
    "img": "/media/hdd/YCBvideo/YCB_Video_Dataset/YCB_Video_Dataset/data/0011/000002-label.png", 
    "mask": "/media/hdd/YCBvideo/YCB_Video_Dataset/Generated_YCB_Video_Dataset/mask/0011/000002-mask-00.png", 
    "depth_minmax": [
      0.9, 
      1.017
    ], 
    "model": "/media/hdd/YCBvideo/YCB_Video_Dataset/YCB_Video_Dataset/models/025_mug/textured.obj", 
    "rot_mat": [
      [
        -0.14743899492757, 
        0.9884333647874163, 
        0.03549990283404353
      ], 
      [
        0.5516166661011604, 
        0.11196728350490208, 
        -0.826548072567289
      ], 
      [
        -0.8209629533486809, 
        -0.10228202971588861, 
        -0.5617449699991865
      ]
    ], 
    "trans_mat": [
      0.06842960126873815, 
      0.10490128504621615, 
      0.966445962151045
    ]
  }, 
  {
    "img": "/media/hdd/YCBvideo/YCB_Video_Dataset/YCB_Video_Dataset/data/0011/000003-label.png", 
    "mask": "/media/hdd/YCBvideo/YCB_Video_Dataset/Generated_YCB_Video_Dataset/mask/0011/000003-mask-01.png", 
    "depth_minmax": [
      0.931, 
      1.027
    ], 
    "model": "/media/hdd/YCBvideo/YCB_Video_Dataset/YCB_Video_Dataset/models/052_extra_large_clamp/textured.obj", 
    "rot_mat": [
      [
        0.5364650830312383, 
        0.8397163453508035, 
        0.08415644160657443
      ], 
      [
        0.5024174037995821, 
        -0.23766155613670742, 
        -0.8313206390660434
      ], 
      [
        -0.6780728335242037, 
        0.48825645919563493, 
        -0.5493853874275832
      ]
    ], 
    "trans_mat": [
      -0.14075018851737367, 
      0.10435615616313855, 
      0.9841264331304037
    ]
  }, 
  {
    "img": "/media/hdd/YCBvideo/YCB_Video_Dataset/YCB_Video_Dataset/data/0011/000003-label.png", 
    "mask": "/media/hdd/YCBvideo/YCB_Video_Dataset/Generated_YCB_Video_Dataset/mask/0011/000003-mask-00.png", 
    "depth_minmax": [
      0.898, 
      1.016
    ], 
    "model": "/media/hdd/YCBvideo/YCB_Video_Dataset/YCB_Video_Dataset/models/025_mug/textured.obj", 
    "rot_mat": [
      [
        -0.15052746284073135, 
        0.987752595108709, 
        0.041065300823159505
      ], 
      [
        0.5502405188463804, 
        0.11821861017983185, 
        -0.8265948451515669
      ], 
      [
        -0.8213259013398472, 
        -0.10182905983842239, 
        -0.56129739367253
      ]
    ], 
    "trans_mat": [
      0.06751562092436253, 
      0.1033279194558381, 
      0.9670118048599914
    ]
  }, 
  {
    "img": "/media/hdd/YCBvideo/YCB_Video_Dataset/YCB_Video_Dataset/data/0011/000004-label.png", 
    "mask": "/media/hdd/YCBvideo/YCB_Video_Dataset/Generated_YCB_Video_Dataset/mask/0011/000004-mask-01.png", 
    "depth_minmax": [
      0.932, 
      1.027
    ], 
    "model": "/media/hdd/YCBvideo/YCB_Video_Dataset/YCB_Video_Dataset/models/052_extra_large_clamp/textured.obj", 
    "rot_mat": [
      [
        0.5395018604821286, 
        0.8378381885328664, 
        0.08346258057865916
      ], 
      [
        0.5003100122020053, 
        -0.23926647742177115, 
        -0.8321313566154456
      ], 
      [
        -0.6772213870444258, 
        0.4906933956806511, 
        -0.5482629676922698
      ]
    ], 
    "trans_mat": [
      -0.14076834055177298, 
      0.10488393778638781, 
      0.9839831995113251
    ]
  }, 
  {
    "img": "/media/hdd/YCBvideo/YCB_Video_Dataset/YCB_Video_Dataset/data/0011/000004-label.png", 
    "mask": "/media/hdd/YCBvideo/YCB_Video_Dataset/Generated_YCB_Video_Dataset/mask/0011/000004-mask-00.png", 
    "depth_minmax": [
      0.897, 
      1.015
    ], 
    "model": "/media/hdd/YCBvideo/YCB_Video_Dataset/YCB_Video_Dataset/models/025_mug/textured.obj", 
    "rot_mat": [
      [
        -0.14699266227819283, 
        0.9883118602376109, 
        0.040414672039855486
      ], 
      [
        0.549726101656785, 
        0.11559187998802453, 
        -0.8273088424559573
      ], 
      [
        -0.8223102327322455, 
        -0.09939109339227781, 
        -0.5602919816942261
      ]
    ], 
    "trans_mat": [
      0.06753792998509434, 
      0.10330669912464693, 
      0.9674107408714351
    ]
  }, 
  {
    "img": "/media/hdd/YCBvideo/YCB_Video_Dataset/YCB_Video_Dataset/data/0011/000005-label.png", 
    "mask": "/media/hdd/YCBvideo/YCB_Video_Dataset/Generated_YCB_Video_Dataset/mask/0011/000005-mask-01.png", 
    "depth_minmax": [
      0.943, 
      1.021
    ], 
    "model": "/media/hdd/YCBvideo/YCB_Video_Dataset/YCB_Video_Dataset/models/052_extra_large_clamp/textured.obj", 
    "rot_mat": [
      [
        0.5396755295069563, 
        0.8378557477308682, 
        0.08214698279434718
      ], 
      [
        0.5009249996567608, 
        -0.24115788864852145, 
        -0.8312148600108834
      ], 
      [
        -0.6766272696423934, 
        0.48973590262832856, 
        -0.5498503380252866
      ]
    ], 
    "trans_mat": [
      -0.14134239440015678, 
      0.10344759251504197, 
      0.9853891748577656
    ]
  }, 
  {
    "img": "/media/hdd/YCBvideo/YCB_Video_Dataset/YCB_Video_Dataset/data/0011/000005-label.png", 
    "mask": "/media/hdd/YCBvideo/YCB_Video_Dataset/Generated_YCB_Video_Dataset/mask/0011/000005-mask-00.png", 
    "depth_minmax": [
      0.903, 
      1.028
    ], 
    "model": "/media/hdd/YCBvideo/YCB_Video_Dataset/YCB_Video_Dataset/models/025_mug/textured.obj", 
    "rot_mat": [
      [
        -0.14684868782768537, 
        0.9883857253413089, 
        0.0390974472393357
      ], 
      [
        0.5514165610516344, 
        0.11461251803624493, 
        -0.8263194968964565
      ], 
      [
        -0.8212029258444372, 
        -0.09978438323171954, 
        -0.5618439817558644
      ]
    ], 
    "trans_mat": [
      0.06695158089503511, 
      0.10165591340104749, 
      0.9686858960635354
    ]
  }, 
  {
    "img": "/media/hdd/YCBvideo/YCB_Video_Dataset/YCB_Video_Dataset/data/0011/000006-label.png", 
    "mask": "/media/hdd/YCBvideo/YCB_Video_Dataset/Generated_YCB_Video_Dataset/mask/0011/000006-mask-01.png", 
    "depth_minmax": [
      0.941, 
      1.027
    ], 
    "model": "/media/hdd/YCBvideo/YCB_Video_Dataset/YCB_Video_Dataset/models/052_extra_large_clamp/textured.obj", 
    "rot_mat": [
      [
        0.5416552793644696, 
        0.8363819050139625, 
        0.08411487971308511
      ], 
      [
        0.5024502742653808, 
        -0.24191614335013645, 
        -0.8300731526469017
      ], 
      [
        -0.673909247794121, 
        0.4918775333072349, 
        -0.5512748194248327
      ]
    ], 
    "trans_mat": [
      -0.14235299054657075, 
      0.10017225299577, 
      0.9855886911500664
    ]
  }, 
  {
    "img": "/media/hdd/YCBvideo/YCB_Video_Dataset/YCB_Video_Dataset/data/0011/000006-label.png", 
    "mask": "/media/hdd/YCBvideo/YCB_Video_Dataset/Generated_YCB_Video_Dataset/mask/0011/000006-mask-00.png", 
    "depth_minmax": [
      0.904, 
      1.018
    ], 
    "model": "/media/hdd/YCBvideo/YCB_Video_Dataset/YCB_Video_Dataset/models/025_mug/textured.obj", 
    "rot_mat": [
      [
        -0.14442576570577265, 
        0.9886615768824145, 
        0.04110183812898871
      ], 
      [
        0.5530420367275289, 
        0.11509331799116841, 
        -0.825165563068614
      ], 
      [
        -0.8205400157830872, 
        -0.09644343025887517, 
        -0.5633938027754818
      ]
    ], 
    "trans_mat": [
      0.06599300960957025, 
      0.09847316716573133, 
      0.9695368140956605
    ]
  }, 
  {
    "img": "/media/hdd/YCBvideo/YCB_Video_Dataset/YCB_Video_Dataset/data/0011/000007-label.png", 
    "mask": "/media/hdd/YCBvideo/YCB_Video_Dataset/Generated_YCB_Video_Dataset/mask/0011/000007-mask-01.png", 
    "depth_minmax": [
      0.947, 
      1.025
    ], 
    "model": "/media/hdd/YCBvideo/YCB_Video_Dataset/YCB_Video_Dataset/models/052_extra_large_clamp/textured.obj", 
    "rot_mat": [
      [
        0.5409266628205961, 
        0.8371985554292745, 
        0.0806005332202261
      ], 
      [
        0.5034809874885393, 
        -0.2455555821933579, 
        -0.82837729543753
      ], 
      [
        -0.6737242670072651, 
        0.48867253792981713, 
        -0.5543418603932098
      ]
    ], 
    "trans_mat": [
      -0.14340185901583402, 
      0.09719859279552112, 
      0.9868831847558254
    ]
  }, 
  {
    "img": "/media/hdd/YCBvideo/YCB_Video_Dataset/YCB_Video_Dataset/data/0011/000007-label.png", 
    "mask": "/media/hdd/YCBvideo/YCB_Video_Dataset/Generated_YCB_Video_Dataset/mask/0011/000007-mask-00.png", 
    "depth_minmax": [
      0.906, 
      1.018
    ], 
    "model": "/media/hdd/YCBvideo/YCB_Video_Dataset/YCB_Video_Dataset/models/025_mug/textured.obj", 
    "rot_mat": [
      [
        -0.1454453270636171, 
        0.9886523537094221, 
        0.037565055194183204
      ], 
      [
        0.556181202421718, 
        0.11310558826049728, 
        -0.8233275288239609
      ], 
      [
        -0.818233430076915, 
        -0.09885568855388416, 
        -0.5663218757025
      ]
    ], 
    "trans_mat": [
      0.064893206697511, 
      0.09506625578214592, 
      0.9702343068720161
    ]
  }, 
  {
    "img": "/media/hdd/YCBvideo/YCB_Video_Dataset/YCB_Video_Dataset/data/0011/000008-label.png", 
    "mask": "/media/hdd/YCBvideo/YCB_Video_Dataset/Generated_YCB_Video_Dataset/mask/0011/000008-mask-01.png", 
    "depth_minmax": [
      0.952, 
      1.023
    ], 
    "model": "/media/hdd/YCBvideo/YCB_Video_Dataset/YCB_Video_Dataset/models/052_extra_large_clamp/textured.obj", 
    "rot_mat": [
      [
        0.5440511332579475, 
        0.835012808974947, 
        0.08223566437351804
      ], 
      [
        0.5014400583898071, 
        -0.24499270201584056, 
        -0.8297812705500194
      ], 
      [
        -0.6727302229966848, 
        0.49267941161268003, 
        -0.5519976949000863
      ]
    ], 
    "trans_mat": [
      -0.14234079324319696, 
      0.096332780907983, 
      0.98621864698209
    ]
  }, 
  {
    "img": "/media/hdd/YCBvideo/YCB_Video_Dataset/YCB_Video_Dataset/data/0011/000008-label.png", 
    "mask": "/media/hdd/YCBvideo/YCB_Video_Dataset/Generated_YCB_Video_Dataset/mask/0011/000008-mask-00.png", 
    "depth_minmax": [
      0.905, 
      1.019
    ], 
    "model": "/media/hdd/YCBvideo/YCB_Video_Dataset/YCB_Video_Dataset/models/025_mug/textured.obj", 
    "rot_mat": [
      [
        -0.1416860241761436, 
        0.9891331643352117, 
        0.03925321818729043
      ], 
      [
        0.5543011793586474, 
        0.11212776875344992, 
        -0.8247285091101829
      ], 
      [
        -0.8201668092537356, 
        -0.09509401669849663, 
        -0.5641654602013464
      ]
    ], 
    "trans_mat": [
      0.06601891555311609, 
      0.09400465024104016, 
      0.9704252190051461
    ]
  }, 
  {
    "img": "/media/hdd/YCBvideo/YCB_Video_Dataset/YCB_Video_Dataset/data/0011/000009-label.png", 
    "mask": "/media/hdd/YCBvideo/YCB_Video_Dataset/Generated_YCB_Video_Dataset/mask/0011/000009-mask-01.png", 
    "depth_minmax": [
      0.949, 
      1.027
    ], 
    "model": "/media/hdd/YCBvideo/YCB_Video_Dataset/YCB_Video_Dataset/models/052_extra_large_clamp/textured.obj", 
    "rot_mat": [
      [
        0.5439178447091862, 
        0.8350440237636342, 
        0.08279697960107764
      ], 
      [
        0.5043112728026216, 
        -0.24643094215475128, 
        -0.8276127673771704
      ], 
      [
        -0.6706883473208497, 
        0.4919089829296615, 
        -0.5551600210308132
      ]
    ], 
    "trans_mat": [
      -0.1426699649014869, 
      0.09594015852696267, 
      0.9872932677595233
    ]
  }, 
  {
    "img": "/media/hdd/YCBvideo/YCB_Video_Dataset/YCB_Video_Dataset/data/0011/000009-label.png", 
    "mask": "/media/hdd/YCBvideo/YCB_Video_Dataset/Generated_YCB_Video_Dataset/mask/0011/000009-mask-00.png", 
    "depth_minmax": [
      0.905, 
      1.025
    ], 
    "model": "/media/hdd/YCBvideo/YCB_Video_Dataset/YCB_Video_Dataset/models/025_mug/textured.obj", 
    "rot_mat": [
      [
        -0.14181747660437094, 
        0.9890917740936027, 
        0.03981430810390949
      ], 
      [
        0.5573678130177107, 
        0.11302544697838277, 
        -0.8225365407675279
      ], 
      [
        -0.818063300495227, 
        -0.09445783802441743, 
        -0.5673172273915987
      ]
    ], 
    "trans_mat": [
      0.06569417545732759, 
      0.09378504971248189, 
      0.9715342651298973
    ]
  }, 
  {
    "img": "/media/hdd/YCBvideo/YCB_Video_Dataset/YCB_Video_Dataset/data/0011/000010-label.png", 
    "mask": "/media/hdd/YCBvideo/YCB_Video_Dataset/Generated_YCB_Video_Dataset/mask/0011/000010-mask-01.png", 
    "depth_minmax": [
      0.944, 
      1.031
    ], 
    "model": "/media/hdd/YCBvideo/YCB_Video_Dataset/YCB_Video_Dataset/models/052_extra_large_clamp/textured.obj", 
    "rot_mat": [
      [
        0.5448993146607215, 
        0.8344911596246031, 
        0.08191683789631109
      ], 
      [
        0.5045892605389216, 
        -0.24831267626652437, 
        -0.8268803403880961
      ], 
      [
        -0.6696827751122942, 
        0.49190078187235553, 
        -0.5563804899203798
      ]
    ], 
    "trans_mat": [
      -0.1419360307474632, 
      0.0946230548272691, 
      0.9874328390039102
    ]
  }, 
  {
    "img": "/media/hdd/YCBvideo/YCB_Video_Dataset/YCB_Video_Dataset/data/0011/000010-label.png", 
    "mask": "/media/hdd/YCBvideo/YCB_Video_Dataset/Generated_YCB_Video_Dataset/mask/0011/000010-mask-00.png", 
    "depth_minmax": [
      0.908, 
      1.019
    ], 
    "model": "/media/hdd/YCBvideo/YCB_Video_Dataset/YCB_Video_Dataset/models/025_mug/textured.obj", 
    "rot_mat": [
      [
        -0.14069830969981897, 
        0.9892864676941607, 
        0.038946466820867644
      ], 
      [
        0.5588017452081403, 
        0.11182399060846768, 
        -0.8217272278572392
      ], 
      [
        -0.817278062648508, 
        -0.09385178162544841, 
        -0.5685488449342807
      ]
    ], 
    "trans_mat": [
      0.06643199304903705, 
      0.09220861636548304, 
      0.9717620588367286
    ]
  }, 
  {
    "img": "/media/hdd/YCBvideo/YCB_Video_Dataset/YCB_Video_Dataset/data/0011/000011-label.png", 
    "mask": "/media/hdd/YCBvideo/YCB_Video_Dataset/Generated_YCB_Video_Dataset/mask/0011/000011-mask-01.png", 
    "depth_minmax": [
      0.942, 
      1.029
    ], 
    "model": "/media/hdd/YCBvideo/YCB_Video_Dataset/YCB_Video_Dataset/models/052_extra_large_clamp/textured.obj", 
    "rot_mat": [
      [
        0.5441878483513106, 
        0.8349863157969347, 
        0.08159197211613654
      ], 
      [
        0.5039254106684129, 
        -0.2475636939672782, 
        -0.8275092610257473
      ], 
      [
        -0.6707590782432877, 
        0.49143689029669385, 
        -0.5554919294046377
      ]
    ], 
    "trans_mat": [
      -0.140080767470858, 
      0.09426360856537622, 
      0.9873974286991377
    ]
  }, 
  {
    "img": "/media/hdd/YCBvideo/YCB_Video_Dataset/YCB_Video_Dataset/data/0011/000011-label.png", 
    "mask": "/media/hdd/YCBvideo/YCB_Video_Dataset/Generated_YCB_Video_Dataset/mask/0011/000011-mask-00.png", 
    "depth_minmax": [
      0.908, 
      1.027
    ], 
    "model": "/media/hdd/YCBvideo/YCB_Video_Dataset/YCB_Video_Dataset/models/025_mug/textured.obj", 
    "rot_mat": [
      [
        -0.14155354610944823, 
        0.9891769989429743, 
        0.03860958749485718
      ], 
      [
        0.5578210178905255, 
        0.11192424658918476, 
        -0.8223794036719105
      ], 
      [
        -0.8177995446625554, 
        -0.0948727746460858, 
        -0.5676275461347812
      ]
    ], 
    "trans_mat": [
      0.0682734292453396, 
      0.09187507425585371, 
      0.971541785484324
    ]
  }, 
  {
    "img": "/media/hdd/YCBvideo/YCB_Video_Dataset/YCB_Video_Dataset/data/0011/000012-label.png", 
    "mask": "/media/hdd/YCBvideo/YCB_Video_Dataset/Generated_YCB_Video_Dataset/mask/0011/000012-mask-01.png", 
    "depth_minmax": [
      0.94, 
      1.035
    ], 
    "model": "/media/hdd/YCBvideo/YCB_Video_Dataset/YCB_Video_Dataset/models/052_extra_large_clamp/textured.obj", 
    "rot_mat": [
      [
        0.5448259032271866, 
        0.8345206022289765, 
        0.08210350517546332
      ], 
      [
        0.5043881940493913, 
        -0.2479207030019905, 
        -0.8271204180728328
      ], 
      [
        -0.669893286370661, 
        0.4920483455044098, 
        -0.5559964730641492
      ]
    ], 
    "trans_mat": [
      -0.13938872656555457, 
      0.09389670472413297, 
      0.9875599574441605
    ]
  }, 
  {
    "img": "/media/hdd/YCBvideo/YCB_Video_Dataset/YCB_Video_Dataset/data/0011/000012-label.png", 
    "mask": "/media/hdd/YCBvideo/YCB_Video_Dataset/Generated_YCB_Video_Dataset/mask/0011/000012-mask-00.png", 
    "depth_minmax": [
      0.908, 
      1.028
    ], 
    "model": "/media/hdd/YCBvideo/YCB_Video_Dataset/YCB_Video_Dataset/models/025_mug/textured.obj", 
    "rot_mat": [
      [
        -0.14077646153526382, 
        0.9892678822548597, 
        0.03913260553323932
      ], 
      [
        0.5583969575285104, 
        0.11197644160161759, 
        -0.8219814195756582
      ], 
      [
        -0.8175408678799782, 
        -0.09386379299150201, 
        -0.5681689135010746
      ]
    ], 
    "trans_mat": [
      0.06898037777593949, 
      0.09151627199601188, 
      0.9718986023270174
    ]
  }, 
  {
    "img": "/media/hdd/YCBvideo/YCB_Video_Dataset/YCB_Video_Dataset/data/0011/000013-label.png", 
    "mask": "/media/hdd/YCBvideo/YCB_Video_Dataset/Generated_YCB_Video_Dataset/mask/0011/000013-mask-01.png", 
    "depth_minmax": [
      0.933, 
      1.045
    ], 
    "model": "/media/hdd/YCBvideo/YCB_Video_Dataset/YCB_Video_Dataset/models/052_extra_large_clamp/textured.obj", 
    "rot_mat": [
      [
        0.5470994233994911, 
        0.8329972866327866, 
        0.08245128446701226
      ], 
      [
        0.5047788960656386, 
        -0.24973854419767, 
        -0.8263357890178836
      ], 
      [
        -0.6677433725971491, 
        0.49370682057937615, 
        -0.5571107876981137
      ]
    ], 
    "trans_mat": [
      -0.13883569746062066, 
      0.09374699555296916, 
      0.9874169862974042
    ]
  }, 
  {
    "img": "/media/hdd/YCBvideo/YCB_Video_Dataset/YCB_Video_Dataset/data/0011/000013-label.png", 
    "mask": "/media/hdd/YCBvideo/YCB_Video_Dataset/Generated_YCB_Video_Dataset/mask/0011/000013-mask-00.png", 
    "depth_minmax": [
      0.904, 
      1.026
    ], 
    "model": "/media/hdd/YCBvideo/YCB_Video_Dataset/YCB_Video_Dataset/models/025_mug/textured.obj", 
    "rot_mat": [
      [
        -0.13806930874885537, 
        0.9896338617189501, 
        0.039516929116908905
      ], 
      [
        0.5598726816215444, 
        0.11089934161226374, 
        -0.8211241402211513
      ], 
      [
        -0.8169933704515369, 
        -0.09124734223186906, 
        -0.5693808505842245
      ]
    ], 
    "trans_mat": [
      0.06956824687742358, 
      0.09113318220603318, 
      0.9722653012280658
    ]
  }, 
  {
    "img": "/media/hdd/YCBvideo/YCB_Video_Dataset/YCB_Video_Dataset/data/0011/000014-label.png", 
    "mask": "/media/hdd/YCBvideo/YCB_Video_Dataset/Generated_YCB_Video_Dataset/mask/0011/000014-mask-01.png", 
    "depth_minmax": [
      0.932, 
      1.043
    ], 
    "model": "/media/hdd/YCBvideo/YCB_Video_Dataset/YCB_Video_Dataset/models/052_extra_large_clamp/textured.obj", 
    "rot_mat": [
      [
        0.5480150943153566, 
        0.8323288064436336, 
        0.08311231627162534
      ], 
      [
        0.5036280380895504, 
        -0.24898830194809152, 
        -0.8272634734682851
      ], 
      [
        -0.6678610460199444, 
        0.4952102429254481, 
        -0.5556338399341737
      ]
    ], 
    "trans_mat": [
      -0.13825083900407267, 
      0.09310381858382422, 
      0.9873550286569345
    ]
  }, 
  {
    "img": "/media/hdd/YCBvideo/YCB_Video_Dataset/YCB_Video_Dataset/data/0011/000014-label.png", 
    "mask": "/media/hdd/YCBvideo/YCB_Video_Dataset/Generated_YCB_Video_Dataset/mask/0011/000014-mask-00.png", 
    "depth_minmax": [
      0.908, 
      1.03
    ], 
    "model": "/media/hdd/YCBvideo/YCB_Video_Dataset/YCB_Video_Dataset/models/025_mug/textured.obj", 
    "rot_mat": [
      [
        -0.13695264844802257, 
        0.989761205460472, 
        0.040194522699167956
      ], 
      [
        0.5585302328192446, 
        0.11066774204912705, 
        -0.822068664062886
      ], 
      [
        -0.8180993386767069, 
        -0.09013456638970757, 
        -0.567968738225429
      ]
    ], 
    "trans_mat": [
      0.07017244643520054, 
      0.09044800637909045, 
      0.9724806562954982
    ]
  }, 
  {
    "img": "/media/hdd/YCBvideo/YCB_Video_Dataset/YCB_Video_Dataset/data/0011/000015-label.png", 
    "mask": "/media/hdd/YCBvideo/YCB_Video_Dataset/Generated_YCB_Video_Dataset/mask/0011/000015-mask-01.png", 
    "depth_minmax": [
      0.935, 
      1.047
    ], 
    "model": "/media/hdd/YCBvideo/YCB_Video_Dataset/YCB_Video_Dataset/models/052_extra_large_clamp/textured.obj", 
    "rot_mat": [
      [
        0.5476603165021792, 
        0.8328532281274902, 
        0.08015270739818764
      ], 
      [
        0.5021868869066732, 
        -0.2505710512555989, 
        -0.8276611555935107
      ], 
      [
        -0.669236427653246, 
        0.49352860377066166, 
        -0.555476123030675
      ]
    ], 
    "trans_mat": [
      -0.13674413995632037, 
      0.09377760479192014, 
      0.9879811685374028
    ]
  }, 
  {
    "img": "/media/hdd/YCBvideo/YCB_Video_Dataset/YCB_Video_Dataset/data/0011/000015-label.png", 
    "mask": "/media/hdd/YCBvideo/YCB_Video_Dataset/Generated_YCB_Video_Dataset/mask/0011/000015-mask-00.png", 
    "depth_minmax": [
      0.908, 
      1.027
    ], 
    "model": "/media/hdd/YCBvideo/YCB_Video_Dataset/YCB_Video_Dataset/models/025_mug/textured.obj", 
    "rot_mat": [
      [
        -0.13750897942096066, 
        0.9898010788263023, 
        0.03721978380361194
      ], 
      [
        0.5584948512104847, 
        0.10851313582664271, 
        -0.8223794377425812
      ], 
      [
        -0.8180306134747959, 
        -0.09229754569483414, 
        -0.5677212427764506
      ]
    ], 
    "trans_mat": [
      0.0716408016369044, 
      0.09066978891508098, 
      0.9726618093063605
    ]
  }, 
  {
    "img": "/media/hdd/YCBvideo/YCB_Video_Dataset/YCB_Video_Dataset/data/0011/000016-label.png", 
    "mask": "/media/hdd/YCBvideo/YCB_Video_Dataset/Generated_YCB_Video_Dataset/mask/0011/000016-mask-01.png", 
    "depth_minmax": [
      0.934, 
      1.045
    ], 
    "model": "/media/hdd/YCBvideo/YCB_Video_Dataset/YCB_Video_Dataset/models/052_extra_large_clamp/textured.obj", 
    "rot_mat": [
      [
        0.5503795390518934, 
        0.8308692806549642, 
        0.08208667120904053
      ], 
      [
        0.5014114540210683, 
        -0.2503189893560703, 
        -0.8282073753877434
      ], 
      [
        -0.6675837488324136, 
        0.49698767684045375, 
        -0.5543784337905978
      ]
    ], 
    "trans_mat": [
      -0.13680808614681167, 
      0.09204059373553133, 
      0.9876509256893711
    ]
  }, 
  {
    "img": "/media/hdd/YCBvideo/YCB_Video_Dataset/YCB_Video_Dataset/data/0011/000016-label.png", 
    "mask": "/media/hdd/YCBvideo/YCB_Video_Dataset/Generated_YCB_Video_Dataset/mask/0011/000016-mask-00.png", 
    "depth_minmax": [
      0.911, 
      1.023
    ], 
    "model": "/media/hdd/YCBvideo/YCB_Video_Dataset/YCB_Video_Dataset/models/025_mug/textured.obj", 
    "rot_mat": [
      [
        -0.134193133235046, 
        0.9901789651449346, 
        0.03920290772300393
      ], 
      [
        0.557755651360154, 
        0.10816981237790077, 
        -0.8229261540938516
      ], 
      [
        -0.819084216471254, 
        -0.08856485213363682, 
        -0.5667947623557393
      ]
    ], 
    "trans_mat": [
      0.0716336850441611, 
      0.08886440317653901, 
      0.9731419167268088
    ]
  }, 
  {
    "img": "/media/hdd/YCBvideo/YCB_Video_Dataset/YCB_Video_Dataset/data/0011/000017-label.png", 
    "mask": "/media/hdd/YCBvideo/YCB_Video_Dataset/Generated_YCB_Video_Dataset/mask/0011/000017-mask-01.png", 
    "depth_minmax": [
      0.926, 
      1.053
    ], 
    "model": "/media/hdd/YCBvideo/YCB_Video_Dataset/YCB_Video_Dataset/models/052_extra_large_clamp/textured.obj", 
    "rot_mat": [
      [
        0.5483154042895851, 
        0.8323877928067769, 
        0.08050732392060038
      ], 
      [
        0.5047002589550538, 
        -0.2526177265441285, 
        -0.8255079532622087
      ], 
      [
        -0.6668047870979261, 
        0.4932704041054558, 
        -0.558620042034016
      ]
    ], 
    "trans_mat": [
      -0.13736930816068138, 
      0.09181148204446705, 
      0.9893814178132915
    ]
  }, 
  {
    "img": "/media/hdd/YCBvideo/YCB_Video_Dataset/YCB_Video_Dataset/data/0011/000017-label.png", 
    "mask": "/media/hdd/YCBvideo/YCB_Video_Dataset/Generated_YCB_Video_Dataset/mask/0011/000017-mask-00.png", 
    "depth_minmax": [
      0.913, 
      1.024
    ], 
    "model": "/media/hdd/YCBvideo/YCB_Video_Dataset/YCB_Video_Dataset/models/025_mug/textured.obj", 
    "rot_mat": [
      [
        -0.13671629769317428, 
        0.9898969837819005, 
        0.03758581618617398
      ], 
      [
        0.5616929207007222, 
        0.10871729896579797, 
        -0.8201719846869931
      ], 
      [
        -0.8159712520290218, 
        -0.09101901959258703, 
        -0.570881647093659
      ]
    ], 
    "trans_mat": [
      0.07102831956125014, 
      0.0887308442325532, 
      0.9742302901044246
    ]
  }, 
  {
    "img": "/media/hdd/YCBvideo/YCB_Video_Dataset/YCB_Video_Dataset/data/0011/000018-label.png", 
    "mask": "/media/hdd/YCBvideo/YCB_Video_Dataset/Generated_YCB_Video_Dataset/mask/0011/000018-mask-01.png", 
    "depth_minmax": [
      0.945, 
      1.039
    ], 
    "model": "/media/hdd/YCBvideo/YCB_Video_Dataset/YCB_Video_Dataset/models/052_extra_large_clamp/textured.obj", 
    "rot_mat": [
      [
        0.5497291729521175, 
        0.8315693631251591, 
        0.07931270986322987
      ], 
      [
        0.5018466206579242, 
        -0.25286528881711945, 
        -0.8271702140433633
      ], 
      [
        -0.6677930747572045, 
        0.49452268060423776, 
        -0.5563270448103316
      ]
    ], 
    "trans_mat": [
      -0.13752155222499524, 
      0.09339356697377288, 
      0.9896433879877047
    ]
  }, 
  {
    "img": "/media/hdd/YCBvideo/YCB_Video_Dataset/YCB_Video_Dataset/data/0011/000018-label.png", 
    "mask": "/media/hdd/YCBvideo/YCB_Video_Dataset/Generated_YCB_Video_Dataset/mask/0011/000018-mask-00.png", 
    "depth_minmax": [
      0.911, 
      1.022
    ], 
    "model": "/media/hdd/YCBvideo/YCB_Video_Dataset/YCB_Video_Dataset/models/025_mug/textured.obj", 
    "rot_mat": [
      [
        -0.1350910496842819, 
        0.990163844262603, 
        0.036409797322212896
      ], 
      [
        0.5597395375688373, 
        0.10658476486200517, 
        -0.821785747156931
      ], 
      [
        -0.8175825560177266, 
        -0.09063487874630201, 
        -0.5686324531748144
      ]
    ], 
    "trans_mat": [
      0.07088002566087553, 
      0.08987498662444787, 
      0.9746434371444609
    ]
  }, 
  {
    "img": "/media/hdd/YCBvideo/YCB_Video_Dataset/YCB_Video_Dataset/data/0011/000019-label.png", 
    "mask": "/media/hdd/YCBvideo/YCB_Video_Dataset/Generated_YCB_Video_Dataset/mask/0011/000019-mask-01.png", 
    "depth_minmax": [
      0.943, 
      1.037
    ], 
    "model": "/media/hdd/YCBvideo/YCB_Video_Dataset/YCB_Video_Dataset/models/052_extra_large_clamp/textured.obj", 
    "rot_mat": [
      [
        0.5511391937413528, 
        0.8304839929087852, 
        0.08088587958798443
      ], 
      [
        0.5016936575972784, 
        -0.25235458377427655, 
        -0.8274184936843754
      ], 
      [
        -0.6667456769016018, 
        0.4966026255313077, 
        -0.5557308988988374
      ]
    ], 
    "trans_mat": [
      -0.1394307052951345, 
      0.09351484157063585, 
      0.9903534347190653
    ]
  }, 
  {
    "img": "/media/hdd/YCBvideo/YCB_Video_Dataset/YCB_Video_Dataset/data/0011/000019-label.png", 
    "mask": "/media/hdd/YCBvideo/YCB_Video_Dataset/Generated_YCB_Video_Dataset/mask/0011/000019-mask-00.png", 
    "depth_minmax": [
      0.911, 
      1.03
    ], 
    "model": "/media/hdd/YCBvideo/YCB_Video_Dataset/YCB_Video_Dataset/models/025_mug/textured.obj", 
    "rot_mat": [
      [
        -0.13334515405203295, 
        0.9903405029259422, 
        0.03801032351180712
      ], 
      [
        0.5592929601934289, 
        0.10685779034745234, 
        -0.8220538619247293
      ], 
      [
        -0.8181745127424046, 
        -0.08835769868423048, 
        -0.5681398701244427
      ]
    ], 
    "trans_mat": [
      0.06900674500875142, 
      0.09005574807505869, 
      0.9758455610292714
    ]
  }, 
  {
    "img": "/media/hdd/YCBvideo/YCB_Video_Dataset/YCB_Video_Dataset/data/0011/000020-label.png", 
    "mask": "/media/hdd/YCBvideo/YCB_Video_Dataset/Generated_YCB_Video_Dataset/mask/0011/000020-mask-01.png", 
    "depth_minmax": [
      0.94, 
      1.043
    ], 
    "model": "/media/hdd/YCBvideo/YCB_Video_Dataset/YCB_Video_Dataset/models/052_extra_large_clamp/textured.obj", 
    "rot_mat": [
      [
        0.5529552025638, 
        0.8294751402806942, 
        0.07881276400145905
      ], 
      [
        0.5013165014991261, 
        -0.25565143761369463, 
        -0.8266340484035744
      ], 
      [
        -0.665523188466649, 
        0.49660197623808033, 
        -0.5571937762151075
      ]
    ], 
    "trans_mat": [
      -0.14212541623418629, 
      0.09378607081574512, 
      0.991943850731517
    ]
  }, 
  {
    "img": "/media/hdd/YCBvideo/YCB_Video_Dataset/YCB_Video_Dataset/data/0011/000020-label.png", 
    "mask": "/media/hdd/YCBvideo/YCB_Video_Dataset/Generated_YCB_Video_Dataset/mask/0011/000020-mask-00.png", 
    "depth_minmax": [
      0.914, 
      1.045
    ], 
    "model": "/media/hdd/YCBvideo/YCB_Video_Dataset/YCB_Video_Dataset/models/025_mug/textured.obj", 
    "rot_mat": [
      [
        -0.1312752620754305, 
        0.9906932123716699, 
        0.03595980828666218
      ], 
      [
        0.5611642544645487, 
        0.10416352273069374, 
        -0.8211232606772016
      ], 
      [
        -0.817226416508543, 
        -0.08761305051428156, 
        -0.5696167240539568
      ]
    ], 
    "trans_mat": [
      0.06630921986408744, 
      0.0897526285188305, 
      0.9775453644943941
    ]
  }, 
  {
    "img": "/media/hdd/YCBvideo/YCB_Video_Dataset/YCB_Video_Dataset/data/0011/000021-label.png", 
    "mask": "/media/hdd/YCBvideo/YCB_Video_Dataset/Generated_YCB_Video_Dataset/mask/0011/000021-mask-01.png", 
    "depth_minmax": [
      0.953, 
      1.031
    ], 
    "model": "/media/hdd/YCBvideo/YCB_Video_Dataset/YCB_Video_Dataset/models/052_extra_large_clamp/textured.obj", 
    "rot_mat": [
      [
        0.5554427666229637, 
        0.8283956259042679, 
        0.07241661978878264
      ], 
      [
        0.4993448741915871, 
        -0.26263865765971944, 
        -0.8256373865303612
      ], 
      [
        -0.6649340928179694, 
        0.49475565140213923, 
        -0.5595360284778134
      ]
    ], 
    "trans_mat": [
      -0.1433964289835045, 
      0.09603870146828593, 
      0.9938093315595231
    ]
  }, 
  {
    "img": "/media/hdd/YCBvideo/YCB_Video_Dataset/YCB_Video_Dataset/data/0011/000021-label.png", 
    "mask": "/media/hdd/YCBvideo/YCB_Video_Dataset/Generated_YCB_Video_Dataset/mask/0011/000021-mask-00.png", 
    "depth_minmax": [
      0.917, 
      1.028
    ], 
    "model": "/media/hdd/YCBvideo/YCB_Video_Dataset/YCB_Video_Dataset/models/025_mug/textured.obj", 
    "rot_mat": [
      [
        -0.12857186166809642, 
        0.9912585773742499, 
        0.029585175761280152
      ], 
      [
        0.5642604758632428, 
        0.09765447122778978, 
        -0.8198013210835515
      ], 
      [
        -0.8155236255887843, 
        -0.0887085001284597, 
        -0.5718844498392758
      ]
    ], 
    "trans_mat": [
      0.06498597387079547, 
      0.09062553040552344, 
      0.9791102022140475
    ]
  }, 
  {
    "img": "/media/hdd/YCBvideo/YCB_Video_Dataset/YCB_Video_Dataset/data/0011/000022-label.png", 
    "mask": "/media/hdd/YCBvideo/YCB_Video_Dataset/Generated_YCB_Video_Dataset/mask/0011/000022-mask-01.png", 
    "depth_minmax": [
      0.948, 
      1.043
    ], 
    "model": "/media/hdd/YCBvideo/YCB_Video_Dataset/YCB_Video_Dataset/models/052_extra_large_clamp/textured.obj", 
    "rot_mat": [
      [
        0.558830913771451, 
        0.8257842501312275, 
        0.0760838549406708
      ], 
      [
        0.4972653698134919, 
        -0.26025752368102495, 
        -0.8276442350696956
      ], 
      [
        -0.6636541920119474, 
        0.5003465770989585, 
        -0.5560733310666145
      ]
    ], 
    "trans_mat": [
      -0.14578190254498727, 
      0.0950031486494208, 
      0.9936610313813123
    ]
  }, 
  {
    "img": "/media/hdd/YCBvideo/YCB_Video_Dataset/YCB_Video_Dataset/data/0011/000022-label.png", 
    "mask": "/media/hdd/YCBvideo/YCB_Video_Dataset/Generated_YCB_Video_Dataset/mask/0011/000022-mask-00.png", 
    "depth_minmax": [
      0.916, 
      1.031
    ], 
    "model": "/media/hdd/YCBvideo/YCB_Video_Dataset/YCB_Video_Dataset/models/025_mug/textured.obj", 
    "rot_mat": [
      [
        -0.1243723136469629, 
        0.9916759589290677, 
        0.03331840382945021
      ], 
      [
        0.5611660434730349, 
        0.09799329401624475, 
        -0.8218824864172966
      ], 
      [
        -0.8183055759114423, 
        -0.08352241131814518, 
        -0.5686825634401829
      ]
    ], 
    "trans_mat": [
      0.06268300438634711, 
      0.08967592997307376, 
      0.9801477129345926
    ]
  }, 
  {
    "img": "/media/hdd/YCBvideo/YCB_Video_Dataset/YCB_Video_Dataset/data/0011/000023-label.png", 
    "mask": "/media/hdd/YCBvideo/YCB_Video_Dataset/Generated_YCB_Video_Dataset/mask/0011/000023-mask-01.png", 
    "depth_minmax": [
      0.956, 
      1.035
    ], 
    "model": "/media/hdd/YCBvideo/YCB_Video_Dataset/YCB_Video_Dataset/models/052_extra_large_clamp/textured.obj", 
    "rot_mat": [
      [
        0.5600132836360249, 
        0.8250756510995807, 
        0.07507153622910301
      ], 
      [
        0.496913448152021, 
        -0.2620015919905939, 
        -0.827304029977305
      ], 
      [
        -0.6629194201869041, 
        0.5006055923858177, 
        -0.5567158037598843
      ]
    ], 
    "trans_mat": [
      -0.14881885755102578, 
      0.09332348045133078, 
      0.9946798367406688
    ]
  }, 
  {
    "img": "/media/hdd/YCBvideo/YCB_Video_Dataset/YCB_Video_Dataset/data/0011/000023-label.png", 
    "mask": "/media/hdd/YCBvideo/YCB_Video_Dataset/Generated_YCB_Video_Dataset/mask/0011/000023-mask-00.png", 
    "depth_minmax": [
      0.917, 
      1.027
    ], 
    "model": "/media/hdd/YCBvideo/YCB_Video_Dataset/YCB_Video_Dataset/models/025_mug/textured.obj", 
    "rot_mat": [
      [
        -0.12299694921596419, 
        0.9918804677032693, 
        0.03232269051287764
      ], 
      [
        0.5620426872664984, 
        0.09646461750467279, 
        -0.8214629575605207
      ], 
      [
        -0.817910932292453, 
        -0.08287021112223847, 
        -0.5693448625463744
      ]
    ], 
    "trans_mat": [
      0.059644961787152305, 
      0.08767163063842043, 
      0.9812821056685831
    ]
  }, 
  {
    "img": "/media/hdd/YCBvideo/YCB_Video_Dataset/YCB_Video_Dataset/data/0011/000024-label.png", 
    "mask": "/media/hdd/YCBvideo/YCB_Video_Dataset/Generated_YCB_Video_Dataset/mask/0011/000024-mask-01.png", 
    "depth_minmax": [
      0.95, 
      1.037
    ], 
    "model": "/media/hdd/YCBvideo/YCB_Video_Dataset/YCB_Video_Dataset/models/052_extra_large_clamp/textured.obj", 
    "rot_mat": [
      [
        0.5643924783481225, 
        0.8218827969774498, 
        0.07726306587226553
      ], 
      [
        0.49414321544477124, 
        -0.2613848642528005, 
        -0.8291568014169594
      ], 
      [
        -0.6612744400115954, 
        0.5061487702211707, 
        -0.5536519469825225
      ]
    ], 
    "trans_mat": [
      -0.15007074470586426, 
      0.09371213632143448, 
      0.9946564734659417
    ]
  }, 
  {
    "img": "/media/hdd/YCBvideo/YCB_Video_Dataset/YCB_Video_Dataset/data/0011/000024-label.png", 
    "mask": "/media/hdd/YCBvideo/YCB_Video_Dataset/Generated_YCB_Video_Dataset/mask/0011/000024-mask-00.png", 
    "depth_minmax": [
      0.918, 
      1.029
    ], 
    "model": "/media/hdd/YCBvideo/YCB_Video_Dataset/YCB_Video_Dataset/models/025_mug/textured.obj", 
    "rot_mat": [
      [
        -0.11764095404729559, 
        0.9924530471918381, 
        0.03459422812056328
      ], 
      [
        0.5595868059208151, 
        0.09502883600509261, 
        -0.823305365742266
      ], 
      [
        -0.820379164837087, 
        -0.07749593451510951, 
        -0.5665439784464418
      ]
    ], 
    "trans_mat": [
      0.05845931908120854, 
      0.08777143377782558, 
      0.9824703462440741
    ]
  }, 
  {
    "img": "/media/hdd/YCBvideo/YCB_Video_Dataset/YCB_Video_Dataset/data/0011/000025-label.png", 
    "mask": "/media/hdd/YCBvideo/YCB_Video_Dataset/Generated_YCB_Video_Dataset/mask/0011/000025-mask-01.png", 
    "depth_minmax": [
      0.95, 
      1.037
    ], 
