[
  {
    "img": "/media/hdd/YCBvideo/YCB_Video_Dataset/YCB_Video_Dataset/data/0012/000001-label.png", 
    "mask": "/media/hdd/YCBvideo/YCB_Video_Dataset/Generated_YCB_Video_Dataset/mask/0012/000001-mask-00.png", 
    "depth_minmax": [
      1.057, 
      1.128
    ], 
    "model": "/media/hdd/YCBvideo/YCB_Video_Dataset/YCB_Video_Dataset/models/005_tomato_soup_can/textured.obj", 
    "rot_mat": [
      [
        0.9820005745895513, 
        0.1883886272012374, 
        0.013541427176491252
      ], 
      [
        0.10123010297186309, 
        -0.46443776107420337, 
        -0.8798014631673707
      ], 
      [
        -0.15945552777372063, 
        0.8653375930917098, 
        -0.4751484464885506
      ]
    ], 
    "trans_mat": [
      0.021314179478114724, 
      0.01162570280999324, 
      1.0951604031219981
    ]
  }, 
  {
    "img": "/media/hdd/YCBvideo/YCB_Video_Dataset/YCB_Video_Dataset/data/0012/000001-label.png", 
    "mask": "/media/hdd/YCBvideo/YCB_Video_Dataset/Generated_YCB_Video_Dataset/mask/0012/000001-mask-02.png", 
    "depth_minmax": [
      1.142, 
      1.191
    ], 
    "model": "/media/hdd/YCBvideo/YCB_Video_Dataset/YCB_Video_Dataset/models/061_foam_brick/textured.obj", 
    "rot_mat": [
      [
        -0.03193121869017097, 
        -0.7880872559817517, 
        -0.6147349929341716
      ], 
      [
        -0.8588838201293931, 
        -0.2929212359228551, 
        0.4201372869925823
      ], 
      [
        -0.5111729461739754, 
        0.5414021233080077, 
        -0.6675230385682411
      ]
    ], 
    "trans_mat": [
      0.06758151108796609, 
      -0.1576163921928713, 
      1.185172528256287
    ]
  }, 
  {
    "img": "/media/hdd/YCBvideo/YCB_Video_Dataset/YCB_Video_Dataset/data/0012/000001-label.png", 
    "mask": "/media/hdd/YCBvideo/YCB_Video_Dataset/Generated_YCB_Video_Dataset/mask/0012/000001-mask-01.png", 
    "depth_minmax": [
      0.878, 
      1.029
    ], 
    "model": "/media/hdd/YCBvideo/YCB_Video_Dataset/YCB_Video_Dataset/models/035_power_drill/textured.obj", 
    "rot_mat": [
      [
        0.58636479814848, 
        0.036089676432557796, 
        0.8092428589193668
      ], 
      [
        -0.375797565019477, 
        -0.8728771697764888, 
        0.31122463355550206
      ], 
      [
        0.7176024754018385, 
        -0.4866021630702436, 
        -0.4982627025164404
      ]
    ], 
    "trans_mat": [
      0.15451697828257144, 
      0.03256901935812433, 
      0.9376113664699933
    ]
  }, 
  {
    "img": "/media/hdd/YCBvideo/YCB_Video_Dataset/YCB_Video_Dataset/data/0012/000002-label.png", 
    "mask": "/media/hdd/YCBvideo/YCB_Video_Dataset/Generated_YCB_Video_Dataset/mask/0012/000002-mask-00.png", 
    "depth_minmax": [
      1.054, 
      1.126
    ], 
    "model": "/media/hdd/YCBvideo/YCB_Video_Dataset/YCB_Video_Dataset/models/005_tomato_soup_can/textured.obj", 
    "rot_mat": [
      [
        0.9785797177781675, 
        0.2058604764867148, 
        -0.0010580759709953387
      ], 
      [
        0.09893938740036308, 
        -0.4748112329109006, 
        -0.8745093355065409
      ], 
      [
        -0.18052976164991857, 
        0.8556727045013572, 
        -0.48500841345252915
      ]
    ], 
    "trans_mat": [
      0.020710096705977628, 
      0.011996373182174858, 
      1.096360989202301
    ]
  }, 
  {
    "img": "/media/hdd/YCBvideo/YCB_Video_Dataset/YCB_Video_Dataset/data/0012/000002-label.png", 
    "mask": "/media/hdd/YCBvideo/YCB_Video_Dataset/Generated_YCB_Video_Dataset/mask/0012/000002-mask-02.png", 
    "depth_minmax": [
      1.142, 
      1.189
    ], 
    "model": "/media/hdd/YCBvideo/YCB_Video_Dataset/YCB_Video_Dataset/models/061_foam_brick/textured.obj", 
    "rot_mat": [
      [
        -0.04724115592139522, 
        -0.776925677108558, 
        -0.6278169664030475
      ], 
      [
        -0.8530044604286504, 
        -0.29566781660009106, 
        0.4300747072648193
      ], 
      [
        -0.5197608116000489, 
        0.5558485163937755, 
        -0.6487532967671901
      ]
    ], 
    "trans_mat": [
      0.06825762408474026, 
      -0.15842649796787708, 
      1.1834297978639394
    ]
  }, 
  {
    "img": "/media/hdd/YCBvideo/YCB_Video_Dataset/YCB_Video_Dataset/data/0012/000002-label.png", 
    "mask": "/media/hdd/YCBvideo/YCB_Video_Dataset/Generated_YCB_Video_Dataset/mask/0012/000002-mask-01.png", 
    "depth_minmax": [
      0.869, 
      1.037
    ], 
    "model": "/media/hdd/YCBvideo/YCB_Video_Dataset/YCB_Video_Dataset/models/035_power_drill/textured.obj", 
    "rot_mat": [
      [
        0.6007805468227954, 
        0.0212556714179333, 
        0.799130914551321
      ], 
      [
        -0.386178040279891, 
        -0.8675512663727257, 
        0.3134025535229357
      ], 
      [
        0.6999484447482263, 
        -0.49689281110522254, 
        -0.5130000827911226
      ]
    ], 
    "trans_mat": [
      0.15040851009085718, 
      0.0341406808477846, 
      0.9360761286478542
    ]
  }, 
  {
    "img": "/media/hdd/YCBvideo/YCB_Video_Dataset/YCB_Video_Dataset/data/0012/000003-label.png", 
    "mask": "/media/hdd/YCBvideo/YCB_Video_Dataset/Generated_YCB_Video_Dataset/mask/0012/000003-mask-00.png", 
    "depth_minmax": [
      1.054, 
      1.124
    ], 
    "model": "/media/hdd/YCBvideo/YCB_Video_Dataset/YCB_Video_Dataset/models/005_tomato_soup_can/textured.obj", 
    "rot_mat": [
      [
        0.9788493487521109, 
        0.20458068099553856, 
        0.0007565006904842863
      ], 
      [
        0.09949075603100342, 
        -0.47279159130532955, 
        -0.8755401692054209
      ], 
      [
        -0.17876019777486035, 
        0.8570970808982598, 
        -0.4831449835691593
      ]
    ], 
    "trans_mat": [
      0.019496417078553166, 
      0.013282742410671398, 
      1.096677667198495
    ]
  }, 
  {
    "img": "/media/hdd/YCBvideo/YCB_Video_Dataset/YCB_Video_Dataset/data/0012/000003-label.png", 
    "mask": "/media/hdd/YCBvideo/YCB_Video_Dataset/Generated_YCB_Video_Dataset/mask/0012/000003-mask-02.png", 
    "depth_minmax": [
      1.142, 
      1.192
    ], 
    "model": "/media/hdd/YCBvideo/YCB_Video_Dataset/YCB_Video_Dataset/models/061_foam_brick/textured.obj", 
    "rot_mat": [
      [
        -0.04537665923569548, 
        -0.7777678147157807, 
        -0.6269126884829987
      ], 
      [
        -0.854153500390916, 
        -0.2952268500588126, 
        0.4280920744020144
      ], 
      [
        -0.5180364749005528, 
        0.5549044081249851, 
        -0.6509368485406279
      ]
    ], 
    "trans_mat": [
      0.06702999000146143, 
      -0.15690882269240172, 
      1.1842054138162883
    ]
  }, 
  {
    "img": "/media/hdd/YCBvideo/YCB_Video_Dataset/YCB_Video_Dataset/data/0012/000003-label.png", 
    "mask": "/media/hdd/YCBvideo/YCB_Video_Dataset/Generated_YCB_Video_Dataset/mask/0012/000003-mask-01.png", 
    "depth_minmax": [
      0.866, 
      1.04
    ], 
    "model": "/media/hdd/YCBvideo/YCB_Video_Dataset/YCB_Video_Dataset/models/035_power_drill/textured.obj", 
    "rot_mat": [
      [
        0.5997308862622822, 
        0.023087638545915366, 
        0.7998694068321275
      ], 
      [
        -0.384112420962481, 
        -0.8685860760418673, 
        0.31307397879236876
      ], 
      [
        0.7019835412426194, 
        -0.49499901601380686, 
        -0.5120490347928704
      ]
    ], 
    "trans_mat": [
      0.14949793191991548, 
      0.035209852283956795, 
      0.9366087014536656
    ]
  }, 
  {
    "img": "/media/hdd/YCBvideo/YCB_Video_Dataset/YCB_Video_Dataset/data/0012/000004-label.png", 
    "mask": "/media/hdd/YCBvideo/YCB_Video_Dataset/Generated_YCB_Video_Dataset/mask/0012/000004-mask-00.png", 
    "depth_minmax": [
      1.054, 
      1.124
    ], 
    "model": "/media/hdd/YCBvideo/YCB_Video_Dataset/YCB_Video_Dataset/models/005_tomato_soup_can/textured.obj", 
    "rot_mat": [
      [
        0.9791024308483797, 
        0.20336524861763905, 
        0.0008326989047477053
      ], 
      [
        0.09856977710755271, 
        -0.47097340846539537, 
        -0.876623161916928
      ], 
      [
        -0.1778825481069273, 
        0.8583859842325005, 
        -0.4811773275206024
      ]
    ], 
    "trans_mat": [
      0.018524689175324266, 
      0.01416890181501262, 
      1.0964258111136558
    ]
  }, 
  {
    "img": "/media/hdd/YCBvideo/YCB_Video_Dataset/YCB_Video_Dataset/data/0012/000004-label.png", 
    "mask": "/media/hdd/YCBvideo/YCB_Video_Dataset/Generated_YCB_Video_Dataset/mask/0012/000004-mask-02.png", 
    "depth_minmax": [
      1.142, 
      1.193
    ], 
    "model": "/media/hdd/YCBvideo/YCB_Video_Dataset/YCB_Video_Dataset/models/061_foam_brick/textured.obj", 
    "rot_mat": [
      [
        -0.045249808568682055, 
        -0.778548130539429, 
        -0.6259524027298202
      ], 
      [
        -0.8552904658321117, 
        -0.29356701055818807, 
        0.42696109856614767
      ], 
      [
        -0.5161685948199378, 
        0.5546911519989276, 
        -0.6526008056301568
      ]
    ], 
    "trans_mat": [
      0.06586912646334814, 
      -0.15585074653507267, 
      1.1843887996210236
    ]
  }, 
  {
    "img": "/media/hdd/YCBvideo/YCB_Video_Dataset/YCB_Video_Dataset/data/0012/000004-label.png", 
    "mask": "/media/hdd/YCBvideo/YCB_Video_Dataset/Generated_YCB_Video_Dataset/mask/0012/000004-mask-01.png", 
    "depth_minmax": [
      0.874, 
      1.033
    ], 
    "model": "/media/hdd/YCBvideo/YCB_Video_Dataset/YCB_Video_Dataset/models/035_power_drill/textured.obj", 
    "rot_mat": [
      [
        0.5987367038049469, 
        0.023180846265054084, 
        0.8006110571454195
      ], 
      [
        -0.38285250008485966, 
        -0.8697075603430058, 
        0.311498626564402
      ], 
      [
        0.7035180674036866, 
        -0.49302183102363356, 
        -0.5118511160400444
      ]
    ], 
    "trans_mat": [
      0.14871766636568315, 
      0.03566744503301881, 
      0.9364542327583742
    ]
  }, 
  {
    "img": "/media/hdd/YCBvideo/YCB_Video_Dataset/YCB_Video_Dataset/data/0012/000005-label.png", 
    "mask": "/media/hdd/YCBvideo/YCB_Video_Dataset/Generated_YCB_Video_Dataset/mask/0012/000005-mask-00.png", 
    "depth_minmax": [
      1.057, 
      1.13
    ], 
    "model": "/media/hdd/YCBvideo/YCB_Video_Dataset/YCB_Video_Dataset/models/005_tomato_soup_can/textured.obj", 
    "rot_mat": [
      [
        0.9802280915231542, 
        0.1978015395935799, 
        0.005189868762301032
      ], 
      [
        0.09986874239929208, 
        -0.4719281827408904, 
        -0.8759623988763906
      ], 
      [
        -0.17081763701188157, 
        0.859160886685003, 
        -0.4823520176762804
      ]
    ], 
    "trans_mat": [
      0.017682011006395347, 
      0.015196028061350899, 
      1.0968682916105896
    ]
  }, 
  {
    "img": "/media/hdd/YCBvideo/YCB_Video_Dataset/YCB_Video_Dataset/data/0012/000005-label.png", 
    "mask": "/media/hdd/YCBvideo/YCB_Video_Dataset/Generated_YCB_Video_Dataset/mask/0012/000005-mask-02.png", 
    "depth_minmax": [
      1.142, 
      1.196
    ], 
    "model": "/media/hdd/YCBvideo/YCB_Video_Dataset/YCB_Video_Dataset/models/061_foam_brick/textured.obj", 
    "rot_mat": [
      [
        -0.040667190589231184, 
        -0.7821317559440778, 
        -0.621785374852896
      ], 
      [
        -0.8546315336080923, 
        -0.29516512935181116, 
        0.42717867369265794
      ], 
      [
        -0.5176393083419392, 
        0.54876959158095, 
        -0.6564303666160592
      ]
    ], 
    "trans_mat": [
      0.0645881319634472, 
      -0.1548926972673217, 
      1.1849324450860097
    ]
  }, 
  {
    "img": "/media/hdd/YCBvideo/YCB_Video_Dataset/YCB_Video_Dataset/data/0012/000005-label.png", 
    "mask": "/media/hdd/YCBvideo/YCB_Video_Dataset/Generated_YCB_Video_Dataset/mask/0012/000005-mask-01.png", 
    "depth_minmax": [
      0.866, 
      1.039
    ], 
    "model": "/media/hdd/YCBvideo/YCB_Video_Dataset/YCB_Video_Dataset/models/035_power_drill/textured.obj", 
    "rot_mat": [
      [
        0.5941622548054194, 
        0.027613687285802435, 
        0.8038716099211214
      ], 
      [
        -0.3831691705792964, 
        -0.8690065019833566, 
        0.31306187659836543
      ], 
      [
        0.7072138073366733, 
        -0.4940287077597605, 
        -0.5057502045413298
      ]
    ], 
    "trans_mat": [
      0.1489796631017176, 
      0.037053845442353295, 
      0.937851157979206
    ]
  }, 
  {
    "img": "/media/hdd/YCBvideo/YCB_Video_Dataset/YCB_Video_Dataset/data/0012/000006-label.png", 
    "mask": "/media/hdd/YCBvideo/YCB_Video_Dataset/Generated_YCB_Video_Dataset/mask/0012/000006-mask-00.png", 
    "depth_minmax": [
      1.054, 
      1.127
    ], 
    "model": "/media/hdd/YCBvideo/YCB_Video_Dataset/YCB_Video_Dataset/models/005_tomato_soup_can/textured.obj", 
    "rot_mat": [
      [
        0.9798319378997619, 
        0.19981284612640768, 
        0.0020711851763849523
      ], 
      [
        0.09806792750706461, 
        -0.47181762659848087, 
        -0.8762254341439539
      ], 
      [
        -0.1741038805719547, 
        0.8587566582107955, 
        -0.4818972642904073
      ]
    ], 
    "trans_mat": [
      0.016777779760379065, 
      0.016290223599938366, 
      1.0970436944215385
    ]
  }, 
  {
    "img": "/media/hdd/YCBvideo/YCB_Video_Dataset/YCB_Video_Dataset/data/0012/000006-label.png", 
    "mask": "/media/hdd/YCBvideo/YCB_Video_Dataset/Generated_YCB_Video_Dataset/mask/0012/000006-mask-02.png", 
    "depth_minmax": [
      1.142, 
      1.191
    ], 
    "model": "/media/hdd/YCBvideo/YCB_Video_Dataset/YCB_Video_Dataset/models/061_foam_brick/textured.obj", 
    "rot_mat": [
      [
        -0.043864835237599285, 
        -0.7808300972586968, 
        -0.6232028449693905
      ], 
      [
        -0.8548332797369868, 
        -0.29350950494600236, 
        0.42791525733784963
      ], 
      [
        -0.5170445200870428, 
        0.55150497292711, 
        -0.654604570910029
      ]
    ], 
    "trans_mat": [
      0.06367772035784089, 
      -0.1538334376302223, 
      1.1850437730619687
    ]
  }, 
  {
    "img": "/media/hdd/YCBvideo/YCB_Video_Dataset/YCB_Video_Dataset/data/0012/000006-label.png", 
    "mask": "/media/hdd/YCBvideo/YCB_Video_Dataset/Generated_YCB_Video_Dataset/mask/0012/000006-mask-01.png", 
    "depth_minmax": [
      0.866, 
      1.039
    ], 
    "model": "/media/hdd/YCBvideo/YCB_Video_Dataset/YCB_Video_Dataset/models/035_power_drill/textured.obj", 
    "rot_mat": [
      [
        0.5958242074924044, 
        0.02446844580049444, 
        0.8027429663773141
      ], 
      [
        -0.3838307424779716, 
        -0.8693148539310906, 
        0.31139107123575016
      ], 
      [
        0.7054552883243144, 
        -0.4936515924568279, 
        -0.5085671194008761
      ]
    ], 
    "trans_mat": [
      0.14758789874959136, 
      0.03783473472864174, 
      0.9375825593651761
    ]
  }, 
  {
    "img": "/media/hdd/YCBvideo/YCB_Video_Dataset/YCB_Video_Dataset/data/0012/000007-label.png", 
    "mask": "/media/hdd/YCBvideo/YCB_Video_Dataset/Generated_YCB_Video_Dataset/mask/0012/000007-mask-00.png", 
    "depth_minmax": [
      1.057, 
      1.13
    ], 
    "model": "/media/hdd/YCBvideo/YCB_Video_Dataset/YCB_Video_Dataset/models/005_tomato_soup_can/textured.obj", 
    "rot_mat": [
      [
        0.9807073856242076, 
        0.1954097166868644, 
        0.005257075091764936
      ], 
      [
        0.09850458303519138, 
        -0.47078018645123154, 
        -0.8767344752076729
      ], 
      [
        -0.16884757479818752, 
        0.8603379038822582, 
        -0.48094639437383774
      ]
    ], 
    "trans_mat": [
      0.015903413289071064, 
      0.017653487739371615, 
      1.0974339815298897
    ]
  }, 
  {
    "img": "/media/hdd/YCBvideo/YCB_Video_Dataset/YCB_Video_Dataset/data/0012/000007-label.png", 
    "mask": "/media/hdd/YCBvideo/YCB_Video_Dataset/Generated_YCB_Video_Dataset/mask/0012/000007-mask-02.png", 
    "depth_minmax": [
      1.142, 
      1.192
    ], 
    "model": "/media/hdd/YCBvideo/YCB_Video_Dataset/YCB_Video_Dataset/models/061_foam_brick/textured.obj", 
    "rot_mat": [
      [
        -0.04049945950075751, 
        -0.7836498010106776, 
        -0.6198820982385291
      ], 
      [
        -0.8554087244879481, 
        -0.29341973624198414, 
        0.42682581804372555
      ], 
      [
        -0.51636705115092, 
        0.5475389214464401, 
        -0.6584574600102314
      ]
    ], 
    "trans_mat": [
      0.06242824360983414, 
      -0.15234703141359957, 
      1.1858701297800924
    ]
  }, 
  {
    "img": "/media/hdd/YCBvideo/YCB_Video_Dataset/YCB_Video_Dataset/data/0012/000007-label.png", 
    "mask": "/media/hdd/YCBvideo/YCB_Video_Dataset/Generated_YCB_Video_Dataset/mask/0012/000007-mask-01.png", 
    "depth_minmax": [
      0.874, 
      1.032
    ], 
    "model": "/media/hdd/YCBvideo/YCB_Video_Dataset/YCB_Video_Dataset/models/035_power_drill/textured.obj", 
    "rot_mat": [
      [
        0.5921980897003831, 
        0.027713932424206486, 
        0.8053162755809938
      ], 
      [
        -0.3827047798119587, 
        -0.869822159302615, 
        0.3113607083445462
      ], 
      [
        0.7091107835499987, 
        -0.49258541891807467, 
        -0.5045009290674772
      ]
    ], 
    "trans_mat": [
      0.14757005938896758, 
      0.03911187138534769, 
      0.9386676917305495
    ]
  }, 
  {
    "img": "/media/hdd/YCBvideo/YCB_Video_Dataset/YCB_Video_Dataset/data/0012/000008-label.png", 
    "mask": "/media/hdd/YCBvideo/YCB_Video_Dataset/Generated_YCB_Video_Dataset/mask/0012/000008-mask-00.png", 
    "depth_minmax": [
      1.061, 
      1.135
    ], 
    "model": "/media/hdd/YCBvideo/YCB_Video_Dataset/YCB_Video_Dataset/models/005_tomato_soup_can/textured.obj", 
    "rot_mat": [
      [
        0.978430427410902, 
        0.20656431223282068, 
        -0.0019286482023495432
      ], 
      [
        0.09825214534400635, 
        -0.4735614652292445, 
        -0.8752637751614534
      ], 
      [
        -0.1817117634314485, 
        0.8561954088405573, 
        -0.48364261961400307
      ]
    ], 
    "trans_mat": [
      0.015196902925025312, 
      0.018812944973593437, 
      1.0982043305848055
    ]
  }, 
  {
    "img": "/media/hdd/YCBvideo/YCB_Video_Dataset/YCB_Video_Dataset/data/0012/000008-label.png", 
    "mask": "/media/hdd/YCBvideo/YCB_Video_Dataset/Generated_YCB_Video_Dataset/mask/0012/000008-mask-02.png", 
    "depth_minmax": [
      1.142, 
      1.193
    ], 
    "model": "/media/hdd/YCBvideo/YCB_Video_Dataset/YCB_Video_Dataset/models/061_foam_brick/textured.obj", 
    "rot_mat": [
      [
        -0.04813938747495997, 
        -0.776462941723533, 
        -0.6283215688192607
      ], 
      [
        -0.8537939866830456, 
        -0.29447856712202397, 
        0.42932255435769895
      ], 
      [
        -0.5183799771768903, 
        0.5571248142743427, 
        -0.6487633238256402
      ]
    ], 
    "trans_mat": [
      0.06276568845741343, 
      -0.15149358111618136, 
      1.1854888145665208
    ]
  }, 
  {
    "img": "/media/hdd/YCBvideo/YCB_Video_Dataset/YCB_Video_Dataset/data/0012/000008-label.png", 
    "mask": "/media/hdd/YCBvideo/YCB_Video_Dataset/Generated_YCB_Video_Dataset/mask/0012/000008-mask-01.png", 
    "depth_minmax": [
      0.87, 
      1.037
    ], 
    "model": "/media/hdd/YCBvideo/YCB_Video_Dataset/YCB_Video_Dataset/models/035_power_drill/textured.obj", 
    "rot_mat": [
      [
        0.6013570867584245, 
        0.02037546648501483, 
        0.7987205386513857
      ], 
      [
        -0.385334921846143, 
        -0.8683334973911455, 
        0.3122708887369803
      ], 
      [
        0.6999183254025747, 
        -0.4955612886795157, 
        -0.5143274415966753
      ]
    ], 
    "trans_mat": [
      0.14473588178238456, 
      0.04065352026425532, 
      0.9377489678572077
    ]
  }, 
  {
    "img": "/media/hdd/YCBvideo/YCB_Video_Dataset/YCB_Video_Dataset/data/0012/000009-label.png", 
    "mask": "/media/hdd/YCBvideo/YCB_Video_Dataset/Generated_YCB_Video_Dataset/mask/0012/000009-mask-00.png", 
    "depth_minmax": [
      1.057, 
      1.127
    ], 
    "model": "/media/hdd/YCBvideo/YCB_Video_Dataset/YCB_Video_Dataset/models/005_tomato_soup_can/textured.obj", 
    "rot_mat": [
      [
        0.979233095117561, 
        0.20273550633660933, 
        -0.00020372794875475435
      ], 
      [
        0.09700412695642417, 
        -0.4694222659419433, 
        -0.8776296113670023
      ], 
      [
        -0.17802261087263704, 
        0.8593842911763526, 
        -0.4793397055819708
      ]
    ], 
    "trans_mat": [
      0.015004257418434162, 
      0.02035757372186793, 
      1.0982607824971025
    ]
  }, 
  {
    "img": "/media/hdd/YCBvideo/YCB_Video_Dataset/YCB_Video_Dataset/data/0012/000009-label.png", 
    "mask": "/media/hdd/YCBvideo/YCB_Video_Dataset/Generated_YCB_Video_Dataset/mask/0012/000009-mask-02.png", 
    "depth_minmax": [
      1.142, 
      1.193
    ], 
    "model": "/media/hdd/YCBvideo/YCB_Video_Dataset/YCB_Video_Dataset/models/061_foam_brick/textured.obj", 
    "rot_mat": [
      [
        -0.04625792771966147, 
        -0.7789410370608159, 
        -0.6253892437892296
      ], 
      [
        -0.8563141081825216, 
        -0.29145605834767324, 
        0.4263558852642032
      ], 
      [
        -0.5143786860352846, 
        0.5552523373903347, 
        -0.6535358895453736
      ]
    ], 
    "trans_mat": [
      0.062135832542794235, 
      -0.1495350965504384, 
      1.1865829253606692
    ]
  }, 
  {
    "img": "/media/hdd/YCBvideo/YCB_Video_Dataset/YCB_Video_Dataset/data/0012/000009-label.png", 
    "mask": "/media/hdd/YCBvideo/YCB_Video_Dataset/Generated_YCB_Video_Dataset/mask/0012/000009-mask-01.png", 
    "depth_minmax": [
      0.87, 
      1.036
    ], 
    "model": "/media/hdd/YCBvideo/YCB_Video_Dataset/YCB_Video_Dataset/models/035_power_drill/textured.obj", 
    "rot_mat": [
      [
        0.5982239827546246, 
        0.022153591590347684, 
        0.8010229939610194
      ], 
      [
        -0.3821076097927228, 
        -0.8707660604607114, 
        0.30945046626436334
      ], 
      [
        0.7043587932923795, 
        -0.4911971617261096, 
        -0.5124484803811394
      ]
    ], 
    "trans_mat": [
      0.14523370473731387, 
      0.04136242198429463, 
      0.9382533240300346
    ]
  }, 
  {
    "img": "/media/hdd/YCBvideo/YCB_Video_Dataset/YCB_Video_Dataset/data/0012/000010-label.png", 
    "mask": "/media/hdd/YCBvideo/YCB_Video_Dataset/Generated_YCB_Video_Dataset/mask/0012/000010-mask-00.png", 
    "depth_minmax": [
      1.057, 
      1.125
    ], 
    "model": "/media/hdd/YCBvideo/YCB_Video_Dataset/YCB_Video_Dataset/models/005_tomato_soup_can/textured.obj", 
    "rot_mat": [
      [
        0.9795324376117465, 
        0.20126944636362207, 
        -0.0024138862627535547
      ], 
      [
        0.09498795033706367, 
        -0.47279100412605324, 
        -0.8760400126723282
      ], 
      [
        -0.17746155093518068, 
        0.8578806070352364, 
        -0.48223228245262384
      ]
    ], 
    "trans_mat": [
      0.01331040816095011, 
      0.022590926349852644, 
      1.0985717211623094
    ]
  }, 
  {
    "img": "/media/hdd/YCBvideo/YCB_Video_Dataset/YCB_Video_Dataset/data/0012/000010-label.png", 
    "mask": "/media/hdd/YCBvideo/YCB_Video_Dataset/Generated_YCB_Video_Dataset/mask/0012/000010-mask-02.png", 
    "depth_minmax": [
      1.142, 
      1.208
    ], 
    "model": "/media/hdd/YCBvideo/YCB_Video_Dataset/YCB_Video_Dataset/models/061_foam_brick/textured.obj", 
    "rot_mat": [
      [
        -0.0484023919496844, 
        -0.77985349007551, 
        -0.6240883079847166
      ], 
      [
        -0.8544867530131279, 
        -0.2912145010545576, 
        0.43016936366549163
      ], 
      [
        -0.5172120392998207, 
        0.5540967909992395, 
        -0.6522790416040283
      ]
    ], 
    "trans_mat": [
      0.059968002864770394, 
      -0.14771671413031612, 
      1.186344465686082
    ]
  }, 
  {
    "img": "/media/hdd/YCBvideo/YCB_Video_Dataset/YCB_Video_Dataset/data/0012/000010-label.png", 
    "mask": "/media/hdd/YCBvideo/YCB_Video_Dataset/Generated_YCB_Video_Dataset/mask/0012/000010-mask-01.png", 
    "depth_minmax": [
      0.87, 
      1.037
    ], 
    "model": "/media/hdd/YCBvideo/YCB_Video_Dataset/YCB_Video_Dataset/models/035_power_drill/textured.obj", 
    "rot_mat": [
      [
        0.5970278129683028, 
        0.019964596985123866, 
        0.8019723136618514
      ], 
      [
        -0.3860169229750045, 
        -0.8691968355424152, 
        0.3090088864442987
      ], 
      [
        0.7032409719220777, 
        -0.4940615492455193, 
        -0.5112283984717767
      ]
    ], 
    "trans_mat": [
      0.14363579611485658, 
      0.04377719847114694, 
      0.9386663763914258
    ]
  }, 
  {
    "img": "/media/hdd/YCBvideo/YCB_Video_Dataset/YCB_Video_Dataset/data/0012/000011-label.png", 
    "mask": "/media/hdd/YCBvideo/YCB_Video_Dataset/Generated_YCB_Video_Dataset/mask/0012/000011-mask-00.png", 
    "depth_minmax": [
      1.057, 
      1.128
    ], 
    "model": "/media/hdd/YCBvideo/YCB_Video_Dataset/YCB_Video_Dataset/models/005_tomato_soup_can/textured.obj", 
    "rot_mat": [
      [
        0.9790000114623733, 
        0.20383006902384965, 
        -0.003498182944871167
      ], 
      [
        0.09524463530608202, 
        -0.4724973005460463, 
        -0.8761710408427965
      ], 
      [
        -0.18024290562033615, 
        0.857438254841395, 
        -0.4819888233664215
      ]
    ], 
    "trans_mat": [
      0.01120222691578942, 
      0.024194880967523317, 
      1.0991468345940247
    ]
  }, 
  {
    "img": "/media/hdd/YCBvideo/YCB_Video_Dataset/YCB_Video_Dataset/data/0012/000011-label.png", 
    "mask": "/media/hdd/YCBvideo/YCB_Video_Dataset/Generated_YCB_Video_Dataset/mask/0012/000011-mask-02.png", 
    "depth_minmax": [
      1.142, 
      1.2
    ], 
    "model": "/media/hdd/YCBvideo/YCB_Video_Dataset/YCB_Video_Dataset/models/061_foam_brick/textured.obj", 
    "rot_mat": [
      [
        -0.04959167184745075, 
        -0.7782007989141803, 
        -0.626055587727493
      ], 
      [
        -0.8546415010472039, 
        -0.29130763414023086, 
        0.4297996384687111
      ], 
      [
        -0.5168448341208061, 
        0.556367648432556, 
        -0.6506360990535829
      ]
    ], 
    "trans_mat": [
      0.05815967706970051, 
      -0.14607464456698455, 
      1.186833691604882
    ]
  }, 
  {
    "img": "/media/hdd/YCBvideo/YCB_Video_Dataset/YCB_Video_Dataset/data/0012/000011-label.png", 
    "mask": "/media/hdd/YCBvideo/YCB_Video_Dataset/Generated_YCB_Video_Dataset/mask/0012/000011-mask-01.png", 
    "depth_minmax": [
      0.87, 
      1.037
    ], 
    "model": "/media/hdd/YCBvideo/YCB_Video_Dataset/YCB_Video_Dataset/models/035_power_drill/textured.obj", 
    "rot_mat": [
      [
        0.5991248534174198, 
        0.018844802249177124, 
        0.8004346394151783
      ], 
      [
        -0.38564185708020765, 
        -0.8693240941360972, 
        0.30912045808257893
      ], 
      [
        0.7016621628257516, 
        -0.4938828614735659, 
        -0.5135664159506061
      ]
    ], 
    "trans_mat": [
      0.14107057223126052, 
      0.04537856273635242, 
      0.938869591374813
    ]
  }, 
  {
    "img": "/media/hdd/YCBvideo/YCB_Video_Dataset/YCB_Video_Dataset/data/0012/000012-label.png", 
    "mask": "/media/hdd/YCBvideo/YCB_Video_Dataset/Generated_YCB_Video_Dataset/mask/0012/000012-mask-00.png", 
    "depth_minmax": [
      1.057, 
      1.127
    ], 
    "model": "/media/hdd/YCBvideo/YCB_Video_Dataset/YCB_Video_Dataset/models/005_tomato_soup_can/textured.obj", 
    "rot_mat": [
      [
        0.9806410969202017, 
        0.1957366929069571, 
        -0.005427879378147251
      ], 
      [
        0.08949287315301431, 
        -0.4726675879751193, 
        -0.8766853709635974
      ], 
      [
        -0.1741650240835947, 
        0.8592277547109769, 
        -0.48103500600171256
      ]
    ], 
    "trans_mat": [
      0.010768649213897308, 
      0.027052951610422628, 
      1.098822190010603
    ]
  }, 
  {
    "img": "/media/hdd/YCBvideo/YCB_Video_Dataset/YCB_Video_Dataset/data/0012/000012-label.png", 
    "mask": "/media/hdd/YCBvideo/YCB_Video_Dataset/Generated_YCB_Video_Dataset/mask/0012/000012-mask-02.png", 
    "depth_minmax": [
      1.145, 
      1.202
    ], 
    "model": "/media/hdd/YCBvideo/YCB_Video_Dataset/YCB_Video_Dataset/models/061_foam_brick/textured.obj", 
    "rot_mat": [
      [
        -0.05117782143397353, 
        -0.7833326419682018, 
        -0.6194929710725081
      ], 
      [
        -0.8549348100777815, 
        -0.2862616405012392, 
        0.43259754265049305
      ], 
      [
        -0.5162049502609642, 
        0.5517654375977519, 
        -0.6550477858853749
      ]
    ], 
    "trans_mat": [
      0.05620588283267786, 
      -0.14337984789560398, 
      1.1869912971552203
    ]
  }, 
  {
    "img": "/media/hdd/YCBvideo/YCB_Video_Dataset/YCB_Video_Dataset/data/0012/000012-label.png", 
    "mask": "/media/hdd/YCBvideo/YCB_Video_Dataset/Generated_YCB_Video_Dataset/mask/0012/000012-mask-01.png", 
    "depth_minmax": [
      0.871, 
      1.037
    ], 
    "model": "/media/hdd/YCBvideo/YCB_Video_Dataset/YCB_Video_Dataset/models/035_power_drill/textured.obj", 
    "rot_mat": [
      [
        0.5924919065814588, 
        0.017028119807221544, 
        0.8053968212227838
      ], 
      [
        -0.3882298685804225, 
        -0.8699786294570887, 
        0.30399697028268025
      ], 
      [
        0.7058541309952978, 
        -0.4927953226187648, 
        -0.5088444005727041
      ]
    ], 
    "trans_mat": [
      0.14176300642661038, 
      0.04731822746249615, 
      0.9393446200839104
    ]
  }, 
  {
    "img": "/media/hdd/YCBvideo/YCB_Video_Dataset/YCB_Video_Dataset/data/0012/000013-label.png", 
    "mask": "/media/hdd/YCBvideo/YCB_Video_Dataset/Generated_YCB_Video_Dataset/mask/0012/000013-mask-00.png", 
    "depth_minmax": [
      1.057, 
      1.128
    ], 
    "model": "/media/hdd/YCBvideo/YCB_Video_Dataset/YCB_Video_Dataset/models/005_tomato_soup_can/textured.obj", 
    "rot_mat": [
      [
        0.9795427617693078, 
        0.2010959786278872, 
        -0.007497188078232158
      ], 
      [
        0.08939324616594052, 
        -0.4682095497565051, 
        -0.8790847181173703
      ], 
      [
        -0.18029079891510585, 
        0.8604303020959998, 
        -0.47660809791570635
      ]
    ], 
    "trans_mat": [
      0.011529764011116488, 
      0.028448415445462227, 
      1.098965277368961
    ]
  }, 
  {
    "img": "/media/hdd/YCBvideo/YCB_Video_Dataset/YCB_Video_Dataset/data/0012/000013-label.png", 
    "mask": "/media/hdd/YCBvideo/YCB_Video_Dataset/Generated_YCB_Video_Dataset/mask/0012/000013-mask-02.png", 
    "depth_minmax": [
      1.145, 
      1.193
    ], 
    "model": "/media/hdd/YCBvideo/YCB_Video_Dataset/YCB_Video_Dataset/models/061_foam_brick/textured.obj", 
    "rot_mat": [
      [
        -0.05346782572872603, 
        -0.7798899135358832, 
        -0.6236298563653022
      ], 
      [
        -0.8575463989789739, 
        -0.28411531284336417, 
        0.42882742694951137
      ], 
      [
        -0.5116205523063283, 
        0.5577199428006344, 
        -0.653600047334209
      ]
    ], 
    "trans_mat": [
      0.05761616724726807, 
      -0.14150541145678958, 
      1.187720209055731
    ]
  }, 
  {
    "img": "/media/hdd/YCBvideo/YCB_Video_Dataset/YCB_Video_Dataset/data/0012/000013-label.png", 
    "mask": "/media/hdd/YCBvideo/YCB_Video_Dataset/Generated_YCB_Video_Dataset/mask/0012/000013-mask-01.png", 
    "depth_minmax": [
      0.865, 
      1.043
    ], 
    "model": "/media/hdd/YCBvideo/YCB_Video_Dataset/YCB_Video_Dataset/models/035_power_drill/textured.obj", 
    "rot_mat": [
      [
        0.596887230856128, 
        0.014884841136103196, 
        0.8021878050752554
      ], 
      [
        -0.3842274547656313, 
        -0.8724191925192418, 
        0.3020824943852691
      ], 
      [
        0.7043396630491803, 
        -0.4885317384969926, 
        -0.5150166796168678
      ]
    ], 
    "trans_mat": [
      0.1415817313444331, 
      0.04801894451179366, 
      0.9386318862764278
    ]
  }, 
  {
    "img": "/media/hdd/YCBvideo/YCB_Video_Dataset/YCB_Video_Dataset/data/0012/000014-label.png", 
    "mask": "/media/hdd/YCBvideo/YCB_Video_Dataset/Generated_YCB_Video_Dataset/mask/0012/000014-mask-00.png", 
    "depth_minmax": [
      1.061, 
      1.127
    ], 
    "model": "/media/hdd/YCBvideo/YCB_Video_Dataset/YCB_Video_Dataset/models/005_tomato_soup_can/textured.obj", 
    "rot_mat": [
      [
        0.978494492998276, 
        0.20590754925015636, 
        -0.012273644697975315
      ], 
      [
        0.08730569723639614, 
        -0.4673245089690359, 
        -0.8797647925128768
      ], 
      [
        -0.1868862770770468, 
        0.8597735520177371, 
        -0.4752512936858677
      ]
    ], 
    "trans_mat": [
      0.012495896838086024, 
      0.03064969183416632, 
      1.0994261302388508
    ]
  }, 
  {
    "img": "/media/hdd/YCBvideo/YCB_Video_Dataset/YCB_Video_Dataset/data/0012/000014-label.png", 
    "mask": "/media/hdd/YCBvideo/YCB_Video_Dataset/Generated_YCB_Video_Dataset/mask/0012/000014-mask-02.png", 
    "depth_minmax": [
      1.145, 
      1.195
    ], 
    "model": "/media/hdd/YCBvideo/YCB_Video_Dataset/YCB_Video_Dataset/models/061_foam_brick/textured.obj", 
    "rot_mat": [
      [
        -0.05843458355885075, 
        -0.7767139079713248, 
        -0.6271382603342308
      ], 
      [
        -0.8581921432733601, 
        -0.28184705153685613, 
        0.42903155771855883
      ], 
      [
        -0.5099911858829695, 
        0.5632757891862886, 
        -0.6500999944549862
      ]
    ], 
    "trans_mat": [
      0.05885267406616577, 
      -0.13925964046077471, 
      1.188125406962756
    ]
  }, 
  {
    "img": "/media/hdd/YCBvideo/YCB_Video_Dataset/YCB_Video_Dataset/data/0012/000014-label.png", 
    "mask": "/media/hdd/YCBvideo/YCB_Video_Dataset/Generated_YCB_Video_Dataset/mask/0012/000014-mask-01.png", 
    "depth_minmax": [
      0.865, 
      1.041
    ], 
    "model": "/media/hdd/YCBvideo/YCB_Video_Dataset/YCB_Video_Dataset/models/035_power_drill/textured.obj", 
    "rot_mat": [
      [
        0.6008140380690749, 
        0.010041445539618624, 
        0.7993266359025194
      ], 
      [
        -0.38430775589533356, 
        -0.8731583905362542, 
        0.2998350955142287
      ], 
      [
        0.7009492593663629, 
        -0.48733227875407553, 
        -0.5207472202747544
      ]
    ], 
    "trans_mat": [
      0.14152198593497756, 
      0.04974362376859806, 
      0.9382088005103678
    ]
  }, 
  {
    "img": "/media/hdd/YCBvideo/YCB_Video_Dataset/YCB_Video_Dataset/data/0012/000015-label.png", 
    "mask": "/media/hdd/YCBvideo/YCB_Video_Dataset/Generated_YCB_Video_Dataset/mask/0012/000015-mask-00.png", 
    "depth_minmax": [
      1.061, 
      1.127
    ], 
    "model": "/media/hdd/YCBvideo/YCB_Video_Dataset/YCB_Video_Dataset/models/005_tomato_soup_can/textured.obj", 
    "rot_mat": [
      [
        0.9791373078774706, 
        0.20302566432975874, 
        -0.00834200406457701
      ], 
      [
        0.08917227938099326, 
        -0.4662148424821652, 
        -0.8801661964947586
      ], 
      [
        -0.18258504172224993, 
        0.8610599916655595, 
        -0.4745931155649854
      ]
    ], 
    "trans_mat": [
      0.014322085427292124, 
      0.03355494207611731, 
      1.099282684222698
    ]
  }, 
  {
    "img": "/media/hdd/YCBvideo/YCB_Video_Dataset/YCB_Video_Dataset/data/0012/000015-label.png", 
    "mask": "/media/hdd/YCBvideo/YCB_Video_Dataset/Generated_YCB_Video_Dataset/mask/0012/000015-mask-02.png", 
    "depth_minmax": [
      1.145, 
      1.193
    ], 
    "model": "/media/hdd/YCBvideo/YCB_Video_Dataset/YCB_Video_Dataset/models/061_foam_brick/textured.obj", 
    "rot_mat": [
      [
        -0.054391549245768576, 
        -0.7786404095432325, 
        -0.6251087978303128
      ], 
      [
        -0.8587163380773254, 
        -0.28299791144696557, 
        0.42722120953856013
      ], 
      [
        -0.509556133097993, 
        0.5600281751289133, 
        -0.6532388653885227
      ]
    ], 
    "trans_mat": [
      0.06063144487953701, 
      -0.1361878783124167, 
      1.1883247565476733
    ]
  }, 
  {
    "img": "/media/hdd/YCBvideo/YCB_Video_Dataset/YCB_Video_Dataset/data/0012/000015-label.png", 
    "mask": "/media/hdd/YCBvideo/YCB_Video_Dataset/Generated_YCB_Video_Dataset/mask/0012/000015-mask-01.png", 
    "depth_minmax": [
      0.87, 
      1.037
    ], 
    "model": "/media/hdd/YCBvideo/YCB_Video_Dataset/YCB_Video_Dataset/models/035_power_drill/textured.obj", 
    "rot_mat": [
      [
        0.5984658419621852, 
        0.01401317930461263, 
        0.8010259169724099
      ], 
      [
        -0.3825112667665891, 
        -0.8735234613257354, 
        0.30106634229684054
      ], 
      [
        0.7039340501098196, 
        -0.4865796398244707, 
        -0.517413553701366
      ]
    ], 
    "trans_mat": [
      0.14402734621774102, 
      0.0527862744480661, 
      0.9386278692003892
    ]
  }, 
  {
    "img": "/media/hdd/YCBvideo/YCB_Video_Dataset/YCB_Video_Dataset/data/0012/000016-label.png", 
    "mask": "/media/hdd/YCBvideo/YCB_Video_Dataset/Generated_YCB_Video_Dataset/mask/0012/000016-mask-00.png", 
    "depth_minmax": [
      1.057, 
      1.123
    ], 
    "model": "/media/hdd/YCBvideo/YCB_Video_Dataset/YCB_Video_Dataset/models/005_tomato_soup_can/textured.obj", 
    "rot_mat": [
      [
        0.9786642311166217, 
        0.20523363225333466, 
        -0.009667175905152177
      ], 
      [
        0.08923590046624334, 
        -0.4669680618827019, 
        -0.8797602127788791
      ], 
      [
        -0.18507056338419264, 
        0.8601277526034159, 
        -0.4753204226810664
      ]
    ], 
    "trans_mat": [
      0.015494247272881817, 
      0.03497766567166629, 
      1.0994330401313455
    ]
  }, 
  {
    "img": "/media/hdd/YCBvideo/YCB_Video_Dataset/YCB_Video_Dataset/data/0012/000016-label.png", 
    "mask": "/media/hdd/YCBvideo/YCB_Video_Dataset/Generated_YCB_Video_Dataset/mask/0012/000016-mask-02.png", 
    "depth_minmax": [
      1.145, 
      1.197
    ], 
    "model": "/media/hdd/YCBvideo/YCB_Video_Dataset/YCB_Video_Dataset/models/061_foam_brick/textured.obj", 
    "rot_mat": [
      [
        -0.055805989285623, 
        -0.7771989100818149, 
        -0.6267750635355007
      ], 
      [
        -0.858276217096857, 
        -0.28340219213804224, 
        0.42783688832326877
      ], 
      [
        -0.5101445047850786, 
        0.5618222587957468, 
        -0.6512361286105851
      ]
    ], 
    "trans_mat": [
      0.06202031318582662, 
      -0.13484536450707985, 
      1.1882087818795655
    ]
  }, 
  {
    "img": "/media/hdd/YCBvideo/YCB_Video_Dataset/YCB_Video_Dataset/data/0012/000016-label.png", 
    "mask": "/media/hdd/YCBvideo/YCB_Video_Dataset/Generated_YCB_Video_Dataset/mask/0012/000016-mask-01.png", 
    "depth_minmax": [
      0.865, 
      1.041
    ], 
    "model": "/media/hdd/YCBvideo/YCB_Video_Dataset/YCB_Video_Dataset/models/035_power_drill/textured.obj", 
    "rot_mat": [
      [
        0.6002690926983085, 
        0.01265718787025262, 
        0.7996975440837568
      ], 
      [
        -0.38316769884783475, 
        -0.8731093598185791, 
        0.3014321651012275
      ], 
      [
        0.7020389896963338, 
        -0.4873597358542927, 
        -0.5192509610027399
      ]
    ], 
    "trans_mat": [
      0.14478047679028203, 
      0.05433381026836881, 
      0.9384558074536232
    ]
  }, 
  {
