[
  {
    "img": "/media/hdd/YCBvideo/YCB_Video_Dataset/YCB_Video_Dataset/data/0014/000001-label.png", 
    "mask": "/media/hdd/YCBvideo/YCB_Video_Dataset/Generated_YCB_Video_Dataset/mask/0014/000001-mask-00.png", 
    "depth_minmax": [
      0.712, 
      0.771
    ], 
    "model": "/media/hdd/YCBvideo/YCB_Video_Dataset/YCB_Video_Dataset/models/010_potted_meat_can/textured.obj", 
    "rot_mat": [
      [
        -0.9721060210896507, 
        0.23447437420026182, 
        0.005602687123548928
      ], 
      [
        0.11693075390592797, 
        0.5052152395266589, 
        -0.8550348948337269
      ], 
      [
        -0.20331375125082307, 
        -0.8305302628727815, 
        -0.5185401110239654
      ]
    ], 
    "trans_mat": [
      0.02591143450404481, 
      0.06137150101142387, 
      0.7514934487776483
    ]
  }, 
  {
    "img": "/media/hdd/YCBvideo/YCB_Video_Dataset/YCB_Video_Dataset/data/0014/000002-label.png", 
    "mask": "/media/hdd/YCBvideo/YCB_Video_Dataset/Generated_YCB_Video_Dataset/mask/0014/000002-mask-00.png", 
    "depth_minmax": [
      0.712, 
      0.77
    ], 
    "model": "/media/hdd/YCBvideo/YCB_Video_Dataset/YCB_Video_Dataset/models/010_potted_meat_can/textured.obj", 
    "rot_mat": [
      [
        -0.9722233923926358, 
        0.23396523196980532, 
        0.0064528920307312925
      ], 
      [
        0.11599999382367816, 
        0.5056101761016703, 
        -0.854929176157249
      ], 
      [
        -0.20328549797164555, 
        -0.8304336262025325, 
        -0.518706475045718
      ]
    ], 
    "trans_mat": [
      0.0257314480909173, 
      0.0615852499627962, 
      0.7512356152771285
    ]
  }, 
  {
    "img": "/media/hdd/YCBvideo/YCB_Video_Dataset/YCB_Video_Dataset/data/0014/000003-label.png", 
    "mask": "/media/hdd/YCBvideo/YCB_Video_Dataset/Generated_YCB_Video_Dataset/mask/0014/000003-mask-00.png", 
    "depth_minmax": [
      0.71, 
      0.77
    ], 
    "model": "/media/hdd/YCBvideo/YCB_Video_Dataset/YCB_Video_Dataset/models/010_potted_meat_can/textured.obj", 
    "rot_mat": [
      [
        -0.9719633493124742, 
        0.2350769364614519, 
        0.005075251273648329
      ], 
      [
        0.1177881475820688, 
        0.5054703506413145, 
        -0.8547668345193778
      ], 
      [
        -0.20350063413316383, 
        -0.8302047695515637, 
        -0.5189880424252085
      ]
    ], 
    "trans_mat": [
      0.02533361019610851, 
      0.06149366026912859, 
      0.7511634911448776
    ]
  }, 
  {
    "img": "/media/hdd/YCBvideo/YCB_Video_Dataset/YCB_Video_Dataset/data/0014/000004-label.png", 
    "mask": "/media/hdd/YCBvideo/YCB_Video_Dataset/Generated_YCB_Video_Dataset/mask/0014/000004-mask-00.png", 
    "depth_minmax": [
      0.712, 
      0.77
    ], 
    "model": "/media/hdd/YCBvideo/YCB_Video_Dataset/YCB_Video_Dataset/models/010_potted_meat_can/textured.obj", 
    "rot_mat": [
      [
        -0.9717165395178405, 
        0.23611623665862067, 
        0.003965855334400997
      ], 
      [
        0.11907437085881248, 
        0.5044069701846162, 
        -0.8552171412068047
      ], 
      [
        -0.20393019055142333, 
        -0.8305561234763472, 
        -0.5182563391654769
      ]
    ], 
    "trans_mat": [
      0.02473800626405323, 
      0.06234796799950182, 
      0.751229733947301
    ]
  }, 
  {
    "img": "/media/hdd/YCBvideo/YCB_Video_Dataset/YCB_Video_Dataset/data/0014/000005-label.png", 
    "mask": "/media/hdd/YCBvideo/YCB_Video_Dataset/Generated_YCB_Video_Dataset/mask/0014/000005-mask-00.png", 
    "depth_minmax": [
      0.71, 
      0.771
    ], 
    "model": "/media/hdd/YCBvideo/YCB_Video_Dataset/YCB_Video_Dataset/models/010_potted_meat_can/textured.obj", 
    "rot_mat": [
      [
        -0.9711359305068387, 
        0.23846609421438583, 
        0.005252595576898427
      ], 
      [
        0.11936602253805585, 
        0.5049412226304972, 
        -0.8548608404995397
      ], 
      [
        -0.2065066759294114, 
        -0.8295590326337683, 
        -0.5188317252166817
      ]
    ], 
    "trans_mat": [
      0.022566115327678153, 
      0.062302722693707555, 
      0.7515224081062595
    ]
  }, 
  {
    "img": "/media/hdd/YCBvideo/YCB_Video_Dataset/YCB_Video_Dataset/data/0014/000006-label.png", 
    "mask": "/media/hdd/YCBvideo/YCB_Video_Dataset/Generated_YCB_Video_Dataset/mask/0014/000006-mask-00.png", 
    "depth_minmax": [
      0.712, 
      0.772
    ], 
    "model": "/media/hdd/YCBvideo/YCB_Video_Dataset/YCB_Video_Dataset/models/010_potted_meat_can/textured.obj", 
    "rot_mat": [
      [
        -0.9702463790447399, 
        0.24205483157176524, 
        0.005587507368324791
      ], 
      [
        0.12112658897559511, 
        0.5052461334426211, 
        -0.8544327398739953
      ], 
      [
        -0.2096418862049829, 
        -0.8283340150478666, 
        -0.5195325008927792
      ]
    ], 
    "trans_mat": [
      0.020196754606055196, 
      0.061666227440653074, 
      0.7518961521118906
    ]
  }, 
  {
    "img": "/media/hdd/YCBvideo/YCB_Video_Dataset/YCB_Video_Dataset/data/0014/000007-label.png", 
    "mask": "/media/hdd/YCBvideo/YCB_Video_Dataset/Generated_YCB_Video_Dataset/mask/0014/000007-mask-00.png", 
    "depth_minmax": [
      0.71, 
      0.772
    ], 
    "model": "/media/hdd/YCBvideo/YCB_Video_Dataset/YCB_Video_Dataset/models/010_potted_meat_can/textured.obj", 
    "rot_mat": [
      [
        -0.9696336233383851, 
        0.24449811479437783, 
        0.005613903322537871
      ], 
      [
        0.12245821537799573, 
        0.5052619866182346, 
        -0.854232973307753
      ], 
      [
        -0.21169412234161444, 
        -0.8276061431266716, 
        -0.5198602881981257
      ]
    ], 
    "trans_mat": [
      0.018133503421589703, 
      0.06110171556183425, 
      0.7520658443929235
    ]
  }, 
  {
    "img": "/media/hdd/YCBvideo/YCB_Video_Dataset/YCB_Video_Dataset/data/0014/000008-label.png", 
    "mask": "/media/hdd/YCBvideo/YCB_Video_Dataset/Generated_YCB_Video_Dataset/mask/0014/000008-mask-00.png", 
    "depth_minmax": [
      0.71, 
      0.772
    ], 
    "model": "/media/hdd/YCBvideo/YCB_Video_Dataset/YCB_Video_Dataset/models/010_potted_meat_can/textured.obj", 
    "rot_mat": [
      [
        -0.9690495189733958, 
        0.24677110029995472, 
        0.006857605188842673
      ], 
      [
        0.12276353956918185, 
        0.505812653847686, 
        -0.8538642645124762
      ], 
      [
        -0.2141767782155989, 
        -0.82659483497037, 
        -0.5204522427552667
      ]
    ], 
    "trans_mat": [
      0.01618927851052252, 
      0.06058004856486765, 
      0.752253770597338
    ]
  }, 
  {
    "img": "/media/hdd/YCBvideo/YCB_Video_Dataset/YCB_Video_Dataset/data/0014/000009-label.png", 
    "mask": "/media/hdd/YCBvideo/YCB_Video_Dataset/Generated_YCB_Video_Dataset/mask/0014/000009-mask-00.png", 
    "depth_minmax": [
      0.709, 
      0.772
    ], 
    "model": "/media/hdd/YCBvideo/YCB_Video_Dataset/YCB_Video_Dataset/models/010_potted_meat_can/textured.obj", 
    "rot_mat": [
      [
        -0.9684421878972832, 
        0.2491760467723249, 
        0.0055053130355880945
      ], 
      [
        0.12519492634748292, 
        0.5054443747588763, 
        -0.8537285801137873
      ], 
      [
        -0.21551078863856762, 
        -0.8260986466944874, 
        -0.520688872938305
      ]
    ], 
    "trans_mat": [
      0.014651893527601628, 
      0.05977755650014483, 
      0.7521741615990876
    ]
  }, 
  {
    "img": "/media/hdd/YCBvideo/YCB_Video_Dataset/YCB_Video_Dataset/data/0014/000010-label.png", 
    "mask": "/media/hdd/YCBvideo/YCB_Video_Dataset/Generated_YCB_Video_Dataset/mask/0014/000010-mask-00.png", 
    "depth_minmax": [
      0.709, 
      0.771
    ], 
    "model": "/media/hdd/YCBvideo/YCB_Video_Dataset/YCB_Video_Dataset/models/010_potted_meat_can/textured.obj", 
    "rot_mat": [
      [
        -0.9684153655181759, 
        0.24930675104605773, 
        0.004233440903714918
      ], 
      [
        0.12648981483394994, 
        0.505833088250746, 
        -0.8533079483884545
      ], 
      [
        -0.21487581331822034, 
        -0.8258206005332247, 
        -0.5213915436694427
      ]
    ], 
    "trans_mat": [
      0.014293811977278227, 
      0.059194053132795126, 
      0.7520763557791591
    ]
  }, 
  {
    "img": "/media/hdd/YCBvideo/YCB_Video_Dataset/YCB_Video_Dataset/data/0014/000011-label.png", 
    "mask": "/media/hdd/YCBvideo/YCB_Video_Dataset/Generated_YCB_Video_Dataset/mask/0014/000011-mask-00.png", 
    "depth_minmax": [
      0.709, 
      0.771
    ], 
    "model": "/media/hdd/YCBvideo/YCB_Video_Dataset/YCB_Video_Dataset/models/010_potted_meat_can/textured.obj", 
    "rot_mat": [
      [
        -0.968623823503915, 
        0.2485033596262479, 
        0.0037578763110370536
      ], 
      [
        0.1264420185154937, 
        0.5057560986011951, 
        -0.8533608193623817
      ], 
      [
        -0.2139627628332928, 
        -0.8261106379385662, 
        -0.52130880869988
      ]
    ], 
    "trans_mat": [
      0.014282948588661616, 
      0.059804724643385584, 
      0.751911250002807
    ]
  }, 
  {
    "img": "/media/hdd/YCBvideo/YCB_Video_Dataset/YCB_Video_Dataset/data/0014/000012-label.png", 
    "mask": "/media/hdd/YCBvideo/YCB_Video_Dataset/Generated_YCB_Video_Dataset/mask/0014/000012-mask-00.png", 
    "depth_minmax": [
      0.71, 
      0.772
    ], 
    "model": "/media/hdd/YCBvideo/YCB_Video_Dataset/YCB_Video_Dataset/models/010_potted_meat_can/textured.obj", 
    "rot_mat": [
      [
        -0.9684428708472502, 
        0.2491942427731131, 
        0.0045042234386635125
      ], 
      [
        0.12604852170601483, 
        0.5052945309201605, 
        -0.8536918370416587
      ], 
      [
        -0.21501033996667712, 
        -0.8261845444551917, 
        -0.5207595401348054
      ]
    ], 
    "trans_mat": [
      0.014190209574242413, 
      0.06035414532189475, 
      0.7519094634195406
    ]
  }, 
  {
    "img": "/media/hdd/YCBvideo/YCB_Video_Dataset/YCB_Video_Dataset/data/0014/000013-label.png", 
    "mask": "/media/hdd/YCBvideo/YCB_Video_Dataset/Generated_YCB_Video_Dataset/mask/0014/000013-mask-00.png", 
    "depth_minmax": [
      0.709, 
      0.771
    ], 
    "model": "/media/hdd/YCBvideo/YCB_Video_Dataset/YCB_Video_Dataset/models/010_potted_meat_can/textured.obj", 
    "rot_mat": [
      [
        -0.9685516200031385, 
        0.24874790261426158, 
        0.005644895580041477
      ], 
      [
        0.12486890820370429, 
        0.5055780034181927, 
        -0.8536981239687758
      ], 
      [
        -0.21520853272371582, 
        -0.8261454580034399, 
        -0.5207391721063106
      ]
    ], 
    "trans_mat": [
      0.013905897464066841, 
      0.060254686400187135, 
      0.7519630395045419
    ]
  }, 
  {
    "img": "/media/hdd/YCBvideo/YCB_Video_Dataset/YCB_Video_Dataset/data/0014/000014-label.png", 
    "mask": "/media/hdd/YCBvideo/YCB_Video_Dataset/Generated_YCB_Video_Dataset/mask/0014/000014-mask-00.png", 
    "depth_minmax": [
      0.709, 
      0.772
    ], 
    "model": "/media/hdd/YCBvideo/YCB_Video_Dataset/YCB_Video_Dataset/models/010_potted_meat_can/textured.obj", 
    "rot_mat": [
      [
        -0.9684683073799901, 
        0.24902935519646519, 
        0.007289856986906453
      ], 
      [
        0.1239703673713565, 
        0.507087191146623, 
        -0.8529330934112791
      ], 
      [
        -0.2161010168713192, 
        -0.8251346901984133, 
        -0.5219704965078613
      ]
    ], 
    "trans_mat": [
      0.013677650709942653, 
      0.059024313851350284, 
      0.7519505702616451
    ]
  }, 
  {
    "img": "/media/hdd/YCBvideo/YCB_Video_Dataset/YCB_Video_Dataset/data/0014/000015-label.png", 
    "mask": "/media/hdd/YCBvideo/YCB_Video_Dataset/Generated_YCB_Video_Dataset/mask/0014/000015-mask-00.png", 
    "depth_minmax": [
      0.709, 
      0.772
    ], 
    "model": "/media/hdd/YCBvideo/YCB_Video_Dataset/YCB_Video_Dataset/models/010_potted_meat_can/textured.obj", 
    "rot_mat": [
      [
        -0.9684979468884475, 
        0.24895697403978637, 
        0.005592093002055402
      ], 
      [
        0.1255015574707036, 
        0.5073806923161426, 
        -0.852534506671804
      ], 
      [
        -0.21508092138296314, 
        -0.8249763134578385, 
        -0.5226422320855841
      ]
    ], 
    "trans_mat": [
      0.01457391993864602, 
      0.058527928391021854, 
      0.7518597163984886
    ]
  }, 
  {
    "img": "/media/hdd/YCBvideo/YCB_Video_Dataset/YCB_Video_Dataset/data/0014/000016-label.png", 
    "mask": "/media/hdd/YCBvideo/YCB_Video_Dataset/Generated_YCB_Video_Dataset/mask/0014/000016-mask-00.png", 
    "depth_minmax": [
      0.707, 
      0.771
    ], 
    "model": "/media/hdd/YCBvideo/YCB_Video_Dataset/YCB_Video_Dataset/models/010_potted_meat_can/textured.obj", 
    "rot_mat": [
      [
        -0.9689100072597466, 
        0.24733399107397133, 
        0.006303681349612871
      ], 
      [
        0.12398143652019326, 
        0.5074220590847683, 
        -0.8527319585203202
      ], 
      [
        -0.21410730477412615, 
        -0.8254388274657066, 
        -0.5223116274367509
      ]
    ], 
    "trans_mat": [
      0.015767639035272965, 
      0.05878579690691479, 
      0.751603502660516
    ]
  }, 
  {
    "img": "/media/hdd/YCBvideo/YCB_Video_Dataset/YCB_Video_Dataset/data/0014/000017-label.png", 
    "mask": "/media/hdd/YCBvideo/YCB_Video_Dataset/Generated_YCB_Video_Dataset/mask/0014/000017-mask-00.png", 
    "depth_minmax": [
      0.709, 
      0.771
    ], 
    "model": "/media/hdd/YCBvideo/YCB_Video_Dataset/YCB_Video_Dataset/models/010_potted_meat_can/textured.obj", 
    "rot_mat": [
      [
        -0.9691105885723535, 
        0.24656466336844948, 
        0.005419602438513445
      ], 
      [
        0.1244781681916575, 
        0.5079919591571115, 
        -0.8523206127598364
      ], 
      [
        -0.21290440638248712, 
        -0.8253185269360679, 
        -0.5229922917697873
      ]
    ], 
    "trans_mat": [
      0.017135608254581075, 
      0.05817145028188814, 
      0.7513538799637486
    ]
  }, 
  {
    "img": "/media/hdd/YCBvideo/YCB_Video_Dataset/YCB_Video_Dataset/data/0014/000018-label.png", 
    "mask": "/media/hdd/YCBvideo/YCB_Video_Dataset/Generated_YCB_Video_Dataset/mask/0014/000018-mask-00.png", 
    "depth_minmax": [
      0.709, 
      0.771
    ], 
    "model": "/media/hdd/YCBvideo/YCB_Video_Dataset/YCB_Video_Dataset/models/010_potted_meat_can/textured.obj", 
    "rot_mat": [
      [
        -0.9692734463502335, 
        0.2459025008042178, 
        0.006388806211414171
      ], 
      [
        0.12341911278946313, 
        0.5086213205380901, 
        -0.8520989111767115
      ], 
      [
        -0.2127819836412801, 
        -0.8251285685483634, 
        -0.5233426786983141
      ]
    ], 
    "trans_mat": [
      0.0177998911609794, 
      0.05844492722315974, 
      0.7512766863915177
    ]
  }, 
  {
    "img": "/media/hdd/YCBvideo/YCB_Video_Dataset/YCB_Video_Dataset/data/0014/000019-label.png", 
    "mask": "/media/hdd/YCBvideo/YCB_Video_Dataset/Generated_YCB_Video_Dataset/mask/0014/000019-mask-00.png", 
    "depth_minmax": [
      0.71, 
      0.771
    ], 
    "model": "/media/hdd/YCBvideo/YCB_Video_Dataset/YCB_Video_Dataset/models/010_potted_meat_can/textured.obj", 
    "rot_mat": [
      [
        -0.9692613913717277, 
        0.24591797957092468, 
        0.007499363495676307
      ], 
      [
        0.12248956540983855, 
        0.5087692609599586, 
        -0.852145182281582
      ], 
      [
        -0.21337242154685582, 
        -0.8250328963192608, 
        -0.5232533167681086
      ]
    ], 
    "trans_mat": [
      0.018085466579325922, 
      0.0585919488822149, 
      0.7513974231896826
    ]
  }, 
  {
    "img": "/media/hdd/YCBvideo/YCB_Video_Dataset/YCB_Video_Dataset/data/0014/000020-label.png", 
    "mask": "/media/hdd/YCBvideo/YCB_Video_Dataset/Generated_YCB_Video_Dataset/mask/0014/000020-mask-00.png", 
    "depth_minmax": [
      0.709, 
      0.771
    ], 
    "model": "/media/hdd/YCBvideo/YCB_Video_Dataset/YCB_Video_Dataset/models/010_potted_meat_can/textured.obj", 
    "rot_mat": [
      [
        -0.9692068530161566, 
        0.246100484939782, 
        0.008512748722117377
      ], 
      [
        0.1217634810698399, 
        0.5090125118351987, 
        -0.8521036798868757
      ], 
      [
        -0.2140353694503768, 
        -0.8248283473700453, 
        -0.523304428539669
      ]
    ], 
    "trans_mat": [
      0.017698566974986583, 
      0.058820703499323494, 
      0.7516550816914069
    ]
  }, 
  {
    "img": "/media/hdd/YCBvideo/YCB_Video_Dataset/YCB_Video_Dataset/data/0014/000021-label.png", 
    "mask": "/media/hdd/YCBvideo/YCB_Video_Dataset/Generated_YCB_Video_Dataset/mask/0014/000021-mask-00.png", 
    "depth_minmax": [
      0.709, 
      0.771
    ], 
    "model": "/media/hdd/YCBvideo/YCB_Video_Dataset/YCB_Video_Dataset/models/010_potted_meat_can/textured.obj", 
    "rot_mat": [
      [
        -0.9692980194856656, 
        0.24571757914117232, 
        0.00912574418214156
      ], 
      [
        0.12085985201685341, 
        0.5084300815817717, 
        -0.8525799206543904
      ], 
      [
        -0.21413293891201748, 
        -0.8253013941112305, 
        -0.5225183430897399
      ]
    ], 
    "trans_mat": [
      0.01755191538354784, 
      0.059170231241841856, 
      0.7519133571928923
    ]
  }, 
  {
    "img": "/media/hdd/YCBvideo/YCB_Video_Dataset/YCB_Video_Dataset/data/0014/000022-label.png", 
    "mask": "/media/hdd/YCBvideo/YCB_Video_Dataset/Generated_YCB_Video_Dataset/mask/0014/000022-mask-00.png", 
    "depth_minmax": [
      0.71, 
      0.772
    ], 
    "model": "/media/hdd/YCBvideo/YCB_Video_Dataset/YCB_Video_Dataset/models/010_potted_meat_can/textured.obj", 
    "rot_mat": [
      [
        -0.9693518453058628, 
        0.24542778488106884, 
        0.010990487925366232
      ], 
      [
        0.11910315455798776, 
        0.508602768603924, 
        -0.8527239015776417
      ], 
      [
        -0.21487128037384026, 
        -0.825281691616359, 
        -0.522246707720635
      ]
    ], 
    "trans_mat": [
      0.017369370777078535, 
      0.05880561480701039, 
      0.7523138798434644
    ]
  }, 
  {
    "img": "/media/hdd/YCBvideo/YCB_Video_Dataset/YCB_Video_Dataset/data/0014/000023-label.png", 
    "mask": "/media/hdd/YCBvideo/YCB_Video_Dataset/Generated_YCB_Video_Dataset/mask/0014/000023-mask-00.png", 
    "depth_minmax": [
      0.71, 
      0.772
    ], 
    "model": "/media/hdd/YCBvideo/YCB_Video_Dataset/YCB_Video_Dataset/models/010_potted_meat_can/textured.obj", 
    "rot_mat": [
      [
        -0.9693563223030868, 
        0.24543310641989316, 
        0.01053873787720959
      ], 
      [
        0.1197755155206659, 
        0.5096488231500506, 
        -0.8520049922422952
      ], 
      [
        -0.2144805531354172, 
        -0.8246346358008166, 
        -0.5234280810530149
      ]
    ], 
    "trans_mat": [
      0.017679321530753953, 
      0.057949705407545855, 
      0.7526782156816763
    ]
  }, 
  {
    "img": "/media/hdd/YCBvideo/YCB_Video_Dataset/YCB_Video_Dataset/data/0014/000024-label.png", 
    "mask": "/media/hdd/YCBvideo/YCB_Video_Dataset/Generated_YCB_Video_Dataset/mask/0014/000024-mask-00.png", 
    "depth_minmax": [
      0.712, 
      0.773
    ], 
    "model": "/media/hdd/YCBvideo/YCB_Video_Dataset/YCB_Video_Dataset/models/010_potted_meat_can/textured.obj", 
    "rot_mat": [
      [
        -0.9694933883701065, 
        0.24485476942688475, 
        0.01135749324637943
      ], 
      [
        0.1187601274344706, 
        0.5097517091504795, 
        -0.8520856203528792
      ], 
      [
        -0.2144258249227319, 
        -0.824742461360482, 
        -0.5232801953551945
      ]
    ], 
    "trans_mat": [
      0.018406758439351516, 
      0.057820516424745734, 
      0.7528662233811076
    ]
  }, 
  {
    "img": "/media/hdd/YCBvideo/YCB_Video_Dataset/YCB_Video_Dataset/data/0014/000025-label.png", 
    "mask": "/media/hdd/YCBvideo/YCB_Video_Dataset/Generated_YCB_Video_Dataset/mask/0014/000025-mask-00.png", 
    "depth_minmax": [
      0.712, 
      0.773
    ], 
    "model": "/media/hdd/YCBvideo/YCB_Video_Dataset/YCB_Video_Dataset/models/010_potted_meat_can/textured.obj", 
    "rot_mat": [
      [
        -0.9695852463432855, 
        0.24444330249101268, 
        0.012286752911647571
      ], 
      [
        0.11789672431327163, 
        0.5104540942205709, 
        -0.8517852838521017
      ], 
      [
        -0.2144842684277949, 
        -0.8244304613383875, 
        -0.523748624007549
      ]
    ], 
    "trans_mat": [
      0.01940753882936455, 
      0.05781180186540772, 
      0.753088194491573
    ]
  }, 
  {
    "img": "/media/hdd/YCBvideo/YCB_Video_Dataset/YCB_Video_Dataset/data/0014/000026-label.png", 
    "mask": "/media/hdd/YCBvideo/YCB_Video_Dataset/Generated_YCB_Video_Dataset/mask/0014/000026-mask-00.png", 
    "depth_minmax": [
      0.713, 
      0.773
    ], 
    "model": "/media/hdd/YCBvideo/YCB_Video_Dataset/YCB_Video_Dataset/models/010_potted_meat_can/textured.obj", 
    "rot_mat": [
      [
        -0.9699512224196981, 
        0.24305630869603717, 
        0.010885885193596907
      ], 
      [
        0.11813119973616332, 
        0.5095923346831626, 
        -0.8522684726843469
      ], 
      [
        -0.2126957493247967, 
        -0.8253730466098004, 
        -0.5229927986236607
      ]
    ], 
    "trans_mat": [
      0.02086938858248183, 
      0.05781784614422568, 
      0.7533338351481923
    ]
  }, 
  {
    "img": "/media/hdd/YCBvideo/YCB_Video_Dataset/YCB_Video_Dataset/data/0014/000027-label.png", 
    "mask": "/media/hdd/YCBvideo/YCB_Video_Dataset/Generated_YCB_Video_Dataset/mask/0014/000027-mask-00.png", 
    "depth_minmax": [
      0.712, 
      0.773
    ], 
    "model": "/media/hdd/YCBvideo/YCB_Video_Dataset/YCB_Video_Dataset/models/010_potted_meat_can/textured.obj", 
    "rot_mat": [
      [
        -0.9708224088444796, 
        0.23964575450139344, 
        0.008520083485074485
      ], 
      [
        0.11818388091867305, 
        0.5090845568255896, 
        -0.8525642364557617
      ], 
      [
        -0.20865010002025902, 
        -0.826682312406238, 
        -0.5225543215847535
      ]
    ], 
    "trans_mat": [
      0.025424712106881145, 
      0.057935946167449646, 
      0.7531108469398139
    ]
  }, 
  {
    "img": "/media/hdd/YCBvideo/YCB_Video_Dataset/YCB_Video_Dataset/data/0014/000028-label.png", 
    "mask": "/media/hdd/YCBvideo/YCB_Video_Dataset/Generated_YCB_Video_Dataset/mask/0014/000028-mask-00.png", 
    "depth_minmax": [
      0.709, 
      0.773
    ], 
    "model": "/media/hdd/YCBvideo/YCB_Video_Dataset/YCB_Video_Dataset/models/010_potted_meat_can/textured.obj", 
    "rot_mat": [
      [
        -0.9714351535822277, 
        0.23703971767218848, 
        0.011222148840037112
      ], 
      [
        0.11452736915337351, 
        0.5097259484548733, 
        -0.8526802108479252
      ], 
      [
        -0.20783852738448244, 
        -0.8270387419373872, 
        -0.5223133862930907
      ]
    ], 
    "trans_mat": [
      0.026332709468312288, 
      0.05827463930554768, 
      0.7530894539755574
    ]
  }, 
  {
    "img": "/media/hdd/YCBvideo/YCB_Video_Dataset/YCB_Video_Dataset/data/0014/000029-label.png", 
    "mask": "/media/hdd/YCBvideo/YCB_Video_Dataset/Generated_YCB_Video_Dataset/mask/0014/000029-mask-00.png", 
    "depth_minmax": [
      0.712, 
      0.773
    ], 
    "model": "/media/hdd/YCBvideo/YCB_Video_Dataset/YCB_Video_Dataset/models/010_potted_meat_can/textured.obj", 
    "rot_mat": [
      [
        -0.9710647818285806, 
        0.23853415709958142, 
        0.011567241088182321
      ], 
      [
        0.11560026537835502, 
        0.5118859996950489, 
        -0.8512397556214647
      ], 
      [
        -0.20897027595529208, 
        -0.8252727440576558, 
        -0.5246498765799877
      ]
    ], 
    "trans_mat": [
      0.02538789537162152, 
      0.05618820789463698, 
      0.7535795327031578
    ]
  }, 
  {
    "img": "/media/hdd/YCBvideo/YCB_Video_Dataset/YCB_Video_Dataset/data/0014/000030-label.png", 
    "mask": "/media/hdd/YCBvideo/YCB_Video_Dataset/Generated_YCB_Video_Dataset/mask/0014/000030-mask-00.png", 
    "depth_minmax": [
      0.713, 
      0.773
    ], 
    "model": "/media/hdd/YCBvideo/YCB_Video_Dataset/YCB_Video_Dataset/models/010_potted_meat_can/textured.obj", 
    "rot_mat": [
      [
        -0.9712870382994442, 
        0.23763253777884374, 
        0.011452969274835469
      ], 
      [
        0.11528913451615756, 
        0.5122471085825278, 
        -0.8510652453415365
      ], 
      [
        -0.20810699082669115, 
        -0.825309138300417, 
        -0.524935502312864
      ]
    ], 
    "trans_mat": [
      0.026053257752250966, 
      0.05626968240267247, 
      0.7540533777830527
    ]
  }, 
  {
    "img": "/media/hdd/YCBvideo/YCB_Video_Dataset/YCB_Video_Dataset/data/0014/000031-label.png", 
    "mask": "/media/hdd/YCBvideo/YCB_Video_Dataset/Generated_YCB_Video_Dataset/mask/0014/000031-mask-00.png", 
    "depth_minmax": [
      0.713, 
      0.774
    ], 
    "model": "/media/hdd/YCBvideo/YCB_Video_Dataset/YCB_Video_Dataset/models/010_potted_meat_can/textured.obj", 
    "rot_mat": [
      [
        -0.9712868280765156, 
        0.23754224470548346, 
        0.01321383019873413
      ], 
      [
        0.11378228943317455, 
        0.512588641924707, 
        -0.8510621302666673
      ], 
      [
        -0.20893576729241534, 
        -0.8251223405637519, 
        -0.5248999084814425
      ]
    ], 
    "trans_mat": [
      0.02633992972886942, 
      0.05630657374551574, 
      0.7546443623007307
    ]
  }, 
  {
    "img": "/media/hdd/YCBvideo/YCB_Video_Dataset/YCB_Video_Dataset/data/0014/000032-label.png", 
    "mask": "/media/hdd/YCBvideo/YCB_Video_Dataset/Generated_YCB_Video_Dataset/mask/0014/000032-mask-00.png", 
    "depth_minmax": [
      0.713, 
      0.775
    ], 
    "model": "/media/hdd/YCBvideo/YCB_Video_Dataset/YCB_Video_Dataset/models/010_potted_meat_can/textured.obj", 
    "rot_mat": [
      [
        -0.9712685219349304, 
        0.23747877911156773, 
        0.01551888904392123
      ], 
      [
        0.11185888111532798, 
        0.5131075282468547, 
        -0.8510049657935873
      ], 
      [
        -0.21005766072921367, 
        -0.8248184132598272, 
        -0.5249294379901394
      ]
    ], 
    "trans_mat": [
      0.025979893691842865, 
      0.05588033114863878, 
      0.7553485914395663
    ]
  }, 
  {
    "img": "/media/hdd/YCBvideo/YCB_Video_Dataset/YCB_Video_Dataset/data/0014/000033-label.png", 
    "mask": "/media/hdd/YCBvideo/YCB_Video_Dataset/Generated_YCB_Video_Dataset/mask/0014/000033-mask-00.png", 
    "depth_minmax": [
      0.713, 
      0.775
    ], 
    "model": "/media/hdd/YCBvideo/YCB_Video_Dataset/YCB_Video_Dataset/models/010_potted_meat_can/textured.obj", 
    "rot_mat": [
      [
        -0.9716139573445376, 
        0.23608831243673917, 
        0.015117854869869048
      ], 
      [
        0.11124147544024218, 
        0.5123411239268844, 
        -0.8515470280432947
      ], 
      [
        -0.2087849930398905, 
        -0.8256936195959917, 
        -0.5240611640170284
      ]
    ], 
    "trans_mat": [
      0.02634718376027708, 
      0.05609146427946617, 
      0.7558803115795693
    ]
  }, 
  {
    "img": "/media/hdd/YCBvideo/YCB_Video_Dataset/YCB_Video_Dataset/data/0014/000034-label.png", 
    "mask": "/media/hdd/YCBvideo/YCB_Video_Dataset/Generated_YCB_Video_Dataset/mask/0014/000034-mask-00.png", 
    "depth_minmax": [
      0.715, 
      0.776
    ], 
    "model": "/media/hdd/YCBvideo/YCB_Video_Dataset/YCB_Video_Dataset/models/010_potted_meat_can/textured.obj", 
    "rot_mat": [
      [
        -0.9718180741205225, 
        0.23525392773399953, 
        0.014973456800704048
      ], 
      [
        0.11054489271304956, 
        0.5109152689348, 
        -0.8524938561712214
      ], 
      [
        -0.20820205571140427, 
        -0.8268145237663026, 
        -0.5225236131291853
      ]
    ], 
    "trans_mat": [
      0.02641133075248979, 
      0.0568448729856225, 
      0.756382243871519
    ]
  }, 
  {
    "img": "/media/hdd/YCBvideo/YCB_Video_Dataset/YCB_Video_Dataset/data/0014/000035-label.png", 
    "mask": "/media/hdd/YCBvideo/YCB_Video_Dataset/Generated_YCB_Video_Dataset/mask/0014/000035-mask-00.png", 
    "depth_minmax": [
      0.718, 
      0.776
    ], 
    "model": "/media/hdd/YCBvideo/YCB_Video_Dataset/YCB_Video_Dataset/models/010_potted_meat_can/textured.obj", 
    "rot_mat": [
      [
        -0.9713398705553137, 
        0.2372716974616351, 
        0.014159636883082149
      ], 
      [
        0.11238276300251426, 
        0.5109325700662063, 
        -0.8522431464069032
      ], 
      [
        -0.209447073885557, 
        -0.8262268992856197, 
        -0.5229544491511549
      ]
    ], 
    "trans_mat": [
      0.025807955066157906, 
      0.05748933774667413, 
      0.7568922298900869
    ]
  }, 
  {
    "img": "/media/hdd/YCBvideo/YCB_Video_Dataset/YCB_Video_Dataset/data/0014/000036-label.png", 
    "mask": "/media/hdd/YCBvideo/YCB_Video_Dataset/Generated_YCB_Video_Dataset/mask/0014/000036-mask-00.png", 
    "depth_minmax": [
      0.718, 
      0.774
    ], 
    "model": "/media/hdd/YCBvideo/YCB_Video_Dataset/YCB_Video_Dataset/models/010_potted_meat_can/textured.obj", 
    "rot_mat": [
      [
        -0.9713529823273694, 
        0.2371186550915147, 
        0.015721797467194334
      ], 
      [
        0.11074712511472304, 
        0.5102249435886411, 
        -0.8528807382831333
      ], 
      [
        -0.21025486268343196, 
        -0.8267076493704556, 
        -0.5218698729365525
      ]
    ], 
    "trans_mat": [
      0.02478944313687271, 
      0.05768348713315877, 
      0.7576053530492881
    ]
  }, 
  {
    "img": "/media/hdd/YCBvideo/YCB_Video_Dataset/YCB_Video_Dataset/data/0014/000037-label.png", 
    "mask": "/media/hdd/YCBvideo/YCB_Video_Dataset/Generated_YCB_Video_Dataset/mask/0014/000037-mask-00.png", 
    "depth_minmax": [
      0.719, 
      0.778
    ], 
    "model": "/media/hdd/YCBvideo/YCB_Video_Dataset/YCB_Video_Dataset/models/010_potted_meat_can/textured.obj", 
    "rot_mat": [
      [
        -0.9711346246426618, 
        0.23809224848156824, 
        0.014429073215275659
      ], 
      [
        0.11229225869585632, 
        0.509714760605953, 
        -0.8529836238171234
      ], 
      [
        -0.21044292086143132, 
        -0.8267428266975196, 
        -0.5217387137088266
      ]
    ], 
    "trans_mat": [
      0.02440554228489856, 
      0.05743425707822176, 
      0.7581563639848049
    ]
  }, 
  {
    "img": "/media/hdd/YCBvideo/YCB_Video_Dataset/YCB_Video_Dataset/data/0014/000038-label.png", 
    "mask": "/media/hdd/YCBvideo/YCB_Video_Dataset/Generated_YCB_Video_Dataset/mask/0014/000038-mask-00.png", 
    "depth_minmax": [
      0.717, 
      0.778
    ], 
    "model": "/media/hdd/YCBvideo/YCB_Video_Dataset/YCB_Video_Dataset/models/010_potted_meat_can/textured.obj", 
    "rot_mat": [
      [
        -0.9709769709288391, 
        0.23868659962926722, 
        0.015230622627056333
      ], 
      [
        0.11177351457769284, 
        0.5091515526910367, 
        -0.8533883029096776
      ], 
      [
        -0.21144631805250313, 
        -0.8269185351660728, 
        -0.5210531093307039
      ]
    ], 
    "trans_mat": [
      0.023821660611418563, 
      0.05728277193891156, 
      0.7586251930591734
    ]
  }, 
  {
    "img": "/media/hdd/YCBvideo/YCB_Video_Dataset/YCB_Video_Dataset/data/0014/000039-label.png", 
    "mask": "/media/hdd/YCBvideo/YCB_Video_Dataset/Generated_YCB_Video_Dataset/mask/0014/000039-mask-00.png", 
    "depth_minmax": [
      0.719, 
      0.779
    ], 
    "model": "/media/hdd/YCBvideo/YCB_Video_Dataset/YCB_Video_Dataset/models/010_potted_meat_can/textured.obj", 
    "rot_mat": [
      [
        -0.9709069644880198, 
        0.23893014043517405, 
        0.015828092107397062
      ], 
      [
        0.11125018137181368, 
        0.5086320444206306, 
        -0.8537661231576322
      ], 
      [
        -0.21204051364958132, 
        -0.82716761429823, 
        -0.5204163411661227
      ]
    ], 
    "trans_mat": [
      0.023051971624985255, 
      0.057335264452482784, 
      0.7590911139197635
    ]
  }, 
  {
    "img": "/media/hdd/YCBvideo/YCB_Video_Dataset/YCB_Video_Dataset/data/0014/000040-label.png", 
    "mask": "/media/hdd/YCBvideo/YCB_Video_Dataset/Generated_YCB_Video_Dataset/mask/0014/000040-mask-00.png", 
    "depth_minmax": [
      0.719, 
      0.779
    ], 
    "model": "/media/hdd/YCBvideo/YCB_Video_Dataset/YCB_Video_Dataset/models/010_potted_meat_can/textured.obj", 
    "rot_mat": [
      [
        -0.9709305030336146, 
        0.23887383723264505, 
        0.015280387491101732
      ], 
      [
        0.1116338657522709, 
        0.5083716170085619, 
        -0.8538719239339921
      ], 
      [
        -0.21173485630913372, 
        -0.8273440603517852, 
        -0.5202604425757362
      ]
    ], 
    "trans_mat": [
      0.022894952908988124, 
      0.05723070762094898, 
      0.7595348662665611
    ]
  }, 
  {
    "img": "/media/hdd/YCBvideo/YCB_Video_Dataset/YCB_Video_Dataset/data/0014/000041-label.png", 
    "mask": "/media/hdd/YCBvideo/YCB_Video_Dataset/Generated_YCB_Video_Dataset/mask/0014/000041-mask-00.png", 
    "depth_minmax": [
      0.719, 
      0.779
    ], 
    "model": "/media/hdd/YCBvideo/YCB_Video_Dataset/YCB_Video_Dataset/models/010_potted_meat_can/textured.obj", 
    "rot_mat": [
      [
        -0.9708028027074821, 
        0.239413629035257, 
        0.014901264878721399
      ], 
      [
        0.11205302092529928, 
        0.5075408838732252, 
        -0.8543110327891357
      ], 
      [
        -0.21209601232904432, 
        -0.8276981696608318, 
        -0.5195496760585344
      ]
    ], 
    "trans_mat": [
      0.022860303108988234, 
      0.057212846803387445, 
      0.7596935477293663
    ]
  }, 
  {
    "img": "/media/hdd/YCBvideo/YCB_Video_Dataset/YCB_Video_Dataset/data/0014/000042-label.png", 
    "mask": "/media/hdd/YCBvideo/YCB_Video_Dataset/Generated_YCB_Video_Dataset/mask/0014/000042-mask-00.png", 
    "depth_minmax": [
      0.721, 
      0.78
    ], 
    "model": "/media/hdd/YCBvideo/YCB_Video_Dataset/YCB_Video_Dataset/models/010_potted_meat_can/textured.obj", 
    "rot_mat": [
      [
        -0.9708467466518279, 
        0.2392317323066346, 
        0.014993191906269332
      ], 
      [
        0.11169552932586484, 
        0.5068532490108005, 
        -0.8547655137215873
      ], 
      [
        -0.21208568286120924, 
        -0.8281720317548539, 
        -0.5187986388255315
      ]
    ], 
    "trans_mat": [
      0.022424525564124005, 
      0.057387056441952085, 
      0.7599842989660889
    ]
  }, 
  {
    "img": "/media/hdd/YCBvideo/YCB_Video_Dataset/YCB_Video_Dataset/data/0014/000043-label.png", 
    "mask": "/media/hdd/YCBvideo/YCB_Video_Dataset/Generated_YCB_Video_Dataset/mask/0014/000043-mask-00.png", 
    "depth_minmax": [
      0.721, 
      0.78
    ], 
    "model": "/media/hdd/YCBvideo/YCB_Video_Dataset/YCB_Video_Dataset/models/010_potted_meat_can/textured.obj", 
    "rot_mat": [
      [
        -0.970762613258086, 
        0.23965453730615097, 
        0.013619561649756126
      ], 
      [
        0.11303870201346232, 
        0.5064643637412893, 
        -0.8548199063527269
      ], 
      [
        -0.21175841834943535, 
        -0.8282876966450542, 
        -0.518746820619843
      ]
    ], 
    "trans_mat": [
      0.022146261752425123, 
      0.05721369389063776, 
      0.7603506088683069
    ]
  }, 
  {
    "img": "/media/hdd/YCBvideo/YCB_Video_Dataset/YCB_Video_Dataset/data/0014/000044-label.png", 
    "mask": "/media/hdd/YCBvideo/YCB_Video_Dataset/Generated_YCB_Video_Dataset/mask/0014/000044-mask-00.png", 
    "depth_minmax": [
      0.719, 
      0.78
    ], 
    "model": "/media/hdd/YCBvideo/YCB_Video_Dataset/YCB_Video_Dataset/models/010_potted_meat_can/textured.obj", 
    "rot_mat": [
      [
        -0.9704822265369295, 
        0.24077390202822047, 
        0.013840740364695132
      ], 
      [
        0.11328910349697506, 
        0.5057934975330097, 
        -0.855183039940937
      ], 
      [
        -0.21290576763793392, 
        -0.8283728458805326, 
        -0.5181416365326951
      ]
    ], 
    "trans_mat": [
      0.021538426856940955, 
      0.05735545992832884, 
      0.7607494461199535
    ]
  }, 
  {
    "img": "/media/hdd/YCBvideo/YCB_Video_Dataset/YCB_Video_Dataset/data/0014/000045-label.png", 
    "mask": "/media/hdd/YCBvideo/YCB_Video_Dataset/Generated_YCB_Video_Dataset/mask/0014/000045-mask-00.png", 
    "depth_minmax": [
      0.721, 
      0.781
    ], 
    "model": "/media/hdd/YCBvideo/YCB_Video_Dataset/YCB_Video_Dataset/models/010_potted_meat_can/textured.obj", 
    "rot_mat": [
      [
        -0.9699416931956217, 
        0.2429300421097105, 
        0.014085354595784194
      ], 
      [
        0.11412831239671162, 
        0.5052756807191705, 
        -0.8553780193766507
      ], 
      [
        -0.21491305602817906, 
        -0.8280589367546316, 
        -0.5178131533907517
      ]
    ], 
    "trans_mat": [
      0.020178377062911923, 
      0.057510207307223477, 
      0.7613323189150372
    ]
  }, 
  {
    "img": "/media/hdd/YCBvideo/YCB_Video_Dataset/YCB_Video_Dataset/data/0014/000046-label.png", 
    "mask": "/media/hdd/YCBvideo/YCB_Video_Dataset/Generated_YCB_Video_Dataset/mask/0014/000046-mask-00.png", 
    "depth_minmax": [
      0.721, 
      0.781
    ], 
    "model": "/media/hdd/YCBvideo/YCB_Video_Dataset/YCB_Video_Dataset/models/010_potted_meat_can/textured.obj", 
    "rot_mat": [
      [
        -0.969898240107291, 
        0.24297826888948748, 
        0.016047008261729657
      ], 
      [
        0.11255248770903833, 
        0.505765117992202, 
        -0.8552971769093228
      ], 
      [
        -0.21593400224851697, 
        -0.8277460605169739, 
        -0.5178897079347663
      ]
    ], 
    "trans_mat": [
      0.018628996263181506, 
      0.05710110427780143, 
      0.7618593883126723
    ]
  }, 
  {
    "img": "/media/hdd/YCBvideo/YCB_Video_Dataset/YCB_Video_Dataset/data/0014/000047-label.png", 
    "mask": "/media/hdd/YCBvideo/YCB_Video_Dataset/Generated_YCB_Video_Dataset/mask/0014/000047-mask-00.png", 
    "depth_minmax": [
      0.721, 
      0.781
    ], 
    "model": "/media/hdd/YCBvideo/YCB_Video_Dataset/YCB_Video_Dataset/models/010_potted_meat_can/textured.obj", 
    "rot_mat": [
      [
        -0.969945718926061, 
        0.24287550352254272, 
        0.014692024943083578
      ], 
      [
        0.11354717733043859, 
        0.5052135303657217, 
        -0.8554920400884128
      ], 
      [
        -0.2152000538602966, 
        -0.8281136189036159, 
        -0.5176075863555218
      ]
    ], 
    "trans_mat": [
      0.018448410419682974, 
      0.05723023307200814, 
      0.7621469871257122
    ]
  }, 
  {
    "img": "/media/hdd/YCBvideo/YCB_Video_Dataset/YCB_Video_Dataset/data/0014/000048-label.png", 
    "mask": "/media/hdd/YCBvideo/YCB_Video_Dataset/Generated_YCB_Video_Dataset/mask/0014/000048-mask-00.png", 
    "depth_minmax": [
      0.721, 
      0.782
    ], 
    "model": "/media/hdd/YCBvideo/YCB_Video_Dataset/YCB_Video_Dataset/models/010_potted_meat_can/textured.obj", 
    "rot_mat": [
      [
        -0.9696955207956953, 
        0.2438246084750296, 
        0.01549059800656661
      ], 
      [
        0.11322022684596536, 
        0.5046560062400411, 
        -0.8558649871006268
      ], 
      [
        -0.2164975339830327, 
        -0.8281745841756077, 
        -0.5169689264230268
      ]
    ], 
    "trans_mat": [
