[
  {
    "img": "/media/hdd/YCBvideo/YCB_Video_Dataset/YCB_Video_Dataset/data/0015/000001-label.png", 
    "mask": "/media/hdd/YCBvideo/YCB_Video_Dataset/Generated_YCB_Video_Dataset/mask/0015/000001-mask-00.png", 
    "depth_minmax": [
      0.701, 
      0.848
    ], 
    "model": "/media/hdd/YCBvideo/YCB_Video_Dataset/YCB_Video_Dataset/models/004_sugar_box/textured.obj", 
    "rot_mat": [
      [
        -0.7550724116904054, 
        0.6515462150862023, 
        -0.07316844277308437
      ], 
      [
        0.44262415797206367, 
        0.4242373996066361, 
        -0.790003755589594
      ], 
      [
        -0.4836831937122008, 
        -0.6288967024390683, 
        -0.6087194534844133
      ]
    ], 
    "trans_mat": [
      0.11248137447272208, 
      -0.001173487561263374, 
      0.7791446789647188
    ]
  }, 
  {
    "img": "/media/hdd/YCBvideo/YCB_Video_Dataset/YCB_Video_Dataset/data/0015/000001-label.png", 
    "mask": "/media/hdd/YCBvideo/YCB_Video_Dataset/Generated_YCB_Video_Dataset/mask/0015/000001-mask-01.png", 
    "depth_minmax": [
      0.705, 
      0.782
    ], 
    "model": "/media/hdd/YCBvideo/YCB_Video_Dataset/YCB_Video_Dataset/models/008_pudding_box/textured.obj", 
    "rot_mat": [
      [
        0.7989177859500887, 
        0.39069502482697166, 
        0.4572619506543467
      ], 
      [
        0.09160078107324643, 
        -0.8304487451291085, 
        0.5495124020566213
      ], 
      [
        0.5944239700505107, 
        -0.39712907447121776, 
        -0.69924880356847
      ]
    ], 
    "trans_mat": [
      -0.044433121660351876, 
      0.08630306286895786, 
      0.7556195871081314
    ]
  }, 
  {
    "img": "/media/hdd/YCBvideo/YCB_Video_Dataset/YCB_Video_Dataset/data/0015/000002-label.png", 
    "mask": "/media/hdd/YCBvideo/YCB_Video_Dataset/Generated_YCB_Video_Dataset/mask/0015/000002-mask-00.png", 
    "depth_minmax": [
      0.701, 
      0.846
    ], 
    "model": "/media/hdd/YCBvideo/YCB_Video_Dataset/YCB_Video_Dataset/models/004_sugar_box/textured.obj", 
    "rot_mat": [
      [
        -0.7546482847541299, 
        0.651974379721199, 
        -0.07372628619006251
      ], 
      [
        0.4430190170739489, 
        0.4234263132519549, 
        -0.7902176488257401
      ], 
      [
        -0.48398429128415815, 
        -0.6289987758922185, 
        -0.6083747978913483
      ]
    ], 
    "trans_mat": [
      0.1121530490243737, 
      -0.0013087609275197255, 
      0.7793639946338707
    ]
  }, 
  {
    "img": "/media/hdd/YCBvideo/YCB_Video_Dataset/YCB_Video_Dataset/data/0015/000002-label.png", 
    "mask": "/media/hdd/YCBvideo/YCB_Video_Dataset/Generated_YCB_Video_Dataset/mask/0015/000002-mask-01.png", 
    "depth_minmax": [
      0.705, 
      0.782
    ], 
    "model": "/media/hdd/YCBvideo/YCB_Video_Dataset/YCB_Video_Dataset/models/008_pudding_box/textured.obj", 
    "rot_mat": [
      [
        0.7989114662358348, 
        0.3900756724949303, 
        0.4578011730960405
      ], 
      [
        0.09121993882054345, 
        -0.8309437294133912, 
        0.5488272195419254
      ], 
      [
        0.5944912276005777, 
        -0.3967033459733001, 
        -0.6994334598133702
      ]
    ], 
    "trans_mat": [
      -0.04468734029780226, 
      0.08628444054520534, 
      0.7557783558331723
    ]
  }, 
  {
    "img": "/media/hdd/YCBvideo/YCB_Video_Dataset/YCB_Video_Dataset/data/0015/000003-label.png", 
    "mask": "/media/hdd/YCBvideo/YCB_Video_Dataset/Generated_YCB_Video_Dataset/mask/0015/000003-mask-00.png", 
    "depth_minmax": [
      0.701, 
      0.848
    ], 
    "model": "/media/hdd/YCBvideo/YCB_Video_Dataset/YCB_Video_Dataset/models/004_sugar_box/textured.obj", 
    "rot_mat": [
      [
        -0.7545413995021157, 
        0.6520728310949688, 
        -0.07394531321836079
      ], 
      [
        0.4432778495548202, 
        0.42333548551424444, 
        -0.7901219074733378
      ], 
      [
        -0.483913333880174, 
        -0.6289576357720285, 
        -0.6084729844351172
      ]
    ], 
    "trans_mat": [
      0.11229359921050538, 
      -0.0014071231449860448, 
      0.7795034164517982
    ]
  }, 
  {
    "img": "/media/hdd/YCBvideo/YCB_Video_Dataset/YCB_Video_Dataset/data/0015/000003-label.png", 
    "mask": "/media/hdd/YCBvideo/YCB_Video_Dataset/Generated_YCB_Video_Dataset/mask/0015/000003-mask-01.png", 
    "depth_minmax": [
      0.705, 
      0.782
    ], 
    "model": "/media/hdd/YCBvideo/YCB_Video_Dataset/YCB_Video_Dataset/models/008_pudding_box/textured.obj", 
    "rot_mat": [
      [
        0.7989467656550676, 
        0.3898499672809534, 
        0.4579311772982398
      ], 
      [
        0.09093585528349796, 
        -0.8309960952391414, 
        0.5487961594452457
      ], 
      [
        0.5944869053982215, 
        -0.39681582267539894, 
        -0.6993726455567669
      ]
    ], 
    "trans_mat": [
      -0.04452424153494559, 
      0.08623013759372292, 
      0.7559319210133519
    ]
  }, 
  {
    "img": "/media/hdd/YCBvideo/YCB_Video_Dataset/YCB_Video_Dataset/data/0015/000004-label.png", 
    "mask": "/media/hdd/YCBvideo/YCB_Video_Dataset/Generated_YCB_Video_Dataset/mask/0015/000004-mask-00.png", 
    "depth_minmax": [
      0.701, 
      0.848
    ], 
    "model": "/media/hdd/YCBvideo/YCB_Video_Dataset/YCB_Video_Dataset/models/004_sugar_box/textured.obj", 
    "rot_mat": [
      [
        -0.7550580517416725, 
        0.6515111901861536, 
        -0.0736182580095252
      ], 
      [
        0.44281112004616924, 
        0.4239135913486846, 
        -0.7900732604499169
      ], 
      [
        -0.4835335878504877, 
        -0.6291506388534049, 
        -0.6085760019203723
      ]
    ], 
    "trans_mat": [
      0.11257014465726731, 
      -0.0013255955010916395, 
      0.77961711245358
    ]
  }, 
  {
    "img": "/media/hdd/YCBvideo/YCB_Video_Dataset/YCB_Video_Dataset/data/0015/000004-label.png", 
    "mask": "/media/hdd/YCBvideo/YCB_Video_Dataset/Generated_YCB_Video_Dataset/mask/0015/000004-mask-01.png", 
    "depth_minmax": [
      0.705, 
      0.782
    ], 
    "model": "/media/hdd/YCBvideo/YCB_Video_Dataset/YCB_Video_Dataset/models/008_pudding_box/textured.obj", 
    "rot_mat": [
      [
        0.7991206829976509, 
        0.3902919597812423, 
        0.45725019945916057
      ], 
      [
        0.09141598028780254, 
        -0.8306463437064214, 
        0.5492451174844694
      ], 
      [
        0.5941789805542791, 
        -0.39711337216832476, 
        -0.6994660075959489
      ]
    ], 
    "trans_mat": [
      -0.044320688356069324, 
      0.08620178058585794, 
      0.756123809826682
    ]
  }, 
  {
    "img": "/media/hdd/YCBvideo/YCB_Video_Dataset/YCB_Video_Dataset/data/0015/000005-label.png", 
    "mask": "/media/hdd/YCBvideo/YCB_Video_Dataset/Generated_YCB_Video_Dataset/mask/0015/000005-mask-00.png", 
    "depth_minmax": [
      0.701, 
      0.833
    ], 
    "model": "/media/hdd/YCBvideo/YCB_Video_Dataset/YCB_Video_Dataset/models/004_sugar_box/textured.obj", 
    "rot_mat": [
      [
        -0.7543098445679145, 
        0.6523722778540131, 
        -0.07367202234586968
      ], 
      [
        0.44358689584656863, 
        0.4237148744039981, 
        -0.7897440820699895
      ], 
      [
        -0.48399165720672394, 
        -0.628392312253428, 
        -0.6089954835080135
      ]
    ], 
    "trans_mat": [
      0.11227387801614983, 
      -0.0014302460301315026, 
      0.7799416585652782
    ]
  }, 
  {
    "img": "/media/hdd/YCBvideo/YCB_Video_Dataset/YCB_Video_Dataset/data/0015/000005-label.png", 
    "mask": "/media/hdd/YCBvideo/YCB_Video_Dataset/Generated_YCB_Video_Dataset/mask/0015/000005-mask-01.png", 
    "depth_minmax": [
      0.706, 
      0.783
    ], 
    "model": "/media/hdd/YCBvideo/YCB_Video_Dataset/YCB_Video_Dataset/models/008_pudding_box/textured.obj", 
    "rot_mat": [
      [
        0.7986708221074892, 
        0.39002408594901944, 
        0.45826511124759095
      ], 
      [
        0.09055736219975297, 
        -0.8307554218571243, 
        0.5492216204069323
      ], 
      [
        0.5949158120134211, 
        -0.39714720449477614, 
        -0.6988204174172864
      ]
    ], 
    "trans_mat": [
      -0.04453183380421735, 
      0.0862236565943549, 
      0.7563511330088594
    ]
  }, 
  {
    "img": "/media/hdd/YCBvideo/YCB_Video_Dataset/YCB_Video_Dataset/data/0015/000006-label.png", 
    "mask": "/media/hdd/YCBvideo/YCB_Video_Dataset/Generated_YCB_Video_Dataset/mask/0015/000006-mask-00.png", 
    "depth_minmax": [
      0.702, 
      0.849
    ], 
    "model": "/media/hdd/YCBvideo/YCB_Video_Dataset/YCB_Video_Dataset/models/004_sugar_box/textured.obj", 
    "rot_mat": [
      [
        -0.7531927352719862, 
        0.653694170255201, 
        -0.07337598125298272
      ], 
      [
        0.44441862031440604, 
        0.4234539151303448, 
        -0.7894168581938233
      ], 
      [
        -0.48496570367813735, 
        -0.6271936051813464, 
        -0.6094562417482029
      ]
    ], 
    "trans_mat": [
      0.1114468689907751, 
      -0.002139415993990144, 
      0.7803321603893383
    ]
  }, 
  {
    "img": "/media/hdd/YCBvideo/YCB_Video_Dataset/YCB_Video_Dataset/data/0015/000006-label.png", 
    "mask": "/media/hdd/YCBvideo/YCB_Video_Dataset/Generated_YCB_Video_Dataset/mask/0015/000006-mask-01.png", 
    "depth_minmax": [
      0.706, 
      0.783
    ], 
    "model": "/media/hdd/YCBvideo/YCB_Video_Dataset/YCB_Video_Dataset/models/008_pudding_box/textured.obj", 
    "rot_mat": [
      [
        0.7978204900331847, 
        0.3899567436477995, 
        0.45979983429533255
      ], 
      [
        0.08964058922217416, 
        -0.830901983392611, 
        0.5491509938522395
      ], 
      [
        0.5961933844618822, 
        -0.3969072117556925, 
        -0.6978674345715621
      ]
    ], 
    "trans_mat": [
      -0.04524987361753872, 
      0.08565366235911849, 
      0.7565370511908891
    ]
  }, 
  {
    "img": "/media/hdd/YCBvideo/YCB_Video_Dataset/YCB_Video_Dataset/data/0015/000007-label.png", 
    "mask": "/media/hdd/YCBvideo/YCB_Video_Dataset/Generated_YCB_Video_Dataset/mask/0015/000007-mask-00.png", 
    "depth_minmax": [
      0.702, 
      0.837
    ], 
    "model": "/media/hdd/YCBvideo/YCB_Video_Dataset/YCB_Video_Dataset/models/004_sugar_box/textured.obj", 
    "rot_mat": [
      [
        -0.7520594124620076, 
        0.6549816274213421, 
        -0.07352536396918695
      ], 
      [
        0.4453557605509895, 
        0.422766121575928, 
        -0.7892571654796077
      ], 
      [
        -0.4858646528426394, 
        -0.6263138616710039, 
        -0.6096450774078254
      ]
    ], 
    "trans_mat": [
      0.11067809693697933, 
      -0.0024532931466460196, 
      0.7806598014984043
    ]
  }, 
  {
    "img": "/media/hdd/YCBvideo/YCB_Video_Dataset/YCB_Video_Dataset/data/0015/000007-label.png", 
    "mask": "/media/hdd/YCBvideo/YCB_Video_Dataset/Generated_YCB_Video_Dataset/mask/0015/000007-mask-01.png", 
    "depth_minmax": [
      0.706, 
      0.784
    ], 
    "model": "/media/hdd/YCBvideo/YCB_Video_Dataset/YCB_Video_Dataset/models/008_pudding_box/textured.obj", 
    "rot_mat": [
      [
        0.7971694250337726, 
        0.3894893709198442, 
        0.4613236322444665
      ], 
      [
        0.08863752274964731, 
        -0.8313086421402228, 
        0.5486979151874248
      ], 
      [
        0.5972139564417654, 
        -0.3965146764417659, 
        -0.697217768119793
      ]
    ], 
    "trans_mat": [
      -0.04588592071754782, 
      0.08552547004954089, 
      0.7566770466544697
    ]
  }, 
  {
    "img": "/media/hdd/YCBvideo/YCB_Video_Dataset/YCB_Video_Dataset/data/0015/000008-label.png", 
    "mask": "/media/hdd/YCBvideo/YCB_Video_Dataset/Generated_YCB_Video_Dataset/mask/0015/000008-mask-00.png", 
    "depth_minmax": [
      0.702, 
      0.836
    ], 
    "model": "/media/hdd/YCBvideo/YCB_Video_Dataset/YCB_Video_Dataset/models/004_sugar_box/textured.obj", 
    "rot_mat": [
      [
        -0.7518077029381232, 
        0.6552839663924703, 
        -0.07339691485762331
      ], 
      [
        0.44533394536045023, 
        0.42251206894085597, 
        -0.7894060687212102
      ], 
      [
        -0.48627395645102583, 
        -0.6261676122475999, 
        -0.6094676088535698
      ]
    ], 
    "trans_mat": [
      0.11064249092700645, 
      -0.0023072868403896277, 
      0.7808199831438699
    ]
  }, 
  {
    "img": "/media/hdd/YCBvideo/YCB_Video_Dataset/YCB_Video_Dataset/data/0015/000008-label.png", 
    "mask": "/media/hdd/YCBvideo/YCB_Video_Dataset/Generated_YCB_Video_Dataset/mask/0015/000008-mask-01.png", 
    "depth_minmax": [
      0.705, 
      0.783
    ], 
    "model": "/media/hdd/YCBvideo/YCB_Video_Dataset/YCB_Video_Dataset/models/008_pudding_box/textured.obj", 
    "rot_mat": [
      [
        0.7969482400641266, 
        0.3895285483364424, 
        0.4616712068817676
      ], 
      [
        0.08868228644877078, 
        -0.8314664231112858, 
        0.5484523704366567
      ], 
      [
        0.5975016568146689, 
        -0.39614561309618557, 
        -0.6971798971489186
      ]
    ], 
    "trans_mat": [
      -0.04589987327070098, 
      0.08568703388884337, 
      0.756753181711503
    ]
  }, 
  {
    "img": "/media/hdd/YCBvideo/YCB_Video_Dataset/YCB_Video_Dataset/data/0015/000009-label.png", 
    "mask": "/media/hdd/YCBvideo/YCB_Video_Dataset/Generated_YCB_Video_Dataset/mask/0015/000009-mask-00.png", 
    "depth_minmax": [
      0.702, 
      0.836
    ], 
    "model": "/media/hdd/YCBvideo/YCB_Video_Dataset/YCB_Video_Dataset/models/004_sugar_box/textured.obj", 
    "rot_mat": [
      [
        -0.7511510835244442, 
        0.6560706631721289, 
        -0.07310147190819355
      ], 
      [
        0.4460061602533801, 
        0.4227410490582636, 
        -0.7889035114548347
      ], 
      [
        -0.4866731082260857, 
        -0.6251892262061106, 
        -0.6101538566511506
      ]
    ], 
    "trans_mat": [
      0.11016180198938899, 
      -0.002258235946422089, 
      0.7809848774433085
    ]
  }, 
  {
    "img": "/media/hdd/YCBvideo/YCB_Video_Dataset/YCB_Video_Dataset/data/0015/000009-label.png", 
    "mask": "/media/hdd/YCBvideo/YCB_Video_Dataset/Generated_YCB_Video_Dataset/mask/0015/000009-mask-01.png", 
    "depth_minmax": [
      0.706, 
      0.783
    ], 
    "model": "/media/hdd/YCBvideo/YCB_Video_Dataset/YCB_Video_Dataset/models/008_pudding_box/textured.obj", 
    "rot_mat": [
      [
        0.7963904039759158, 
        0.38959599382950083, 
        0.4625776272781054
      ], 
      [
        0.08790566400382642, 
        -0.8313110626951692, 
        0.5488123559556275
      ], 
      [
        0.5983606550313662, 
        -0.3964055929500473, 
        -0.6962955722479073
      ]
    ], 
    "trans_mat": [
      -0.046322259261842524, 
      0.08581611823437939, 
      0.756831261955733
    ]
  }, 
  {
    "img": "/media/hdd/YCBvideo/YCB_Video_Dataset/YCB_Video_Dataset/data/0015/000010-label.png", 
    "mask": "/media/hdd/YCBvideo/YCB_Video_Dataset/Generated_YCB_Video_Dataset/mask/0015/000010-mask-00.png", 
    "depth_minmax": [
      0.702, 
      0.836
    ], 
    "model": "/media/hdd/YCBvideo/YCB_Video_Dataset/YCB_Video_Dataset/models/004_sugar_box/textured.obj", 
    "rot_mat": [
      [
        -0.7510493109595502, 
        0.6561864151512697, 
        -0.07310903750177068
      ], 
      [
        0.44606357250385853, 
        0.4226519010409231, 
        -0.7889181051365033
      ], 
      [
        -0.4867778389862937, 
        -0.6251279477861652, 
        -0.6101334432920702
      ]
    ], 
    "trans_mat": [
      0.10983748514809602, 
      -0.0018906783089498763, 
      0.7811795907804882
    ]
  }, 
  {
    "img": "/media/hdd/YCBvideo/YCB_Video_Dataset/YCB_Video_Dataset/data/0015/000010-label.png", 
    "mask": "/media/hdd/YCBvideo/YCB_Video_Dataset/Generated_YCB_Video_Dataset/mask/0015/000010-mask-01.png", 
    "depth_minmax": [
      0.706, 
      0.784
    ], 
    "model": "/media/hdd/YCBvideo/YCB_Video_Dataset/YCB_Video_Dataset/models/008_pudding_box/textured.obj", 
    "rot_mat": [
      [
        0.7963290823103631, 
        0.38955912870140647, 
        0.4627143534293064
      ], 
      [
        0.08784749891970264, 
        -0.8313643105228774, 
        0.5487399818853474
      ], 
      [
        0.598451012118919, 
        -0.39632925967902477, 
        -0.6962616736625604
      ]
    ], 
    "trans_mat": [
      -0.046634917627393385, 
      0.08619847333796518, 
      0.7570043515738698
    ]
  }, 
  {
    "img": "/media/hdd/YCBvideo/YCB_Video_Dataset/YCB_Video_Dataset/data/0015/000011-label.png", 
    "mask": "/media/hdd/YCBvideo/YCB_Video_Dataset/Generated_YCB_Video_Dataset/mask/0015/000011-mask-00.png", 
    "depth_minmax": [
      0.703, 
      0.836
    ], 
    "model": "/media/hdd/YCBvideo/YCB_Video_Dataset/YCB_Video_Dataset/models/004_sugar_box/textured.obj", 
    "rot_mat": [
      [
        -0.7510087924564994, 
        0.656350265748154, 
        -0.07204246859785196
      ], 
      [
        0.4450360642831704, 
        0.42255630345280404, 
        -0.7895500647114343
      ], 
      [
        -0.4877793355796849, 
        -0.6250208733478375, 
        -0.6094426729892206
      ]
    ], 
    "trans_mat": [
      0.10938032631513864, 
      -0.0020583355599429185, 
      0.7813833201846802
    ]
  }, 
  {
    "img": "/media/hdd/YCBvideo/YCB_Video_Dataset/YCB_Video_Dataset/data/0015/000011-label.png", 
    "mask": "/media/hdd/YCBvideo/YCB_Video_Dataset/Generated_YCB_Video_Dataset/mask/0015/000011-mask-01.png", 
    "depth_minmax": [
      0.706, 
      0.784
    ], 
    "model": "/media/hdd/YCBvideo/YCB_Video_Dataset/YCB_Video_Dataset/models/008_pudding_box/textured.obj", 
    "rot_mat": [
      [
        0.7957995832365133, 
        0.3904920452570429, 
        0.46283827129765737
      ], 
      [
        0.08901469662931843, 
        -0.8314447108745887, 
        0.5484309984160263
      ], 
      [
        0.598982048510704, 
        -0.3952413588830972, 
        -0.6964232176147297
      ]
    ], 
    "trans_mat": [
      -0.0471396809775381, 
      0.08588977789036781, 
      0.7570039455860809
    ]
  }, 
  {
    "img": "/media/hdd/YCBvideo/YCB_Video_Dataset/YCB_Video_Dataset/data/0015/000012-label.png", 
    "mask": "/media/hdd/YCBvideo/YCB_Video_Dataset/Generated_YCB_Video_Dataset/mask/0015/000012-mask-00.png", 
    "depth_minmax": [
      0.703, 
      0.837
    ], 
    "model": "/media/hdd/YCBvideo/YCB_Video_Dataset/YCB_Video_Dataset/models/004_sugar_box/textured.obj", 
    "rot_mat": [
      [
        -0.7498206471268182, 
        0.657653978377563, 
        -0.07252284824072051
      ], 
      [
        0.44650553207073906, 
        0.422077408079711, 
        -0.788976043355055
      ], 
      [
        -0.48826286025246807, 
        -0.623972630463637, 
        -0.6101284876545838
      ]
    ], 
    "trans_mat": [
      0.10894397243408727, 
      -0.0022301046823012204, 
      0.7815228039408508
    ]
  }, 
  {
    "img": "/media/hdd/YCBvideo/YCB_Video_Dataset/YCB_Video_Dataset/data/0015/000012-label.png", 
    "mask": "/media/hdd/YCBvideo/YCB_Video_Dataset/Generated_YCB_Video_Dataset/mask/0015/000012-mask-01.png", 
    "depth_minmax": [
      0.705, 
      0.784
    ], 
    "model": "/media/hdd/YCBvideo/YCB_Video_Dataset/YCB_Video_Dataset/models/008_pudding_box/textured.obj", 
    "rot_mat": [
      [
        0.7952679924309067, 
        0.3897136430655136, 
        0.4644046758480419
      ], 
      [
        0.08739368133432757, 
        -0.8317099347764745, 
        0.5482890707206206
      ], 
      [
        0.5999255306233423, 
        -0.3954506468665639, 
        -0.6954910203753973
      ]
    ], 
    "trans_mat": [
      -0.04742055210958507, 
      0.0859649764250883, 
      0.7570388569817196
    ]
  }, 
  {
    "img": "/media/hdd/YCBvideo/YCB_Video_Dataset/YCB_Video_Dataset/data/0015/000013-label.png", 
    "mask": "/media/hdd/YCBvideo/YCB_Video_Dataset/Generated_YCB_Video_Dataset/mask/0015/000013-mask-00.png", 
    "depth_minmax": [
      0.703, 
      0.837
    ], 
    "model": "/media/hdd/YCBvideo/YCB_Video_Dataset/YCB_Video_Dataset/models/004_sugar_box/textured.obj", 
    "rot_mat": [
      [
        -0.7495196505856561, 
        0.6579675433217158, 
        -0.07279725040259577
      ], 
      [
        0.4468268505583761, 
        0.42170672103402984, 
        -0.7889922892380982
      ], 
      [
        -0.4884324043473682, 
        -0.6238930268465899, 
        -0.6100749228966508
      ]
    ], 
    "trans_mat": [
      0.10925164305675197, 
      -0.00245990585967962, 
      0.7813601462929103
    ]
  }, 
  {
    "img": "/media/hdd/YCBvideo/YCB_Video_Dataset/YCB_Video_Dataset/data/0015/000013-label.png", 
    "mask": "/media/hdd/YCBvideo/YCB_Video_Dataset/Generated_YCB_Video_Dataset/mask/0015/000013-mask-01.png", 
    "depth_minmax": [
      0.706, 
      0.783
    ], 
    "model": "/media/hdd/YCBvideo/YCB_Video_Dataset/YCB_Video_Dataset/models/008_pudding_box/textured.obj", 
    "rot_mat": [
      [
        0.7952054543597414, 
        0.38938117427581964, 
        0.4647916797562006
      ], 
      [
        0.08705971217776251, 
        -0.8319315796866941, 
        0.5480057747834839
      ], 
      [
        0.6000580607107477, 
        -0.39531221817496265, 
        -0.6954560289405726
      ]
    ], 
    "trans_mat": [
      -0.047066038579164214, 
      0.08580870373877035, 
      0.7568412914300848
    ]
  }, 
  {
    "img": "/media/hdd/YCBvideo/YCB_Video_Dataset/YCB_Video_Dataset/data/0015/000014-label.png", 
    "mask": "/media/hdd/YCBvideo/YCB_Video_Dataset/Generated_YCB_Video_Dataset/mask/0015/000014-mask-00.png", 
    "depth_minmax": [
      0.702, 
      0.837
    ], 
    "model": "/media/hdd/YCBvideo/YCB_Video_Dataset/YCB_Video_Dataset/models/004_sugar_box/textured.obj", 
    "rot_mat": [
      [
        -0.7498939174099973, 
        0.6574524615927042, 
        -0.07358820550094573
      ], 
      [
        0.44714789019381224, 
        0.4217288782413493, 
        -0.7887986587108295
      ], 
      [
        -0.4875630045521276, 
        -0.6244200646009473, 
        -0.6102305779866699
      ]
    ], 
    "trans_mat": [
      0.11019611301434162, 
      -0.002429447631415086, 
      0.7811337700940488
    ]
  }, 
  {
    "img": "/media/hdd/YCBvideo/YCB_Video_Dataset/YCB_Video_Dataset/data/0015/000014-label.png", 
    "mask": "/media/hdd/YCBvideo/YCB_Video_Dataset/Generated_YCB_Video_Dataset/mask/0015/000014-mask-01.png", 
    "depth_minmax": [
      0.706, 
      0.783
    ], 
    "model": "/media/hdd/YCBvideo/YCB_Video_Dataset/YCB_Video_Dataset/models/008_pudding_box/textured.obj", 
    "rot_mat": [
      [
        0.7958177510679332, 
        0.3887914639212959, 
        0.4642364054358833
      ], 
      [
        0.0866954792111975, 
        -0.8319109533217137, 
        0.5480949886952711
      ], 
      [
        0.5992977764805347, 
        -0.3959366744254812, 
        -0.6957558219267092
      ]
    ], 
    "trans_mat": [
      -0.04612448498101902, 
      0.08588378227887138, 
      0.7567947456518341
    ]
  }, 
  {
    "img": "/media/hdd/YCBvideo/YCB_Video_Dataset/YCB_Video_Dataset/data/0015/000015-label.png", 
    "mask": "/media/hdd/YCBvideo/YCB_Video_Dataset/Generated_YCB_Video_Dataset/mask/0015/000015-mask-00.png", 
    "depth_minmax": [
      0.702, 
      0.836
    ], 
    "model": "/media/hdd/YCBvideo/YCB_Video_Dataset/YCB_Video_Dataset/models/004_sugar_box/textured.obj", 
    "rot_mat": [
      [
        -0.7502673953302249, 
        0.6569728252038621, 
        -0.07406327511405475
      ], 
      [
        0.44664009530288673, 
        0.4210689781742776, 
        -0.7894381406211394
      ], 
      [
        -0.4874542775418981, 
        -0.6253699371213818, 
        -0.6093447967881982
      ]
    ], 
    "trans_mat": [
      0.1111093066310411, 
      -0.0022439375957647076, 
      0.7809873180252062
    ]
  }, 
  {
    "img": "/media/hdd/YCBvideo/YCB_Video_Dataset/YCB_Video_Dataset/data/0015/000015-label.png", 
    "mask": "/media/hdd/YCBvideo/YCB_Video_Dataset/Generated_YCB_Video_Dataset/mask/0015/000015-mask-01.png", 
    "depth_minmax": [
      0.706, 
      0.783
    ], 
    "model": "/media/hdd/YCBvideo/YCB_Video_Dataset/YCB_Video_Dataset/models/008_pudding_box/textured.obj", 
    "rot_mat": [
      [
        0.7962803306716428, 
        0.3884813416755672, 
        0.463702483636674
      ], 
      [
        0.08731980553627021, 
        -0.8323281896229914, 
        0.547361236836107
      ], 
      [
        0.5985926891835569, 
        -0.3953622801478397, 
        -0.696689423235854
      ]
    ], 
    "trans_mat": [
      -0.04522953832012197, 
      0.08604459510254736, 
      0.7566760718884039
    ]
  }, 
  {
    "img": "/media/hdd/YCBvideo/YCB_Video_Dataset/YCB_Video_Dataset/data/0015/000016-label.png", 
    "mask": "/media/hdd/YCBvideo/YCB_Video_Dataset/Generated_YCB_Video_Dataset/mask/0015/000016-mask-00.png", 
    "depth_minmax": [
      0.702, 
      0.836
    ], 
    "model": "/media/hdd/YCBvideo/YCB_Video_Dataset/YCB_Video_Dataset/models/004_sugar_box/textured.obj", 
    "rot_mat": [
      [
        -0.7499232205138825, 
        0.6573768002110536, 
        -0.07396746598994836
      ], 
      [
        0.447219257051266, 
        0.4214096734224066, 
        -0.7889289148969265
      ], 
      [
        -0.48745292825326114, 
        -0.6247152883098503, 
        -0.6100168868543325
      ]
    ], 
    "trans_mat": [
      0.11122861384360211, 
      -0.001924634522785377, 
      0.7811729851737246
    ]
  }, 
  {
    "img": "/media/hdd/YCBvideo/YCB_Video_Dataset/YCB_Video_Dataset/data/0015/000016-label.png", 
    "mask": "/media/hdd/YCBvideo/YCB_Video_Dataset/Generated_YCB_Video_Dataset/mask/0015/000016-mask-01.png", 
    "depth_minmax": [
      0.706, 
      0.783
    ], 
    "model": "/media/hdd/YCBvideo/YCB_Video_Dataset/YCB_Video_Dataset/models/008_pudding_box/textured.obj", 
    "rot_mat": [
      [
        0.7960154709080753, 
        0.3884640923750465, 
        0.46417193374123444
      ], 
      [
        0.0866397423814869, 
        -0.8321062709771734, 
        0.547807419442493
      ], 
      [
        0.5990441299571898, 
        -0.3958475962921694, 
        -0.6960253888182119
      ]
    ], 
    "trans_mat": [
      -0.0450766918594795, 
      0.08642233320144176, 
      0.7568581223616578
    ]
  }, 
  {
    "img": "/media/hdd/YCBvideo/YCB_Video_Dataset/YCB_Video_Dataset/data/0015/000017-label.png", 
    "mask": "/media/hdd/YCBvideo/YCB_Video_Dataset/Generated_YCB_Video_Dataset/mask/0015/000017-mask-00.png", 
    "depth_minmax": [
      0.704, 
      0.838
    ], 
    "model": "/media/hdd/YCBvideo/YCB_Video_Dataset/YCB_Video_Dataset/models/004_sugar_box/textured.obj", 
    "rot_mat": [
      [
        -0.7497458375916467, 
        0.6577837659554008, 
        -0.07212181740514557
      ], 
      [
        0.4464960725320492, 
        0.4224328566721035, 
        -0.7887913556313638
      ], 
      [
        -0.4883879626094323, 
        -0.6235950891747647, 
        -0.6104142535673444
      ]
    ], 
    "trans_mat": [
      0.11036907464033399, 
      -0.0017527367529361975, 
      0.7817409076261977
    ]
  }, 
  {
    "img": "/media/hdd/YCBvideo/YCB_Video_Dataset/YCB_Video_Dataset/data/0015/000017-label.png", 
    "mask": "/media/hdd/YCBvideo/YCB_Video_Dataset/Generated_YCB_Video_Dataset/mask/0015/000017-mask-01.png", 
    "depth_minmax": [
      0.706, 
      0.784
    ], 
    "model": "/media/hdd/YCBvideo/YCB_Video_Dataset/YCB_Video_Dataset/models/008_pudding_box/textured.obj", 
    "rot_mat": [
      [
        0.7950309009704614, 
        0.39004675437296715, 
        0.46453152832117867
      ], 
      [
        0.08737669327639187, 
        -0.8314909225456389, 
        0.548624164498527
      ], 
      [
        0.6002427355949151, 
        -0.3955827911976882, 
        -0.695142066010641
      ]
    ], 
    "trans_mat": [
      -0.04600673775132498, 
      0.0864148614788484, 
      0.7572292440303631
    ]
  }, 
  {
    "img": "/media/hdd/YCBvideo/YCB_Video_Dataset/YCB_Video_Dataset/data/0015/000018-label.png", 
    "mask": "/media/hdd/YCBvideo/YCB_Video_Dataset/Generated_YCB_Video_Dataset/mask/0015/000018-mask-00.png", 
    "depth_minmax": [
      0.704, 
      0.836
    ], 
    "model": "/media/hdd/YCBvideo/YCB_Video_Dataset/YCB_Video_Dataset/models/004_sugar_box/textured.obj", 
    "rot_mat": [
      [
        -0.7489522285638602, 
        0.6589128456116856, 
        -0.07003502848114648
      ], 
      [
        0.44623771373327215, 
        0.4234157110515145, 
        -0.7884102464325765
      ], 
      [
        -0.489839785501975, 
        -0.6217339698016191, 
        -0.6111503192856693
      ]
    ], 
    "trans_mat": [
      0.10933638162860432, 
      -0.00156843686859928, 
      0.7824589900498008
    ]
  }, 
  {
    "img": "/media/hdd/YCBvideo/YCB_Video_Dataset/YCB_Video_Dataset/data/0015/000018-label.png", 
    "mask": "/media/hdd/YCBvideo/YCB_Video_Dataset/Generated_YCB_Video_Dataset/mask/0015/000018-mask-01.png", 
    "depth_minmax": [
      0.706, 
      0.789
    ], 
    "model": "/media/hdd/YCBvideo/YCB_Video_Dataset/YCB_Video_Dataset/models/008_pudding_box/textured.obj", 
    "rot_mat": [
      [
        0.7935376062866123, 
        0.39165884953039076, 
        0.4657275827260974
      ], 
      [
        0.08759097480965261, 
        -0.830888705825047, 
        0.5495013275477448
      ], 
      [
        0.6021850681089048, 
        -0.3952566199218838, 
        -0.6936473063314886
      ]
    ], 
    "trans_mat": [
      -0.04705284185646654, 
      0.08648963482574294, 
      0.7576407816311168
    ]
  }, 
  {
    "img": "/media/hdd/YCBvideo/YCB_Video_Dataset/YCB_Video_Dataset/data/0015/000019-label.png", 
    "mask": "/media/hdd/YCBvideo/YCB_Video_Dataset/Generated_YCB_Video_Dataset/mask/0015/000019-mask-00.png", 
    "depth_minmax": [
      0.705, 
      0.836
    ], 
    "model": "/media/hdd/YCBvideo/YCB_Video_Dataset/YCB_Video_Dataset/models/004_sugar_box/textured.obj", 
    "rot_mat": [
      [
        -0.7488390056010099, 
        0.6592374359764337, 
        -0.0681602664680494
      ], 
      [
        0.4456346485911883, 
        0.42472686150308503, 
        -0.7880459043951954
      ], 
      [
        -0.490560146979599, 
        -0.6204943378968772, 
        -0.6118308460688091
      ]
    ], 
    "trans_mat": [
      0.10832043463972435, 
      -0.0012507578833045394, 
      0.7831677862806135
    ]
  }, 
  {
    "img": "/media/hdd/YCBvideo/YCB_Video_Dataset/YCB_Video_Dataset/data/0015/000019-label.png", 
    "mask": "/media/hdd/YCBvideo/YCB_Video_Dataset/Generated_YCB_Video_Dataset/mask/0015/000019-mask-01.png", 
    "depth_minmax": [
      0.706, 
      0.789
    ], 
    "model": "/media/hdd/YCBvideo/YCB_Video_Dataset/YCB_Video_Dataset/models/008_pudding_box/textured.obj", 
    "rot_mat": [
      [
        0.7925779571067277, 
        0.3932844830440028, 
        0.4659908331052639
      ], 
      [
        0.08816750811533962, 
        -0.8300889791572916, 
        0.5506164936423904
      ], 
      [
        0.6033628201667649, 
        -0.3953207896201131, 
        -0.6925854646101699
      ]
    ], 
    "trans_mat": [
      -0.048147226314068405, 
      0.08662387930358052, 
      0.7581952177578207
    ]
  }, 
  {
    "img": "/media/hdd/YCBvideo/YCB_Video_Dataset/YCB_Video_Dataset/data/0015/000020-label.png", 
    "mask": "/media/hdd/YCBvideo/YCB_Video_Dataset/Generated_YCB_Video_Dataset/mask/0015/000020-mask-00.png", 
    "depth_minmax": [
      0.706, 
      0.837
    ], 
    "model": "/media/hdd/YCBvideo/YCB_Video_Dataset/YCB_Video_Dataset/models/004_sugar_box/textured.obj", 
    "rot_mat": [
      [
        -0.7482012080424658, 
        0.6600456455339355, 
        -0.06733478842544983
      ], 
      [
        0.44518948947660314, 
        0.4242020640426872, 
        -0.7885802476395636
      ], 
      [
        -0.49193546622323436, 
        -0.6199943430804012, 
        -0.6112337990095404
      ]
    ], 
    "trans_mat": [
      0.1071958296221319, 
      -0.0011003676520402877, 
      0.7839094943798882
    ]
  }, 
  {
    "img": "/media/hdd/YCBvideo/YCB_Video_Dataset/YCB_Video_Dataset/data/0015/000020-label.png", 
    "mask": "/media/hdd/YCBvideo/YCB_Video_Dataset/Generated_YCB_Video_Dataset/mask/0015/000020-mask-01.png", 
    "depth_minmax": [
      0.706, 
      0.789
    ], 
    "model": "/media/hdd/YCBvideo/YCB_Video_Dataset/YCB_Video_Dataset/models/008_pudding_box/textured.obj", 
    "rot_mat": [
      [
        0.7917789892181086, 
        0.3938247671084095, 
        0.4668914698297309
      ], 
      [
        0.08871185324054835, 
        -0.8304237616673974, 
        0.550024285013781
      ], 
      [
        0.6043307680715511, 
        -0.3940787479730103, 
        -0.6924499178951566
      ]
    ], 
    "trans_mat": [
      -0.049240737570160474, 
      0.08674877847186376, 
      0.7586540540709191
    ]
  }, 
  {
    "img": "/media/hdd/YCBvideo/YCB_Video_Dataset/YCB_Video_Dataset/data/0015/000021-label.png", 
    "mask": "/media/hdd/YCBvideo/YCB_Video_Dataset/Generated_YCB_Video_Dataset/mask/0015/000021-mask-00.png", 
    "depth_minmax": [
      0.706, 
      0.839
    ], 
    "model": "/media/hdd/YCBvideo/YCB_Video_Dataset/YCB_Video_Dataset/models/004_sugar_box/textured.obj", 
    "rot_mat": [
      [
        -0.7475194947479613, 
        0.6607885908734646, 
        -0.06762422259378562
      ], 
      [
        0.44592075607727966, 
        0.42376604841168597, 
        -0.7884009816383384
      ], 
      [
        -0.49230990526627494, 
        -0.6195007012960413, 
        -0.6114329619717963
      ]
    ], 
    "trans_mat": [
      0.106789900079935, 
      -0.0011910954747011496, 
      0.7843337676796371
    ]
  }, 
  {
    "img": "/media/hdd/YCBvideo/YCB_Video_Dataset/YCB_Video_Dataset/data/0015/000021-label.png", 
    "mask": "/media/hdd/YCBvideo/YCB_Video_Dataset/Generated_YCB_Video_Dataset/mask/0015/000021-mask-01.png", 
    "depth_minmax": [
      0.706, 
      0.786
    ], 
    "model": "/media/hdd/YCBvideo/YCB_Video_Dataset/YCB_Video_Dataset/models/008_pudding_box/textured.obj", 
    "rot_mat": [
      [
        0.7914798441583745, 
        0.39336537340128946, 
        0.467785865185579
      ], 
      [
        0.08792089953679569, 
        -0.8306782738962917, 
        0.5497661905268453
      ], 
      [
        0.6048388393514968, 
        -0.39400065680129426, 
        -0.6920507710826167
      ]
    ], 
    "trans_mat": [
      -0.04955660338199001, 
      0.08679550942242313, 
      0.7589989837442294
    ]
  }, 
  {
    "img": "/media/hdd/YCBvideo/YCB_Video_Dataset/YCB_Video_Dataset/data/0015/000022-label.png", 
    "mask": "/media/hdd/YCBvideo/YCB_Video_Dataset/Generated_YCB_Video_Dataset/mask/0015/000022-mask-00.png", 
    "depth_minmax": [
      0.706, 
      0.841
    ], 
    "model": "/media/hdd/YCBvideo/YCB_Video_Dataset/YCB_Video_Dataset/models/004_sugar_box/textured.obj", 
    "rot_mat": [
      [
        -0.747616853749803, 
        0.6606796474633475, 
        -0.06760578798837509
      ], 
      [
        0.44587918669689863, 
        0.4238802052128685, 
        -0.788363126874044
      ], 
      [
        -0.4921994080330892, 
        -0.6195386612357373, 
        -0.6114834876314977
      ]
    ], 
    "trans_mat": [
      0.10705111970434816, 
      -0.0008973334546371592, 
      0.7845273084719397
    ]
  }, 
  {
    "img": "/media/hdd/YCBvideo/YCB_Video_Dataset/YCB_Video_Dataset/data/0015/000022-label.png", 
    "mask": "/media/hdd/YCBvideo/YCB_Video_Dataset/Generated_YCB_Video_Dataset/mask/0015/000022-mask-01.png", 
    "depth_minmax": [
      0.706, 
      0.789
    ], 
    "model": "/media/hdd/YCBvideo/YCB_Video_Dataset/YCB_Video_Dataset/models/008_pudding_box/textured.obj", 
    "rot_mat": [
      [
        0.7915333220665374, 
        0.3934106443606377, 
        0.4676563354984151
      ], 
      [
        0.08795877575262465, 
        -0.8306084598705641, 
        0.5498656096927456
      ], 
      [
        0.6047627416298638, 
        -0.3941023327063901, 
        -0.6920594075181181
      ]
    ], 
    "trans_mat": [
      -0.049307111568204644, 
      0.08707487870561065, 
      0.7592152507446296
    ]
  }, 
  {
    "img": "/media/hdd/YCBvideo/YCB_Video_Dataset/YCB_Video_Dataset/data/0015/000023-label.png", 
    "mask": "/media/hdd/YCBvideo/YCB_Video_Dataset/Generated_YCB_Video_Dataset/mask/0015/000023-mask-00.png", 
    "depth_minmax": [
      0.706, 
      0.842
    ], 
    "model": "/media/hdd/YCBvideo/YCB_Video_Dataset/YCB_Video_Dataset/models/004_sugar_box/textured.obj", 
    "rot_mat": [
      [
        -0.7476497580798015, 
        0.6604304580098225, 
        -0.06964432607959449
      ], 
      [
        0.44656765948826044, 
        0.4223634015891898, 
        -0.7887879743955408
      ], 
      [
        -0.49152444727735173, 
        -0.6208385239936968, 
        -0.6107065740319574
      ]
    ], 
    "trans_mat": [
      0.10790345832062856, 
      -0.0006970541052485251, 
      0.7845279321328852
    ]
  }, 
  {
    "img": "/media/hdd/YCBvideo/YCB_Video_Dataset/YCB_Video_Dataset/data/0015/000023-label.png", 
    "mask": "/media/hdd/YCBvideo/YCB_Video_Dataset/Generated_YCB_Video_Dataset/mask/0015/000023-mask-01.png", 
    "depth_minmax": [
      0.707, 
      0.789
    ], 
    "model": "/media/hdd/YCBvideo/YCB_Video_Dataset/YCB_Video_Dataset/models/008_pudding_box/textured.obj", 
    "rot_mat": [
      [
        0.7925193607369825, 
        0.39161632619682735, 
        0.46749212085344516
      ], 
      [
        0.08730127547274856, 
        -0.8315322221288779, 
        0.5485735025234797
      ], 
      [
        0.6035649274142282, 
        -0.3939421767669044, 
        -0.6931944855349162
      ]
    ], 
    "trans_mat": [
      -0.048359498010372946, 
      0.0874859615768749, 
      0.7593614382861704
    ]
  }, 
  {
    "img": "/media/hdd/YCBvideo/YCB_Video_Dataset/YCB_Video_Dataset/data/0015/000024-label.png", 
    "mask": "/media/hdd/YCBvideo/YCB_Video_Dataset/Generated_YCB_Video_Dataset/mask/0015/000024-mask-00.png", 
    "depth_minmax": [
      0.706, 
      0.839
    ], 
    "model": "/media/hdd/YCBvideo/YCB_Video_Dataset/YCB_Video_Dataset/models/004_sugar_box/textured.obj", 
    "rot_mat": [
      [
        -0.7483121643431206, 
        0.6597403612278493, 
        -0.06908028956507223
      ], 
      [
        0.4452289204331032, 
        0.42232836768707455, 
        -0.7895626850288007
      ], 
      [
        -0.49173178578410165, 
        -0.6215958531818991, 
        -0.6097688637702846
      ]
    ], 
    "trans_mat": [
      0.10855720873071972, 
      0.00041525348783861795, 
      0.7846964415003047
    ]
  }, 
  {
    "img": "/media/hdd/YCBvideo/YCB_Video_Dataset/YCB_Video_Dataset/data/0015/000024-label.png", 
    "mask": "/media/hdd/YCBvideo/YCB_Video_Dataset/Generated_YCB_Video_Dataset/mask/0015/000024-mask-01.png", 
    "depth_minmax": [
      0.707, 
      0.786
    ], 
    "model": "/media/hdd/YCBvideo/YCB_Video_Dataset/YCB_Video_Dataset/models/008_pudding_box/textured.obj", 
    "rot_mat": [
      [
        0.7926766122543332, 
        0.39231335682838986, 
        0.46664207760810217
      ], 
      [
        0.08881465017390254, 
        -0.8315810650783171, 
        0.5482557943870329
      ], 
      [
        0.6031387070480715, 
        -0.3931446709348757, 
        -0.6940179892700895
      ]
    ], 
    "trans_mat": [
      -0.047807108285646265, 
      0.0884078974145804, 
      0.7594925039415645
    ]
  }, 
  {
    "img": "/media/hdd/YCBvideo/YCB_Video_Dataset/YCB_Video_Dataset/data/0015/000025-label.png", 
    "mask": "/media/hdd/YCBvideo/YCB_Video_Dataset/Generated_YCB_Video_Dataset/mask/0015/000025-mask-00.png", 
