[
  {
    "img": "/media/hdd/YCBvideo/YCB_Video_Dataset/YCB_Video_Dataset/data/0016/000001-label.png", 
    "mask": "/media/hdd/YCBvideo/YCB_Video_Dataset/Generated_YCB_Video_Dataset/mask/0016/000001-mask-01.png", 
    "depth_minmax": [
      0.9, 
      0.95
    ], 
    "model": "/media/hdd/YCBvideo/YCB_Video_Dataset/YCB_Video_Dataset/models/009_gelatin_box/textured.obj", 
    "rot_mat": [
      [
        -0.9860412025821781, 
        -0.16557906214780446, 
        -0.017547482165467542
      ], 
      [
        -0.07047198204022426, 
        0.5104892537020898, 
        -0.8569913476384612
      ], 
      [
        0.15085779244609446, 
        -0.8437922377466034, 
        -0.5150309885544775
      ]
    ], 
    "trans_mat": [
      -0.14555705187668228, 
      0.07071931050087296, 
      0.9431659649843878
    ]
  }, 
  {
    "img": "/media/hdd/YCBvideo/YCB_Video_Dataset/YCB_Video_Dataset/data/0016/000001-label.png", 
    "mask": "/media/hdd/YCBvideo/YCB_Video_Dataset/Generated_YCB_Video_Dataset/mask/0016/000001-mask-02.png", 
    "depth_minmax": [
      0.844, 
      1.006
    ], 
    "model": "/media/hdd/YCBvideo/YCB_Video_Dataset/YCB_Video_Dataset/models/037_scissors/textured.obj", 
    "rot_mat": [
      [
        0.5707135155608167, 
        -0.8210969842201289, 
        0.009303762368483043
      ], 
      [
        0.42060670168504233, 
        0.30204124780881975, 
        0.8554890148576052
      ], 
      [
        -0.7052499041325611, 
        -0.48432593835548987, 
        0.5177371246823692
      ]
    ], 
    "trans_mat": [
      -0.016924296343361678, 
      0.08668446428883622, 
      0.9276212187850561
    ]
  }, 
  {
    "img": "/media/hdd/YCBvideo/YCB_Video_Dataset/YCB_Video_Dataset/data/0016/000001-label.png", 
    "mask": "/media/hdd/YCBvideo/YCB_Video_Dataset/Generated_YCB_Video_Dataset/mask/0016/000001-mask-00.png", 
    "depth_minmax": [
      0.885, 
      1.016
    ], 
    "model": "/media/hdd/YCBvideo/YCB_Video_Dataset/YCB_Video_Dataset/models/006_mustard_bottle/textured.obj", 
    "rot_mat": [
      [
        -0.7237387476910381, 
        0.2301209099724256, 
        -0.6505744793404956
      ], 
      [
        0.03564530006487993, 
        -0.9290348276733684, 
        -0.3682716643199781
      ], 
      [
        -0.6891528856646285, 
        -0.2897219342073661, 
        0.664175270922522
      ]
    ], 
    "trans_mat": [
      0.16526302023865946, 
      0.035085349748042886, 
      0.9619455527848574
    ]
  }, 
  {
    "img": "/media/hdd/YCBvideo/YCB_Video_Dataset/YCB_Video_Dataset/data/0016/000002-label.png", 
    "mask": "/media/hdd/YCBvideo/YCB_Video_Dataset/Generated_YCB_Video_Dataset/mask/0016/000002-mask-01.png", 
    "depth_minmax": [
      0.899, 
      0.946
    ], 
    "model": "/media/hdd/YCBvideo/YCB_Video_Dataset/YCB_Video_Dataset/models/009_gelatin_box/textured.obj", 
    "rot_mat": [
      [
        -0.9860106582238553, 
        -0.16572142374972582, 
        -0.01790178836986633
      ], 
      [
        -0.07029837614054618, 
        0.5108160873294816, 
        -0.8568104171408066
      ], 
      [
        0.15113703177075755, 
        -0.8435663478632409, 
        -0.5153201840591762
      ]
    ], 
    "trans_mat": [
      -0.1452234743902192, 
      0.06977526883865101, 
      0.94348216772566
    ]
  }, 
  {
    "img": "/media/hdd/YCBvideo/YCB_Video_Dataset/YCB_Video_Dataset/data/0016/000002-label.png", 
    "mask": "/media/hdd/YCBvideo/YCB_Video_Dataset/Generated_YCB_Video_Dataset/mask/0016/000002-mask-02.png", 
    "depth_minmax": [
      0.845, 
      1.005
    ], 
    "model": "/media/hdd/YCBvideo/YCB_Video_Dataset/YCB_Video_Dataset/models/037_scissors/textured.obj", 
    "rot_mat": [
      [
        0.5705929074715601, 
        -0.8211763938658934, 
        0.009658558884588494
      ], 
      [
        0.4207178628911927, 
        0.3023947271482695, 
        0.8553090409096954
      ], 
      [
        -0.7052813563458421, 
        -0.4839697948102226, 
        0.5180283417733723
      ]
    ], 
    "trans_mat": [
      -0.01659188363367963, 
      0.08571635462494163, 
      0.9279033215860052
    ]
  }, 
  {
    "img": "/media/hdd/YCBvideo/YCB_Video_Dataset/YCB_Video_Dataset/data/0016/000002-label.png", 
    "mask": "/media/hdd/YCBvideo/YCB_Video_Dataset/Generated_YCB_Video_Dataset/mask/0016/000002-mask-00.png", 
    "depth_minmax": [
      0.885, 
      1.019
    ], 
    "model": "/media/hdd/YCBvideo/YCB_Video_Dataset/YCB_Video_Dataset/models/006_mustard_bottle/textured.obj", 
    "rot_mat": [
      [
        -0.7239420686351618, 
        0.22981925527636524, 
        -0.6504544887146151
      ], 
      [
        0.03604686374639752, 
        -0.9289876810779865, 
        -0.3683505233513389
      ], 
      [
        -0.6889182917909361, 
        -0.29011196960004837, 
        0.6642492504467225
      ]
    ], 
    "trans_mat": [
      0.1655941114075916, 
      0.0340638725070787, 
      0.9621538952547081
    ]
  }, 
  {
    "img": "/media/hdd/YCBvideo/YCB_Video_Dataset/YCB_Video_Dataset/data/0016/000003-label.png", 
    "mask": "/media/hdd/YCBvideo/YCB_Video_Dataset/Generated_YCB_Video_Dataset/mask/0016/000003-mask-01.png", 
    "depth_minmax": [
      0.902, 
      0.951
    ], 
    "model": "/media/hdd/YCBvideo/YCB_Video_Dataset/YCB_Video_Dataset/models/009_gelatin_box/textured.obj", 
    "rot_mat": [
      [
        -0.9858308199210309, 
        -0.16682055613617336, 
        -0.017585474543676597
      ], 
      [
        -0.07141610643252383, 
        0.5122570854460914, 
        -0.8558574486601288
      ], 
      [
        0.15178229820433983, 
        -0.8424749159464681, 
        -0.5169117376297153
      ]
    ], 
    "trans_mat": [
      -0.1451079675115606, 
      0.0692690875972225, 
      0.9439620533114568
    ]
  }, 
  {
    "img": "/media/hdd/YCBvideo/YCB_Video_Dataset/YCB_Video_Dataset/data/0016/000003-label.png", 
    "mask": "/media/hdd/YCBvideo/YCB_Video_Dataset/Generated_YCB_Video_Dataset/mask/0016/000003-mask-02.png", 
    "depth_minmax": [
      0.846, 
      1.007
    ], 
    "model": "/media/hdd/YCBvideo/YCB_Video_Dataset/YCB_Video_Dataset/models/037_scissors/textured.obj", 
    "rot_mat": [
      [
        0.5696787383709428, 
        -0.8218142655732046, 
        0.009345663926198082
      ], 
      [
        0.4225227520728199, 
        0.3026069922483949, 
        0.8543440201723199
      ], 
      [
        -0.7049400221521634, 
        -0.4827535015740914, 
        0.5196235716584893
      ]
    ], 
    "trans_mat": [
      -0.01650228480961436, 
      0.08534821497397542, 
      0.9283117151334594
    ]
  }, 
  {
    "img": "/media/hdd/YCBvideo/YCB_Video_Dataset/YCB_Video_Dataset/data/0016/000003-label.png", 
    "mask": "/media/hdd/YCBvideo/YCB_Video_Dataset/Generated_YCB_Video_Dataset/mask/0016/000003-mask-00.png", 
    "depth_minmax": [
      0.885, 
      1.019
    ], 
    "model": "/media/hdd/YCBvideo/YCB_Video_Dataset/YCB_Video_Dataset/models/006_mustard_bottle/textured.obj", 
    "rot_mat": [
      [
        -0.724517115491539, 
        0.23037458303632918, 
        -0.649616981018122
      ], 
      [
        0.036726304210171284, 
        -0.9282473482541468, 
        -0.37014613138885
      ], 
      [
        -0.688277683360956, 
        -0.29203495118079537, 
        0.6640692521471897
      ]
    ], 
    "trans_mat": [
      0.16575431540954408, 
      0.033785759527344916, 
      0.962321619082876
    ]
  }, 
  {
    "img": "/media/hdd/YCBvideo/YCB_Video_Dataset/YCB_Video_Dataset/data/0016/000004-label.png", 
    "mask": "/media/hdd/YCBvideo/YCB_Video_Dataset/Generated_YCB_Video_Dataset/mask/0016/000004-mask-01.png", 
    "depth_minmax": [
      0.901, 
      0.951
    ], 
    "model": "/media/hdd/YCBvideo/YCB_Video_Dataset/YCB_Video_Dataset/models/009_gelatin_box/textured.obj", 
    "rot_mat": [
      [
        -0.9858258462432891, 
        -0.16687660854929345, 
        -0.017337209758077912
      ], 
      [
        -0.07144765861417532, 
        0.5110694500836716, 
        -0.856565142276185
      ], 
      [
        0.15180084103302682, 
        -0.8431855635579646, 
        -0.5157479892842827
      ]
    ], 
    "trans_mat": [
      -0.1459802557967905, 
      0.06999659990302823, 
      0.9440229937942322
    ]
  }, 
  {
    "img": "/media/hdd/YCBvideo/YCB_Video_Dataset/YCB_Video_Dataset/data/0016/000004-label.png", 
    "mask": "/media/hdd/YCBvideo/YCB_Video_Dataset/Generated_YCB_Video_Dataset/mask/0016/000004-mask-02.png", 
    "depth_minmax": [
      0.845, 
      1.008
    ], 
    "model": "/media/hdd/YCBvideo/YCB_Video_Dataset/YCB_Video_Dataset/models/037_scissors/textured.obj", 
    "rot_mat": [
      [
        0.56963336981685, 
        -0.8218486358090263, 
        0.009097546127890151
      ], 
      [
        0.42170041116533313, 
        0.30175094434619915, 
        0.8550534154998591
      ], 
      [
        -0.705469737744175, 
        -0.48323102545231555, 
        0.5184612259515724
      ]
    ], 
    "trans_mat": [
      -0.017377188913967438, 
      0.0860854913916113, 
      0.9283610301174277
    ]
  }, 
  {
    "img": "/media/hdd/YCBvideo/YCB_Video_Dataset/YCB_Video_Dataset/data/0016/000004-label.png", 
    "mask": "/media/hdd/YCBvideo/YCB_Video_Dataset/Generated_YCB_Video_Dataset/mask/0016/000004-mask-00.png", 
    "depth_minmax": [
      0.885, 
      1.019
    ], 
    "model": "/media/hdd/YCBvideo/YCB_Video_Dataset/YCB_Video_Dataset/models/006_mustard_bottle/textured.obj", 
    "rot_mat": [
      [
        -0.7244707402783741, 
        0.23062228405416993, 
        -0.6495809863423136
      ], 
      [
        0.03561404850466086, 
        -0.9285888979164548, 
        -0.36939878086505934
      ], 
      [
        -0.6883854746095077, 
        -0.290752874235596, 
        0.6645212863101013
      ]
    ], 
    "trans_mat": [
      0.16488914817228395, 
      0.034613411762755876, 
      0.9624556729265136
    ]
  }, 
  {
    "img": "/media/hdd/YCBvideo/YCB_Video_Dataset/YCB_Video_Dataset/data/0016/000005-label.png", 
    "mask": "/media/hdd/YCBvideo/YCB_Video_Dataset/Generated_YCB_Video_Dataset/mask/0016/000005-mask-01.png", 
    "depth_minmax": [
      0.903, 
      0.951
    ], 
    "model": "/media/hdd/YCBvideo/YCB_Video_Dataset/YCB_Video_Dataset/models/009_gelatin_box/textured.obj", 
    "rot_mat": [
      [
        -0.9860838985927972, 
        -0.16526187427806474, 
        -0.018092172074229144
      ], 
      [
        -0.06985781488509264, 
        0.5106417324205723, 
        -0.8569503457821843
      ], 
      [
        0.1508603035977521, 
        -0.8437618593309602, 
        -0.515080579420422
      ]
    ], 
    "trans_mat": [
      -0.1466637399065262, 
      0.07152468223978842, 
      0.9439060360887439
    ]
  }, 
  {
    "img": "/media/hdd/YCBvideo/YCB_Video_Dataset/YCB_Video_Dataset/data/0016/000005-label.png", 
    "mask": "/media/hdd/YCBvideo/YCB_Video_Dataset/Generated_YCB_Video_Dataset/mask/0016/000005-mask-02.png", 
    "depth_minmax": [
      0.845, 
      1.008
    ], 
    "model": "/media/hdd/YCBvideo/YCB_Video_Dataset/YCB_Video_Dataset/models/037_scissors/textured.obj", 
    "rot_mat": [
      [
        0.5709741817076442, 
        -0.8209085942556587, 
        0.009847527777938772
      ], 
      [
        0.4202863054419504, 
        0.3025873116963136, 
        0.8554530656869956
      ], 
      [
        -0.7052295698789126, 
        -0.48430316145057806, 
        0.5177866841490258
      ]
    ], 
    "trans_mat": [
      -0.018021109916871208, 
      0.08740947546708053, 
      0.9283613550989985
    ]
  }, 
  {
    "img": "/media/hdd/YCBvideo/YCB_Video_Dataset/YCB_Video_Dataset/data/0016/000005-label.png", 
    "mask": "/media/hdd/YCBvideo/YCB_Video_Dataset/Generated_YCB_Video_Dataset/mask/0016/000005-mask-00.png", 
    "depth_minmax": [
      0.885, 
      1.016
    ], 
    "model": "/media/hdd/YCBvideo/YCB_Video_Dataset/YCB_Video_Dataset/models/006_mustard_bottle/textured.obj", 
    "rot_mat": [
      [
        -0.7237200518529706, 
        0.22953194851055136, 
        -0.6508022803200498
      ], 
      [
        0.03614173210522467, 
        -0.9291630723265772, 
        -0.3678985150889345
      ], 
      [
        -0.6891462191709957, 
        -0.28977727026105454, 
        0.6641584813733459
      ]
    ], 
    "trans_mat": [
      0.16413367467703588, 
      0.03569336790697764, 
      0.9626815059879573
    ]
  }, 
  {
    "img": "/media/hdd/YCBvideo/YCB_Video_Dataset/YCB_Video_Dataset/data/0016/000006-label.png", 
    "mask": "/media/hdd/YCBvideo/YCB_Video_Dataset/Generated_YCB_Video_Dataset/mask/0016/000006-mask-01.png", 
    "depth_minmax": [
      0.901, 
      0.951
    ], 
    "model": "/media/hdd/YCBvideo/YCB_Video_Dataset/YCB_Video_Dataset/models/009_gelatin_box/textured.obj", 
    "rot_mat": [
      [
        -0.9863129062373679, 
        -0.16399518254207807, 
        -0.017136014552930852
      ], 
      [
        -0.06997992286991224, 
        0.5104352102344302, 
        -0.8570641689787449
      ], 
      [
        0.14930094022350313, 
        -0.8441340289381336, 
        -0.5149247247410186
      ]
    ], 
    "trans_mat": [
      -0.14866189275064418, 
      0.07233486763405202, 
      0.9436314150267885
    ]
  }, 
  {
    "img": "/media/hdd/YCBvideo/YCB_Video_Dataset/YCB_Video_Dataset/data/0016/000006-label.png", 
    "mask": "/media/hdd/YCBvideo/YCB_Video_Dataset/Generated_YCB_Video_Dataset/mask/0016/000006-mask-02.png", 
    "depth_minmax": [
      0.846, 
      1.009
    ], 
    "model": "/media/hdd/YCBvideo/YCB_Video_Dataset/YCB_Video_Dataset/models/037_scissors/textured.obj", 
    "rot_mat": [
      [
        0.572033345332229, 
        -0.8201824315490814, 
        0.00888729289526868
      ], 
      [
        0.4202247312003701, 
        0.30235507930316957, 
        0.8555661772269937
      ], 
      [
        -0.7044072613698573, 
        -0.4856778477125933, 
        0.5176179855073044
      ]
    ], 
    "trans_mat": [
      -0.01999704773065491, 
      0.08823648205559863, 
      0.9282887058076233
    ]
  }, 
  {
    "img": "/media/hdd/YCBvideo/YCB_Video_Dataset/YCB_Video_Dataset/data/0016/000006-label.png", 
    "mask": "/media/hdd/YCBvideo/YCB_Video_Dataset/Generated_YCB_Video_Dataset/mask/0016/000006-mask-00.png", 
    "depth_minmax": [
      0.885, 
      1.016
    ], 
    "model": "/media/hdd/YCBvideo/YCB_Video_Dataset/YCB_Video_Dataset/models/006_mustard_bottle/textured.obj", 
    "rot_mat": [
      [
        -0.7226253595932215, 
        0.23013966367300953, 
        -0.651804038050265
      ], 
      [
        0.03588062504163739, 
        -0.9291898431585264, 
        -0.3678582179176396
      ], 
      [
        -0.690308252882827, 
        -0.2892109573042543, 
        0.6631975548633348
      ]
    ], 
    "trans_mat": [
      0.16211091581771303, 
      0.03655622834039049, 
      0.9629106896808397
    ]
  }, 
  {
    "img": "/media/hdd/YCBvideo/YCB_Video_Dataset/YCB_Video_Dataset/data/0016/000007-label.png", 
    "mask": "/media/hdd/YCBvideo/YCB_Video_Dataset/Generated_YCB_Video_Dataset/mask/0016/000007-mask-01.png", 
    "depth_minmax": [
      0.899, 
      0.945
    ], 
    "model": "/media/hdd/YCBvideo/YCB_Video_Dataset/YCB_Video_Dataset/models/009_gelatin_box/textured.obj", 
    "rot_mat": [
      [
        -0.9867187307075171, 
        -0.1616869955291469, 
        -0.01564933317262987
      ], 
      [
        -0.0697925895464334, 
        0.5089587207180556, 
        -0.8579564275086826
      ], 
      [
        0.14668515396553375, 
        -0.8454698201455205, 
        -0.5134834345977375
      ]
    ], 
    "trans_mat": [
      -0.15125279990246596, 
      0.07433869485861666, 
      0.9433692275534513
    ]
  }, 
  {
    "img": "/media/hdd/YCBvideo/YCB_Video_Dataset/YCB_Video_Dataset/data/0016/000007-label.png", 
    "mask": "/media/hdd/YCBvideo/YCB_Video_Dataset/Generated_YCB_Video_Dataset/mask/0016/000007-mask-02.png", 
    "depth_minmax": [
      0.845, 
      1.009
    ], 
    "model": "/media/hdd/YCBvideo/YCB_Video_Dataset/YCB_Video_Dataset/models/037_scissors/textured.obj", 
    "rot_mat": [
      [
        0.5739572033510191, 
        -0.8188522756057384, 
        0.007393271055827214
      ], 
      [
        0.4190441572888792, 
        0.30145281753439424, 
        0.8564625089743804
      ], 
      [
        -0.7035453387555815, 
        -0.48847513725562075, 
        0.5161563944059643
      ]
    ], 
    "trans_mat": [
      -0.022546941756785732, 
      0.09022302457104649, 
      0.9283559831129709
    ]
  }, 
  {
    "img": "/media/hdd/YCBvideo/YCB_Video_Dataset/YCB_Video_Dataset/data/0016/000007-label.png", 
    "mask": "/media/hdd/YCBvideo/YCB_Video_Dataset/Generated_YCB_Video_Dataset/mask/0016/000007-mask-00.png", 
    "depth_minmax": [
      0.885, 
      1.022
    ], 
    "model": "/media/hdd/YCBvideo/YCB_Video_Dataset/YCB_Video_Dataset/models/006_mustard_bottle/textured.obj", 
    "rot_mat": [
      [
        -0.7207097992516668, 
        0.23100404575867048, 
        -0.653616800245324
      ], 
      [
        0.03463121281695037, 
        -0.9296726527364721, 
        -0.36675499478752943
      ], 
      [
        -0.6923717572541606, 
        -0.2869597220823625, 
        0.6620237246978411
      ]
    ], 
    "trans_mat": [
      0.1594677750392868, 
      0.03861613418383849, 
      0.9635726371273835
    ]
  }, 
  {
    "img": "/media/hdd/YCBvideo/YCB_Video_Dataset/YCB_Video_Dataset/data/0016/000008-label.png", 
    "mask": "/media/hdd/YCBvideo/YCB_Video_Dataset/Generated_YCB_Video_Dataset/mask/0016/000008-mask-01.png", 
    "depth_minmax": [
      0.899, 
      0.946
    ], 
    "model": "/media/hdd/YCBvideo/YCB_Video_Dataset/YCB_Video_Dataset/models/009_gelatin_box/textured.obj", 
    "rot_mat": [
      [
        -0.9869157580808485, 
        -0.16054134964454503, 
        -0.014971115141378666
      ], 
      [
        -0.06954435879486578, 
        0.5076025711758596, 
        -0.8587799280292995
      ], 
      [
        0.14546903658323368, 
        -0.8465023556772026, 
        -0.5121254970672436
      ]
    ], 
    "trans_mat": [
      -0.15299500923048173, 
      0.07620180532159411, 
      0.9435936293481205
    ]
  }, 
  {
    "img": "/media/hdd/YCBvideo/YCB_Video_Dataset/YCB_Video_Dataset/data/0016/000008-label.png", 
    "mask": "/media/hdd/YCBvideo/YCB_Video_Dataset/Generated_YCB_Video_Dataset/mask/0016/000008-mask-02.png", 
    "depth_minmax": [
      0.845, 
      1.011
    ], 
    "model": "/media/hdd/YCBvideo/YCB_Video_Dataset/YCB_Video_Dataset/models/037_scissors/textured.obj", 
    "rot_mat": [
      [
        0.5749094493779264, 
        -0.8181892175146346, 
        0.006711445392976833
      ], 
      [
        0.4179066106065791, 
        0.3006785542386113, 
        0.8572904088585435
      ], 
      [
        -0.7034439529082822, 
        -0.49005976279893826, 
        0.514789738608724
      ]
    ], 
    "trans_mat": [
      -0.024268894459597037, 
      0.09206036559766129, 
      0.9287281143038223
    ]
  }, 
  {
    "img": "/media/hdd/YCBvideo/YCB_Video_Dataset/YCB_Video_Dataset/data/0016/000008-label.png", 
    "mask": "/media/hdd/YCBvideo/YCB_Video_Dataset/Generated_YCB_Video_Dataset/mask/0016/000008-mask-00.png", 
    "depth_minmax": [
      0.887, 
      1.018
    ], 
    "model": "/media/hdd/YCBvideo/YCB_Video_Dataset/YCB_Video_Dataset/models/006_mustard_bottle/textured.obj", 
    "rot_mat": [
      [
        -0.7197764764279919, 
        0.23137598923571123, 
        -0.6545122714125977
      ], 
      [
        0.03352854117493161, 
        -0.9301354685511791, 
        -0.3656831611908295
      ], 
      [
        -0.6933953342423813, 
        -0.2851553273067851, 
        0.6617312952386207
      ]
    ], 
    "trans_mat": [
      0.15769739538137614, 
      0.040507755188780276, 
      0.964272468626054
    ]
  }, 
  {
    "img": "/media/hdd/YCBvideo/YCB_Video_Dataset/YCB_Video_Dataset/data/0016/000009-label.png", 
    "mask": "/media/hdd/YCBvideo/YCB_Video_Dataset/Generated_YCB_Video_Dataset/mask/0016/000009-mask-01.png", 
    "depth_minmax": [
      0.901, 
      0.952
    ], 
    "model": "/media/hdd/YCBvideo/YCB_Video_Dataset/YCB_Video_Dataset/models/009_gelatin_box/textured.obj", 
    "rot_mat": [
      [
        -0.9869944611437341, 
        -0.16021867081544816, 
        -0.013122336206348215
      ], 
      [
        -0.07037721689070145, 
        0.5040475668275164, 
        -0.8608039212720904
      ], 
      [
        0.14453080367601398, 
        -0.8486856129521422, 
        -0.5087671659020039
      ]
    ], 
    "trans_mat": [
      -0.15544412381304615, 
      0.07981240139230408, 
      0.9443195262972774
    ]
  }, 
  {
    "img": "/media/hdd/YCBvideo/YCB_Video_Dataset/YCB_Video_Dataset/data/0016/000009-label.png", 
    "mask": "/media/hdd/YCBvideo/YCB_Video_Dataset/Generated_YCB_Video_Dataset/mask/0016/000009-mask-02.png", 
    "depth_minmax": [
      0.848, 
      1.007
    ], 
    "model": "/media/hdd/YCBvideo/YCB_Video_Dataset/YCB_Video_Dataset/models/037_scissors/textured.obj", 
    "rot_mat": [
      [
        0.5751818630538589, 
        -0.8180107675752019, 
        0.0048615134103726105
      ], 
      [
        0.41596036205924647, 
        0.2975884041132225, 
        0.8593131176339089
      ], 
      [
        -0.7043743521765788, 
        -0.4922397525921114, 
        0.511427107045308
      ]
    ], 
    "trans_mat": [
      -0.026722430568622054, 
      0.09579566059363868, 
      0.9295496980657595
    ]
  }, 
  {
    "img": "/media/hdd/YCBvideo/YCB_Video_Dataset/YCB_Video_Dataset/data/0016/000009-label.png", 
    "mask": "/media/hdd/YCBvideo/YCB_Video_Dataset/Generated_YCB_Video_Dataset/mask/0016/000009-mask-00.png", 
    "depth_minmax": [
      0.89, 
      1.018
    ], 
    "model": "/media/hdd/YCBvideo/YCB_Video_Dataset/YCB_Video_Dataset/models/006_mustard_bottle/textured.obj", 
    "rot_mat": [
      [
        -0.7189688828078387, 
        0.23304604345365243, 
        -0.6548072512611202
      ], 
      [
        0.029782654975054522, 
        -0.9309175201573027, 
        -0.3640143371320754
      ], 
      [
        -0.6944038661750941, 
        -0.2812165833184936, 
        0.6623593467242993
      ]
    ], 
    "trans_mat": [
      0.1552728845024003, 
      0.04464192210819558, 
      0.9655193328131302
    ]
  }, 
  {
    "img": "/media/hdd/YCBvideo/YCB_Video_Dataset/YCB_Video_Dataset/data/0016/000010-label.png", 
    "mask": "/media/hdd/YCBvideo/YCB_Video_Dataset/Generated_YCB_Video_Dataset/mask/0016/000010-mask-01.png", 
    "depth_minmax": [
      0.901, 
      0.952
    ], 
    "model": "/media/hdd/YCBvideo/YCB_Video_Dataset/YCB_Video_Dataset/models/009_gelatin_box/textured.obj", 
    "rot_mat": [
      [
        -0.9872393207694682, 
        -0.15845778742804922, 
        -0.015806147912711514
      ], 
      [
        -0.06686181556388616, 
        0.5025490130373343, 
        -0.861959469265701
      ], 
      [
        0.14452790620688338, 
        -0.849903330271853, 
        -0.506730742750215
      ]
    ], 
    "trans_mat": [
      -0.15485467226343574, 
      0.08118865320888713, 
      0.9450306281607964
    ]
  }, 
  {
    "img": "/media/hdd/YCBvideo/YCB_Video_Dataset/YCB_Video_Dataset/data/0016/000010-label.png", 
    "mask": "/media/hdd/YCBvideo/YCB_Video_Dataset/Generated_YCB_Video_Dataset/mask/0016/000010-mask-02.png", 
    "depth_minmax": [
      0.847, 
      1.011
    ], 
    "model": "/media/hdd/YCBvideo/YCB_Video_Dataset/YCB_Video_Dataset/models/037_scissors/textured.obj", 
    "rot_mat": [
      [
        0.576631971577119, 
        -0.8169688111813311, 
        0.007540138094267932
      ], 
      [
        0.412440328102328, 
        0.2990499214555065, 
        0.8605015295719589
      ], 
      [
        -0.7052581156981249, 
        -0.4930825930332691, 
        0.5093927893292893
      ]
    ], 
    "trans_mat": [
      -0.02607983786359056, 
      0.09672304615205644, 
      0.9302450615718477
    ]
  }, 
  {
    "img": "/media/hdd/YCBvideo/YCB_Video_Dataset/YCB_Video_Dataset/data/0016/000010-label.png", 
    "mask": "/media/hdd/YCBvideo/YCB_Video_Dataset/Generated_YCB_Video_Dataset/mask/0016/000010-mask-00.png", 
    "depth_minmax": [
      0.887, 
      1.018
    ], 
    "model": "/media/hdd/YCBvideo/YCB_Video_Dataset/YCB_Video_Dataset/models/006_mustard_bottle/textured.obj", 
    "rot_mat": [
      [
        -0.7187552164494483, 
        0.23009811920676032, 
        -0.6560830280004627
      ], 
      [
        0.030449282228872755, 
        -0.9323250011537937, 
        -0.36033825418835747
      ], 
      [
        -0.6945953609308392, 
        -0.27897276868878623, 
        0.6631066699962329
      ]
    ], 
    "trans_mat": [
      0.1557441507512991, 
      0.04506987800694322, 
      0.966366809488325
    ]
  }, 
  {
    "img": "/media/hdd/YCBvideo/YCB_Video_Dataset/YCB_Video_Dataset/data/0016/000011-label.png", 
    "mask": "/media/hdd/YCBvideo/YCB_Video_Dataset/Generated_YCB_Video_Dataset/mask/0016/000011-mask-01.png", 
    "depth_minmax": [
      0.903, 
      0.953
    ], 
    "model": "/media/hdd/YCBvideo/YCB_Video_Dataset/YCB_Video_Dataset/models/009_gelatin_box/textured.obj", 
    "rot_mat": [
      [
        -0.9869540076075038, 
        -0.16011080560738236, 
        -0.016948829374890166
      ], 
      [
        -0.0670044855453051, 
        0.5041718761454416, 
        -0.8610000524745547
      ], 
      [
        0.14640045018607903, 
        -0.8486319033118525, 
        -0.5083220311737214
      ]
    ], 
    "trans_mat": [
      -0.15418681524981145, 
      0.08040921959055425, 
      0.9467768573331324
    ]
  }, 
  {
    "img": "/media/hdd/YCBvideo/YCB_Video_Dataset/YCB_Video_Dataset/data/0016/000011-label.png", 
    "mask": "/media/hdd/YCBvideo/YCB_Video_Dataset/Generated_YCB_Video_Dataset/mask/0016/000011-mask-02.png", 
    "depth_minmax": [
      0.853, 
      1.011
    ], 
    "model": "/media/hdd/YCBvideo/YCB_Video_Dataset/YCB_Video_Dataset/models/037_scissors/textured.obj", 
    "rot_mat": [
      [
        0.5752584746848621, 
        -0.8179256036129456, 
        0.00868802748590717
      ], 
      [
        0.4136939067392322, 
        0.3000867543843923, 
        0.8595381814651233
      ], 
      [
        -0.7056456290098048, 
        -0.49086266257123656, 
        0.5109980577723141
      ]
    ], 
    "trans_mat": [
      -0.025440040678202887, 
      0.09595453978228254, 
      0.9317598677730933
    ]
  }, 
  {
    "img": "/media/hdd/YCBvideo/YCB_Video_Dataset/YCB_Video_Dataset/data/0016/000011-label.png", 
    "mask": "/media/hdd/YCBvideo/YCB_Video_Dataset/Generated_YCB_Video_Dataset/mask/0016/000011-mask-00.png", 
    "depth_minmax": [
      0.892, 
      1.019
    ], 
    "model": "/media/hdd/YCBvideo/YCB_Video_Dataset/YCB_Video_Dataset/models/006_mustard_bottle/textured.obj", 
    "rot_mat": [
      [
        -0.7201565721277544, 
        0.22940676515708802, 
        -0.6547877204807844
      ], 
      [
        0.031853771172237866, 
        -0.9318273478150765, 
        -0.36150198452618304
      ], 
      [
        -0.6930799977659705, 
        -0.2811954902521184, 
        0.6637534527730671
      ]
    ], 
    "trans_mat": [
      0.15644981515286008, 
      0.04420943578892937, 
      0.9674159127744486
    ]
  }, 
  {
    "img": "/media/hdd/YCBvideo/YCB_Video_Dataset/YCB_Video_Dataset/data/0016/000012-label.png", 
    "mask": "/media/hdd/YCBvideo/YCB_Video_Dataset/Generated_YCB_Video_Dataset/mask/0016/000012-mask-01.png", 
    "depth_minmax": [
      0.903, 
      0.959
    ], 
    "model": "/media/hdd/YCBvideo/YCB_Video_Dataset/YCB_Video_Dataset/models/009_gelatin_box/textured.obj", 
    "rot_mat": [
      [
        -0.987071786037637, 
        -0.15924698712883778, 
        -0.01817341413976679
      ], 
      [
        -0.06558900800757701, 
        0.5047761388644153, 
        -0.8607550789678137
      ], 
      [
        0.1462463093373472, 
        -0.8484356750697714, 
        -0.5086949209195109
      ]
    ], 
    "trans_mat": [
      -0.15296162013336057, 
      0.08120496685991115, 
      0.9482318793423822
    ]
  }, 
  {
    "img": "/media/hdd/YCBvideo/YCB_Video_Dataset/YCB_Video_Dataset/data/0016/000012-label.png", 
    "mask": "/media/hdd/YCBvideo/YCB_Video_Dataset/Generated_YCB_Video_Dataset/mask/0016/000012-mask-02.png", 
    "depth_minmax": [
      0.85, 
      1.014
    ], 
    "model": "/media/hdd/YCBvideo/YCB_Video_Dataset/YCB_Video_Dataset/models/037_scissors/textured.obj", 
    "rot_mat": [
      [
        0.5759675380468661, 
        -0.8174123277742615, 
        0.00991009146120398
      ], 
      [
        0.41313525494131775, 
        0.3015227174337901, 
        0.8593044325844477
      ], 
      [
        -0.7053948547367817, 
        -0.49083765601216806, 
        0.5113692702856317
      ]
    ], 
    "trans_mat": [
      -0.024189811282481037, 
      0.09656387729334029, 
      0.9332379272863108
    ]
  }, 
  {
    "img": "/media/hdd/YCBvideo/YCB_Video_Dataset/YCB_Video_Dataset/data/0016/000012-label.png", 
    "mask": "/media/hdd/YCBvideo/YCB_Video_Dataset/Generated_YCB_Video_Dataset/mask/0016/000012-mask-00.png", 
    "depth_minmax": [
      0.892, 
      1.022
    ], 
    "model": "/media/hdd/YCBvideo/YCB_Video_Dataset/YCB_Video_Dataset/models/006_mustard_bottle/textured.obj", 
    "rot_mat": [
      [
        -0.7200193282891127, 
        0.22804674279388565, 
        -0.6554131533387194
      ], 
      [
        0.03323055634248146, 
        -0.9320490001596545, 
        -0.36080624551362683
      ], 
      [
        -0.6931580895004361, 
        -0.2815674597050525, 
        0.6635150158248525
      ]
    ], 
    "trans_mat": [
      0.15761774636585707, 
      0.044531040656630515, 
      0.968894827425247
    ]
  }, 
  {
    "img": "/media/hdd/YCBvideo/YCB_Video_Dataset/YCB_Video_Dataset/data/0016/000013-label.png", 
    "mask": "/media/hdd/YCBvideo/YCB_Video_Dataset/Generated_YCB_Video_Dataset/mask/0016/000013-mask-01.png", 
    "depth_minmax": [
      0.906, 
      0.96
    ], 
    "model": "/media/hdd/YCBvideo/YCB_Video_Dataset/YCB_Video_Dataset/models/009_gelatin_box/textured.obj", 
    "rot_mat": [
      [
        -0.9867651384147901, 
        -0.1611324042576198, 
        -0.018217367241517533
      ], 
      [
        -0.06620257728131268, 
        0.5028585237719916, 
        -0.8618299894786715
      ], 
      [
        0.1480295563280468, 
        -0.8492173701691137, 
        -0.506869235494876
      ]
    ], 
    "trans_mat": [
      -0.15174537990284612, 
      0.08260907312249759, 
      0.9497947127356519
    ]
  }, 
  {
    "img": "/media/hdd/YCBvideo/YCB_Video_Dataset/YCB_Video_Dataset/data/0016/000013-label.png", 
    "mask": "/media/hdd/YCBvideo/YCB_Video_Dataset/Generated_YCB_Video_Dataset/mask/0016/000013-mask-02.png", 
    "depth_minmax": [
      0.851, 
      1.015
    ], 
    "model": "/media/hdd/YCBvideo/YCB_Video_Dataset/YCB_Video_Dataset/models/037_scissors/textured.obj", 
    "rot_mat": [
      [
        0.5744049374679794, 
        -0.8185107653014451, 
        0.009959870744366826
      ], 
      [
        0.41220012114503946, 
        0.29973840314724787, 
        0.8603772307521922
      ], 
      [
        -0.7072133252451624, 
        -0.4900992506816762, 
        0.5095603845491582
      ]
    ], 
    "trans_mat": [
      -0.023013119792902645, 
      0.09805652543014719, 
      0.9345539326920957
    ]
  }, 
  {
    "img": "/media/hdd/YCBvideo/YCB_Video_Dataset/YCB_Video_Dataset/data/0016/000013-label.png", 
    "mask": "/media/hdd/YCBvideo/YCB_Video_Dataset/Generated_YCB_Video_Dataset/mask/0016/000013-mask-00.png", 
    "depth_minmax": [
      0.892, 
      1.027
    ], 
    "model": "/media/hdd/YCBvideo/YCB_Video_Dataset/YCB_Video_Dataset/models/006_mustard_bottle/textured.obj", 
    "rot_mat": [
      [
        -0.7212045816410145, 
        0.2284475634501401, 
        -0.6539691052626817
      ], 
      [
        0.031115894272472334, 
        -0.9324212717481489, 
        -0.36003244885963476
      ], 
      [
        -0.6920224146122189, 
        -0.28000525131970344, 
        0.6653572674557173
      ]
    ], 
    "trans_mat": [
      0.1589021733698975, 
      0.04626730881822607, 
      0.9700156333990554
    ]
  }, 
  {
    "img": "/media/hdd/YCBvideo/YCB_Video_Dataset/YCB_Video_Dataset/data/0016/000014-label.png", 
    "mask": "/media/hdd/YCBvideo/YCB_Video_Dataset/Generated_YCB_Video_Dataset/mask/0016/000014-mask-01.png", 
    "depth_minmax": [
      0.908, 
      0.957
    ], 
    "model": "/media/hdd/YCBvideo/YCB_Video_Dataset/YCB_Video_Dataset/models/009_gelatin_box/textured.obj", 
    "rot_mat": [
      [
        -0.9867382220201115, 
        -0.1614221541029093, 
        -0.017071895503263317
      ], 
      [
        -0.06692771186275662, 
        0.5004055346991946, 
        -0.8632007195758322
      ], 
      [
        0.14788289746695957, 
        -0.8506101662310439, 
        -0.5045727419489265
      ]
    ], 
    "trans_mat": [
      -0.15181363506716608, 
      0.08448896052253384, 
      0.951187678515028
    ]
  }, 
  {
    "img": "/media/hdd/YCBvideo/YCB_Video_Dataset/YCB_Video_Dataset/data/0016/000014-label.png", 
    "mask": "/media/hdd/YCBvideo/YCB_Video_Dataset/Generated_YCB_Video_Dataset/mask/0016/000014-mask-02.png", 
    "depth_minmax": [
      0.853, 
      1.017
    ], 
    "model": "/media/hdd/YCBvideo/YCB_Video_Dataset/YCB_Video_Dataset/models/037_scissors/textured.obj", 
    "rot_mat": [
      [
        0.5741705714462472, 
        -0.8186882614683972, 
        0.008815163952624215
      ], 
      [
        0.4109621368135282, 
        0.2974986800983781, 
        0.8617457752099463
      ], 
      [
        -0.7081237494717382, 
        -0.49116596756364145, 
        0.5072650590012036
      ]
    ], 
    "trans_mat": [
      -0.023093960204797113, 
      0.10004185654943708, 
      0.9359478357260504
    ]
  }, 
  {
    "img": "/media/hdd/YCBvideo/YCB_Video_Dataset/YCB_Video_Dataset/data/0016/000014-label.png", 
    "mask": "/media/hdd/YCBvideo/YCB_Video_Dataset/Generated_YCB_Video_Dataset/mask/0016/000014-mask-00.png", 
    "depth_minmax": [
      0.894, 
      1.025
    ], 
    "model": "/media/hdd/YCBvideo/YCB_Video_Dataset/YCB_Video_Dataset/models/006_mustard_bottle/textured.obj", 
    "rot_mat": [
      [
        -0.7210105994795372, 
        0.22959795939184063, 
        -0.653780038387219
      ], 
      [
        0.028448557521508395, 
        -0.9329057004992976, 
        -0.3589968269543959
      ], 
      [
        -0.6923395039544232, 
        -0.2774402231373089, 
        0.6661024930870553
      ]
    ], 
    "trans_mat": [
      0.1588682406848188, 
      0.04855417097631723, 
      0.9716072435613443
    ]
  }, 
  {
    "img": "/media/hdd/YCBvideo/YCB_Video_Dataset/YCB_Video_Dataset/data/0016/000015-label.png", 
    "mask": "/media/hdd/YCBvideo/YCB_Video_Dataset/Generated_YCB_Video_Dataset/mask/0016/000015-mask-01.png", 
    "depth_minmax": [
      0.908, 
      0.959
    ], 
    "model": "/media/hdd/YCBvideo/YCB_Video_Dataset/YCB_Video_Dataset/models/009_gelatin_box/textured.obj", 
    "rot_mat": [
      [
        -0.9866148709342197, 
        -0.16210207832195156, 
        -0.017717035170823077
      ], 
      [
        -0.06646592065979397, 
        0.49897522282453083, 
        -0.8640633818816393
      ], 
      [
        0.14890673735240725, 
        -0.8513209372028794, 
        -0.5030709659327187
      ]
    ], 
    "trans_mat": [
      -0.15087609782321845, 
      0.08633928075923232, 
      0.9528855281998097
    ]
  }, 
  {
    "img": "/media/hdd/YCBvideo/YCB_Video_Dataset/YCB_Video_Dataset/data/0016/000015-label.png", 
    "mask": "/media/hdd/YCBvideo/YCB_Video_Dataset/Generated_YCB_Video_Dataset/mask/0016/000015-mask-02.png", 
    "depth_minmax": [
      0.852, 
      1.019
    ], 
    "model": "/media/hdd/YCBvideo/YCB_Video_Dataset/YCB_Video_Dataset/models/037_scissors/textured.obj", 
    "rot_mat": [
      [
        0.5736027002147898, 
        -0.8190784002187105, 
        0.009462490851543128
      ], 
      [
        0.40962259388111716, 
        0.2968251515525958, 
        0.8626148061141881
      ], 
      [
        -0.7093584831553118, 
        -0.4909228125489421, 
        0.5057733873396549
      ]
    ], 
    "trans_mat": [
      -0.02216735651038856, 
      0.10183889197489006, 
      0.9375003809155902
    ]
  }, 
  {
    "img": "/media/hdd/YCBvideo/YCB_Video_Dataset/YCB_Video_Dataset/data/0016/000015-label.png", 
    "mask": "/media/hdd/YCBvideo/YCB_Video_Dataset/Generated_YCB_Video_Dataset/mask/0016/000015-mask-00.png", 
    "depth_minmax": [
      0.897, 
      1.021
    ], 
    "model": "/media/hdd/YCBvideo/YCB_Video_Dataset/YCB_Video_Dataset/models/006_mustard_bottle/textured.obj", 
    "rot_mat": [
      [
        -0.7216424027806754, 
        0.22914750182573865, 
        -0.6532400109682195
      ], 
      [
        0.027408987816645625, 
        -0.9334293240106758, 
        -0.35771295028893674
      ], 
      [
        -0.6917230636452328, 
        -0.27604614054820126, 
        0.6673212262166368
      ]
    ], 
    "trans_mat": [
      0.15981682453453855, 
      0.050374428349102794, 
      0.9730806949653271
    ]
  }, 
  {
    "img": "/media/hdd/YCBvideo/YCB_Video_Dataset/YCB_Video_Dataset/data/0016/000016-label.png", 
    "mask": "/media/hdd/YCBvideo/YCB_Video_Dataset/Generated_YCB_Video_Dataset/mask/0016/000016-mask-01.png", 
    "depth_minmax": [
      0.908, 
      0.957
    ], 
    "model": "/media/hdd/YCBvideo/YCB_Video_Dataset/YCB_Video_Dataset/models/009_gelatin_box/textured.obj", 
    "rot_mat": [
      [
        -0.9862538965612268, 
        -0.16442256962815127, 
        -0.01642269329578441
      ], 
      [
        -0.06846501874759794, 
        0.49706951321750453, 
        -0.8650054366324141
      ], 
      [
        0.15039014179998464, 
        -0.8519903169032743, 
        -0.50149382886746
      ]
    ], 
    "trans_mat": [
      -0.14878381523124584, 
      0.08730163862894545, 
      0.9547914326592558
    ]
  }, 
  {
    "img": "/media/hdd/YCBvideo/YCB_Video_Dataset/YCB_Video_Dataset/data/0016/000016-label.png", 
    "mask": "/media/hdd/YCBvideo/YCB_Video_Dataset/Generated_YCB_Video_Dataset/mask/0016/000016-mask-02.png", 
    "depth_minmax": [
      0.855, 
      1.022
    ], 
    "model": "/media/hdd/YCBvideo/YCB_Video_Dataset/YCB_Video_Dataset/models/037_scissors/textured.obj", 
    "rot_mat": [
      [
        0.5716812322008932, 
        -0.8204353175574784, 
        0.008175229331972069
      ], 
      [
        0.40966319237926385, 
        0.29405877453493395, 
        0.8635427587829249
      ], 
      [
        -0.7108852898469605, 
        -0.4903216361209128, 
        0.5042102596643512
      ]
    ], 
    "trans_mat": [
      -0.020132304672630132, 
      0.10306928164691896, 
      0.9392004971524689
    ]
  }, 
  {
    "img": "/media/hdd/YCBvideo/YCB_Video_Dataset/YCB_Video_Dataset/data/0016/000016-label.png", 
    "mask": "/media/hdd/YCBvideo/YCB_Video_Dataset/Generated_YCB_Video_Dataset/mask/0016/000016-mask-00.png", 
    "depth_minmax": [
      0.899, 
      1.026
    ], 
    "model": "/media/hdd/YCBvideo/YCB_Video_Dataset/YCB_Video_Dataset/models/006_mustard_bottle/textured.obj", 
    "rot_mat": [
      [
        -0.7226565989425187, 
        0.23091354253447088, 
        -0.651495646930948
      ], 
      [
        0.02450643962038949, 
        -0.9333954875908868, 
        -0.35801236937506786
      ], 
      [
        -0.6907724087871921, 
        -0.27468648232099835, 
        0.6688650862309697
      ]
    ], 
    "trans_mat": [
      0.16201875939777766, 
      0.05208721125290886, 
      0.9746214318145431
    ]
  }, 
  {
    "img": "/media/hdd/YCBvideo/YCB_Video_Dataset/YCB_Video_Dataset/data/0016/000017-label.png", 
