[
  {
    "img": "/media/hdd/YCBvideo/YCB_Video_Dataset/YCB_Video_Dataset/data/0017/000001-label.png", 
    "mask": "/media/hdd/YCBvideo/YCB_Video_Dataset/Generated_YCB_Video_Dataset/mask/0017/000001-mask-00.png", 
    "depth_minmax": [
      0.934, 
      0.989
    ], 
    "model": "/media/hdd/YCBvideo/YCB_Video_Dataset/YCB_Video_Dataset/models/010_potted_meat_can/textured.obj", 
    "rot_mat": [
      [
        -0.8916294653871137, 
        -0.43056194600750947, 
        -0.14005350376132855
      ], 
      [
        0.005561082565396035, 
        0.29888914865893423, 
        -0.9542719213793368
      ], 
      [
        0.4527333096298931, 
        -0.8516358466755156, 
        -0.2641033546353278
      ]
    ], 
    "trans_mat": [
      -0.008487442796431002, 
      -0.04917775997355281, 
      0.9813870899984748
    ]
  }, 
  {
    "img": "/media/hdd/YCBvideo/YCB_Video_Dataset/YCB_Video_Dataset/data/0017/000002-label.png", 
    "mask": "/media/hdd/YCBvideo/YCB_Video_Dataset/Generated_YCB_Video_Dataset/mask/0017/000002-mask-00.png", 
    "depth_minmax": [
      0.935, 
      0.984
    ], 
    "model": "/media/hdd/YCBvideo/YCB_Video_Dataset/YCB_Video_Dataset/models/010_potted_meat_can/textured.obj", 
    "rot_mat": [
      [
        -0.8904792836423122, 
        -0.4321866543965609, 
        -0.1423467115404699
      ], 
      [
        0.007431572934854713, 
        0.2989767098124621, 
        -0.9542316663246383
      ], 
      [
        0.45496453728143227, 
        -0.8507815012797642, 
        -0.26302070407578126
      ]
    ], 
    "trans_mat": [
      -0.007766500891931233, 
      -0.050106471988212824, 
      0.9815807517341104
    ]
  }, 
  {
    "img": "/media/hdd/YCBvideo/YCB_Video_Dataset/YCB_Video_Dataset/data/0017/000003-label.png", 
    "mask": "/media/hdd/YCBvideo/YCB_Video_Dataset/Generated_YCB_Video_Dataset/mask/0017/000003-mask-00.png", 
    "depth_minmax": [
      0.936, 
      0.989
    ], 
    "model": "/media/hdd/YCBvideo/YCB_Video_Dataset/YCB_Video_Dataset/models/010_potted_meat_can/textured.obj", 
    "rot_mat": [
      [
        -0.8906453048514712, 
        -0.4320059089199293, 
        -0.14185414210798347
      ], 
      [
        0.00660680014311251, 
        0.29964522493399814, 
        -0.9540285769751204
      ], 
      [
        0.4546513762634962, 
        -0.8506382371295645, 
        -0.26402284234457424
      ]
    ], 
    "trans_mat": [
      -0.007314136184635122, 
      -0.05126300704854123, 
      0.9813471915768337
    ]
  }, 
  {
    "img": "/media/hdd/YCBvideo/YCB_Video_Dataset/YCB_Video_Dataset/data/0017/000004-label.png", 
    "mask": "/media/hdd/YCBvideo/YCB_Video_Dataset/Generated_YCB_Video_Dataset/mask/0017/000004-mask-00.png", 
    "depth_minmax": [
      0.932, 
      0.984
    ], 
    "model": "/media/hdd/YCBvideo/YCB_Video_Dataset/YCB_Video_Dataset/models/010_potted_meat_can/textured.obj", 
    "rot_mat": [
      [
        -0.8900611066339535, 
        -0.4337649873367082, 
        -0.14014499898186136
      ], 
      [
        0.0038517854517350473, 
        0.3002735673658036, 
        -0.9538453175348988
      ], 
      [
        0.45582617780933105, 
        -0.8495205163207216, 
        -0.2655904228327555
      ]
    ], 
    "trans_mat": [
      -0.006049165953156559, 
      -0.05283964501706468, 
      0.9810987958532882
    ]
  }, 
  {
    "img": "/media/hdd/YCBvideo/YCB_Video_Dataset/YCB_Video_Dataset/data/0017/000005-label.png", 
    "mask": "/media/hdd/YCBvideo/YCB_Video_Dataset/Generated_YCB_Video_Dataset/mask/0017/000005-mask-00.png", 
    "depth_minmax": [
      0.934, 
      0.984
    ], 
    "model": "/media/hdd/YCBvideo/YCB_Video_Dataset/YCB_Video_Dataset/models/010_potted_meat_can/textured.obj", 
    "rot_mat": [
      [
        -0.8896145507250156, 
        -0.43363524093327505, 
        -0.14334231641676026
      ], 
      [
        0.006035190076971524, 
        0.3026671002809093, 
        -0.9530777540258882
      ], 
      [
        0.4566725511933227, 
        -0.8487373360563234, 
        -0.2666398829961465
      ]
    ], 
    "trans_mat": [
      -0.005485371367591339, 
      -0.05389763440862693, 
      0.9809933555815784
    ]
  }, 
  {
    "img": "/media/hdd/YCBvideo/YCB_Video_Dataset/YCB_Video_Dataset/data/0017/000006-label.png", 
    "mask": "/media/hdd/YCBvideo/YCB_Video_Dataset/Generated_YCB_Video_Dataset/mask/0017/000006-mask-00.png", 
    "depth_minmax": [
      0.935, 
      0.984
    ], 
    "model": "/media/hdd/YCBvideo/YCB_Video_Dataset/YCB_Video_Dataset/models/010_potted_meat_can/textured.obj", 
    "rot_mat": [
      [
        -0.8889992065235345, 
        -0.43466377087947444, 
        -0.14404526681516902
      ], 
      [
        0.006212135528053679, 
        0.30309388806164356, 
        -0.9529411164870277
      ], 
      [
        0.45786741603909, 
        -0.8480577419428593, 
        -0.2667502795284307
      ]
    ], 
    "trans_mat": [
      -0.004501418844673952, 
      -0.05454544418181952, 
      0.9810394627763093
    ]
  }, 
  {
    "img": "/media/hdd/YCBvideo/YCB_Video_Dataset/YCB_Video_Dataset/data/0017/000007-label.png", 
    "mask": "/media/hdd/YCBvideo/YCB_Video_Dataset/Generated_YCB_Video_Dataset/mask/0017/000007-mask-00.png", 
    "depth_minmax": [
      0.937, 
      0.984
    ], 
    "model": "/media/hdd/YCBvideo/YCB_Video_Dataset/YCB_Video_Dataset/models/010_potted_meat_can/textured.obj", 
    "rot_mat": [
      [
        -0.8886236401246185, 
        -0.43110660533154915, 
        -0.15651068935719575
      ], 
      [
        0.017481883612809536, 
        0.30916477007321325, 
        -0.9508486387496862
      ], 
      [
        0.4583041527746574, 
        -0.8476820810214967, 
        -0.2671946784925581
      ]
    ], 
    "trans_mat": [
      -0.0042033769481278176, 
      -0.05866754809000549, 
      0.981487178110565
    ]
  }, 
  {
    "img": "/media/hdd/YCBvideo/YCB_Video_Dataset/YCB_Video_Dataset/data/0017/000008-label.png", 
    "mask": "/media/hdd/YCBvideo/YCB_Video_Dataset/Generated_YCB_Video_Dataset/mask/0017/000008-mask-00.png", 
    "depth_minmax": [
      0.939, 
      0.989
    ], 
    "model": "/media/hdd/YCBvideo/YCB_Video_Dataset/YCB_Video_Dataset/models/010_potted_meat_can/textured.obj", 
    "rot_mat": [
      [
        -0.8886183094509601, 
        -0.42943069035301373, 
        -0.16108016919372783
      ], 
      [
        0.02176727635552195, 
        0.31132435325244673, 
        -0.9500546169480065
      ], 
      [
        0.45813037783793314, 
        -0.8477425613744025, 
        -0.26730091634509073
      ]
    ], 
    "trans_mat": [
      -0.004429664602306278, 
      -0.05842046823315035, 
      0.9818368097149223
    ]
  }, 
  {
    "img": "/media/hdd/YCBvideo/YCB_Video_Dataset/YCB_Video_Dataset/data/0017/000009-label.png", 
    "mask": "/media/hdd/YCBvideo/YCB_Video_Dataset/Generated_YCB_Video_Dataset/mask/0017/000009-mask-00.png", 
    "depth_minmax": [
      0.939, 
      0.989
    ], 
    "model": "/media/hdd/YCBvideo/YCB_Video_Dataset/YCB_Video_Dataset/models/010_potted_meat_can/textured.obj", 
    "rot_mat": [
      [
        -0.888079750550856, 
        -0.4303482932560234, 
        -0.16160523489441528
      ], 
      [
        0.022297721595483218, 
        0.31081024702573146, 
        -0.9502109635715683
      ], 
      [
        0.4591491608981577, 
        -0.847465511270673, 
        -0.2664280031429984
      ]
    ], 
    "trans_mat": [
      -0.004935377940511517, 
      -0.057659421633148245, 
      0.9823992376420607
    ]
  }, 
  {
    "img": "/media/hdd/YCBvideo/YCB_Video_Dataset/YCB_Video_Dataset/data/0017/000010-label.png", 
    "mask": "/media/hdd/YCBvideo/YCB_Video_Dataset/Generated_YCB_Video_Dataset/mask/0017/000010-mask-00.png", 
    "depth_minmax": [
      0.938, 
      0.991
    ], 
    "model": "/media/hdd/YCBvideo/YCB_Video_Dataset/YCB_Video_Dataset/models/010_potted_meat_can/textured.obj", 
    "rot_mat": [
      [
        -0.8874982487439276, 
        -0.4293999142014371, 
        -0.16722225144768782
      ], 
      [
        0.026864193019131677, 
        0.31405655337851135, 
        -0.9490242594839546
      ], 
      [
        0.46002776731452627, 
        -0.846749732430755, 
        -0.26718879486552405
      ]
    ], 
    "trans_mat": [
      -0.008171262888030335, 
      -0.05742213860636374, 
      0.983280865042677
    ]
  }, 
  {
    "img": "/media/hdd/YCBvideo/YCB_Video_Dataset/YCB_Video_Dataset/data/0017/000011-label.png", 
    "mask": "/media/hdd/YCBvideo/YCB_Video_Dataset/Generated_YCB_Video_Dataset/mask/0017/000011-mask-00.png", 
    "depth_minmax": [
      0.929, 
      0.991
    ], 
    "model": "/media/hdd/YCBvideo/YCB_Video_Dataset/YCB_Video_Dataset/models/010_potted_meat_can/textured.obj", 
    "rot_mat": [
      [
        -0.8885327739796886, 
        -0.426318676546942, 
        -0.16959659391447507
      ], 
      [
        0.028936432105468136, 
        0.31683640634114185, 
        -0.9480393176353216
      ], 
      [
        0.457900654638792, 
        -0.8472714681615244, 
        -0.26918232551962995
      ]
    ], 
    "trans_mat": [
      -0.008156036785956073, 
      -0.058492777934087, 
      0.983441765725813
    ]
  }, 
  {
    "img": "/media/hdd/YCBvideo/YCB_Video_Dataset/YCB_Video_Dataset/data/0017/000012-label.png", 
    "mask": "/media/hdd/YCBvideo/YCB_Video_Dataset/Generated_YCB_Video_Dataset/mask/0017/000012-mask-00.png", 
    "depth_minmax": [
      0.938, 
      0.991
    ], 
    "model": "/media/hdd/YCBvideo/YCB_Video_Dataset/YCB_Video_Dataset/models/010_potted_meat_can/textured.obj", 
    "rot_mat": [
      [
        -0.8871502047710941, 
        -0.4256471850282727, 
        -0.1782986895594408
      ], 
      [
        0.035011004471034154, 
        0.32316834457158444, 
        -0.9456943616230211
      ], 
      [
        0.4601517168051865, 
        -0.8452142751240804, 
        -0.27179650116761733
      ]
    ], 
    "trans_mat": [
      -0.0101650654899147, 
      -0.06269599829521057, 
      0.9844896865135768
    ]
  }, 
  {
    "img": "/media/hdd/YCBvideo/YCB_Video_Dataset/YCB_Video_Dataset/data/0017/000013-label.png", 
    "mask": "/media/hdd/YCBvideo/YCB_Video_Dataset/Generated_YCB_Video_Dataset/mask/0017/000013-mask-00.png", 
    "depth_minmax": [
      0.937, 
      0.991
    ], 
    "model": "/media/hdd/YCBvideo/YCB_Video_Dataset/YCB_Video_Dataset/models/010_potted_meat_can/textured.obj", 
    "rot_mat": [
      [
        -0.8876087843203361, 
        -0.42310047971480963, 
        -0.1820376703055119
      ], 
      [
        0.03777238311606408, 
        0.32702357277318034, 
        -0.9442614716760032
      ], 
      [
        0.4590472318399675, 
        -0.845010783771827, 
        -0.27428749520567597
      ]
    ], 
    "trans_mat": [
      -0.011032714583373859, 
      -0.06658078128887467, 
      0.984899810673724
    ]
  }, 
  {
    "img": "/media/hdd/YCBvideo/YCB_Video_Dataset/YCB_Video_Dataset/data/0017/000014-label.png", 
    "mask": "/media/hdd/YCBvideo/YCB_Video_Dataset/Generated_YCB_Video_Dataset/mask/0017/000014-mask-00.png", 
    "depth_minmax": [
      0.94, 
      0.988
    ], 
    "model": "/media/hdd/YCBvideo/YCB_Video_Dataset/YCB_Video_Dataset/models/010_potted_meat_can/textured.obj", 
    "rot_mat": [
      [
        -0.8872933417934635, 
        -0.42210342374741266, 
        -0.18585161148748125
      ], 
      [
        0.04076284847293453, 
        0.3296180856565575, 
        -0.9432342175963432
      ], 
      [
        0.45940241480917654, 
        -0.8445009726187517, 
        -0.2752610665926538
      ]
    ], 
    "trans_mat": [
      -0.01066398358739662, 
      -0.06806467104532535, 
      0.985243585990601
    ]
  }, 
  {
    "img": "/media/hdd/YCBvideo/YCB_Video_Dataset/YCB_Video_Dataset/data/0017/000015-label.png", 
    "mask": "/media/hdd/YCBvideo/YCB_Video_Dataset/Generated_YCB_Video_Dataset/mask/0017/000015-mask-00.png", 
    "depth_minmax": [
      0.942, 
      0.994
    ], 
    "model": "/media/hdd/YCBvideo/YCB_Video_Dataset/YCB_Video_Dataset/models/010_potted_meat_can/textured.obj", 
    "rot_mat": [
      [
        -0.8872433106028526, 
        -0.4220854728814518, 
        -0.18613026267627272
      ], 
      [
        0.03999882147870911, 
        0.33157682589706416, 
        -0.9425807405028274
      ], 
      [
        0.45956509312005805, 
        -0.8437432764568313, 
        -0.2773057464416873
      ]
    ], 
    "trans_mat": [
      -0.012819308052978862, 
      -0.07109263553858483, 
      0.9858383708696133
    ]
  }, 
  {
    "img": "/media/hdd/YCBvideo/YCB_Video_Dataset/YCB_Video_Dataset/data/0017/000016-label.png", 
    "mask": "/media/hdd/YCBvideo/YCB_Video_Dataset/Generated_YCB_Video_Dataset/mask/0017/000016-mask-00.png", 
    "depth_minmax": [
      0.942, 
      0.994
    ], 
    "model": "/media/hdd/YCBvideo/YCB_Video_Dataset/YCB_Video_Dataset/models/010_potted_meat_can/textured.obj", 
    "rot_mat": [
      [
        -0.8874468138362489, 
        -0.42055731759881965, 
        -0.1886009673754189
      ], 
      [
        0.043143011338882035, 
        0.3315995408663856, 
        -0.9424332330320222
      ], 
      [
        0.4588866083815106, 
        -0.8444963284875049, 
        -0.27613245603408343
      ]
    ], 
    "trans_mat": [
      -0.014472948227355528, 
      -0.07250951243133907, 
      0.9862165834823884
    ]
  }, 
  {
    "img": "/media/hdd/YCBvideo/YCB_Video_Dataset/YCB_Video_Dataset/data/0017/000017-label.png", 
    "mask": "/media/hdd/YCBvideo/YCB_Video_Dataset/Generated_YCB_Video_Dataset/mask/0017/000017-mask-00.png", 
    "depth_minmax": [
      0.944, 
      0.996
    ], 
    "model": "/media/hdd/YCBvideo/YCB_Video_Dataset/YCB_Video_Dataset/models/010_potted_meat_can/textured.obj", 
    "rot_mat": [
      [
        -0.8866732825501228, 
        -0.419893201273464, 
        -0.19365209908841546
      ], 
      [
        0.04845225532454489, 
        0.33212446692723446, 
        -0.9419903467046989
      ], 
      [
        0.4598517296067623, 
        -0.8446203038227486, 
        -0.2741411864110501
      ]
    ], 
    "trans_mat": [
      -0.01920456136763906, 
      -0.07467488983460682, 
      0.9881477064633061
    ]
  }, 
  {
    "img": "/media/hdd/YCBvideo/YCB_Video_Dataset/YCB_Video_Dataset/data/0017/000018-label.png", 
    "mask": "/media/hdd/YCBvideo/YCB_Video_Dataset/Generated_YCB_Video_Dataset/mask/0017/000018-mask-00.png", 
    "depth_minmax": [
      0.942, 
      0.997
    ], 
    "model": "/media/hdd/YCBvideo/YCB_Video_Dataset/YCB_Video_Dataset/models/010_potted_meat_can/textured.obj", 
    "rot_mat": [
      [
        -0.8870948726389676, 
        -0.41752050570079163, 
        -0.19682360351885522
      ], 
      [
        0.05200147379325858, 
        0.3332940006440141, 
        -0.9413878091609451
      ], 
      [
        0.4586484498431592, 
        -0.84533550344553, 
        -0.2739516679348348
      ]
    ], 
    "trans_mat": [
      -0.01906666543850685, 
      -0.07515724574906572, 
      0.9885837664911754
    ]
  }, 
  {
    "img": "/media/hdd/YCBvideo/YCB_Video_Dataset/YCB_Video_Dataset/data/0017/000019-label.png", 
    "mask": "/media/hdd/YCBvideo/YCB_Video_Dataset/Generated_YCB_Video_Dataset/mask/0017/000019-mask-00.png", 
    "depth_minmax": [
      0.944, 
      0.998
    ], 
    "model": "/media/hdd/YCBvideo/YCB_Video_Dataset/YCB_Video_Dataset/models/010_potted_meat_can/textured.obj", 
    "rot_mat": [
      [
        -0.8873739953900128, 
        -0.4172096330439563, 
        -0.19622729353917995
      ], 
      [
        0.05137358136971652, 
        0.3334822064659887, 
        -0.9413564834148241
      ], 
      [
        0.45818036017226677, 
        -0.845415367500097, 
        -0.2744890702125454
      ]
    ], 
    "trans_mat": [
      -0.019695829908260465, 
      -0.07487959375486883, 
      0.9893521176798192
    ]
  }, 
  {
    "img": "/media/hdd/YCBvideo/YCB_Video_Dataset/YCB_Video_Dataset/data/0017/000020-label.png", 
    "mask": "/media/hdd/YCBvideo/YCB_Video_Dataset/Generated_YCB_Video_Dataset/mask/0017/000020-mask-00.png", 
    "depth_minmax": [
      0.947, 
      0.999
    ], 
    "model": "/media/hdd/YCBvideo/YCB_Video_Dataset/YCB_Video_Dataset/models/010_potted_meat_can/textured.obj", 
    "rot_mat": [
      [
        -0.8888902323240978, 
        -0.41732372817302693, 
        -0.1889865180771914
      ], 
      [
        0.045386897177347396, 
        0.3302736497049821, 
        -0.9427935877202921
      ], 
      [
        0.45586715377421416, 
        -0.8466170938228202, 
        -0.27463557795854854
      ]
    ], 
    "trans_mat": [
      -0.022995797206381282, 
      -0.07315500986836075, 
      0.9908746071376977
    ]
  }, 
  {
    "img": "/media/hdd/YCBvideo/YCB_Video_Dataset/YCB_Video_Dataset/data/0017/000021-label.png", 
    "mask": "/media/hdd/YCBvideo/YCB_Video_Dataset/Generated_YCB_Video_Dataset/mask/0017/000021-mask-00.png", 
    "depth_minmax": [
      0.947, 
      1.005
    ], 
    "model": "/media/hdd/YCBvideo/YCB_Video_Dataset/YCB_Video_Dataset/models/010_potted_meat_can/textured.obj", 
    "rot_mat": [
      [
        -0.8883079867984246, 
        -0.4171022485538512, 
        -0.1921846782496619
      ], 
      [
        0.04593410903814386, 
        0.3356834096811165, 
        -0.9408545350919149
      ], 
      [
        0.4569451774996308, 
        -0.8445962460300963, 
        -0.27903088818646926
      ]
    ], 
    "trans_mat": [
      -0.021630888862100107, 
      -0.0789094171057195, 
      0.9925374435478758
    ]
  }, 
  {
    "img": "/media/hdd/YCBvideo/YCB_Video_Dataset/YCB_Video_Dataset/data/0017/000022-label.png", 
    "mask": "/media/hdd/YCBvideo/YCB_Video_Dataset/Generated_YCB_Video_Dataset/mask/0017/000022-mask-00.png", 
    "depth_minmax": [
      0.945, 
      1.001
    ], 
    "model": "/media/hdd/YCBvideo/YCB_Video_Dataset/YCB_Video_Dataset/models/010_potted_meat_can/textured.obj", 
    "rot_mat": [
      [
        -0.8857839582188165, 
        -0.42031835925717553, 
        -0.19677585612325546
      ], 
      [
        0.04781305789428911, 
        0.3390913846414981, 
        -0.9395382845248937
      ], 
      [
        0.4616299548937399, 
        -0.8416359436770048, 
        -0.2802645654459329
      ]
    ], 
    "trans_mat": [
      -0.019616231478389444, 
      -0.08353163453780059, 
      0.9929276456053463
    ]
  }, 
  {
    "img": "/media/hdd/YCBvideo/YCB_Video_Dataset/YCB_Video_Dataset/data/0017/000023-label.png", 
    "mask": "/media/hdd/YCBvideo/YCB_Video_Dataset/Generated_YCB_Video_Dataset/mask/0017/000023-mask-00.png", 
    "depth_minmax": [
      0.947, 
      1.001
    ], 
    "model": "/media/hdd/YCBvideo/YCB_Video_Dataset/YCB_Video_Dataset/models/010_potted_meat_can/textured.obj", 
    "rot_mat": [
      [
        -0.8846024358615922, 
        -0.4219810822582191, 
        -0.1985226715865792
      ], 
      [
        0.047255330372811176, 
        0.3423963619286841, 
        -0.9383671425729442
      ], 
      [
        0.4639457676968799, 
        -0.8394631163877793, 
        -0.28294297514380756
      ]
    ], 
    "trans_mat": [
      -0.021558231249999914, 
      -0.08673082015574134, 
      0.992887949962096
    ]
  }, 
  {
    "img": "/media/hdd/YCBvideo/YCB_Video_Dataset/YCB_Video_Dataset/data/0017/000024-label.png", 
    "mask": "/media/hdd/YCBvideo/YCB_Video_Dataset/Generated_YCB_Video_Dataset/mask/0017/000024-mask-00.png", 
    "depth_minmax": [
      0.946, 
      1.003
    ], 
    "model": "/media/hdd/YCBvideo/YCB_Video_Dataset/YCB_Video_Dataset/models/010_potted_meat_can/textured.obj", 
    "rot_mat": [
      [
        -0.8844974880509094, 
        -0.422556766175395, 
        -0.19776622450405426
      ], 
      [
        0.04698867981522993, 
        0.3410548847268521, 
        -0.9388685210738577
      ], 
      [
        0.46417427425177715, 
        -0.839718748241942, 
        -0.2818063852157499
      ]
    ], 
    "trans_mat": [
      -0.02442362721052916, 
      -0.08638121572322004, 
      0.9931967077030173
    ]
  }, 
  {
    "img": "/media/hdd/YCBvideo/YCB_Video_Dataset/YCB_Video_Dataset/data/0017/000025-label.png", 
    "mask": "/media/hdd/YCBvideo/YCB_Video_Dataset/Generated_YCB_Video_Dataset/mask/0017/000025-mask-00.png", 
    "depth_minmax": [
      0.947, 
      1.003
    ], 
    "model": "/media/hdd/YCBvideo/YCB_Video_Dataset/YCB_Video_Dataset/models/010_potted_meat_can/textured.obj", 
    "rot_mat": [
      [
        -0.8852010714374292, 
        -0.4189132391097499, 
        -0.20231509297046218
      ], 
      [
        0.051009967746287445, 
        0.34486504961068376, 
        -0.9372652833122376
      ], 
      [
        0.462403788789342, 
        -0.8399885224532008, 
        -0.2839063477544663
      ]
    ], 
    "trans_mat": [
      -0.025929427339976097, 
      -0.08746046888934778, 
      0.9931107870879058
    ]
  }, 
  {
    "img": "/media/hdd/YCBvideo/YCB_Video_Dataset/YCB_Video_Dataset/data/0017/000026-label.png", 
    "mask": "/media/hdd/YCBvideo/YCB_Video_Dataset/Generated_YCB_Video_Dataset/mask/0017/000026-mask-00.png", 
    "depth_minmax": [
      0.947, 
      1.003
    ], 
    "model": "/media/hdd/YCBvideo/YCB_Video_Dataset/YCB_Video_Dataset/models/010_potted_meat_can/textured.obj", 
    "rot_mat": [
      [
        -0.8853189358357271, 
        -0.41794865345201826, 
        -0.20378828399854665
      ], 
      [
        0.05137450661900607, 
        0.3476645553408273, 
        -0.9362105321727758
      ], 
      [
        0.4621372065824995, 
        -0.8393148404827776, 
        -0.2863216519604245
      ]
    ], 
    "trans_mat": [
      -0.025827676179306053, 
      -0.09108132415529539, 
      0.9935188965310014
    ]
  }, 
  {
    "img": "/media/hdd/YCBvideo/YCB_Video_Dataset/YCB_Video_Dataset/data/0017/000027-label.png", 
    "mask": "/media/hdd/YCBvideo/YCB_Video_Dataset/Generated_YCB_Video_Dataset/mask/0017/000027-mask-00.png", 
    "depth_minmax": [
      0.942, 
      1.003
    ], 
    "model": "/media/hdd/YCBvideo/YCB_Video_Dataset/YCB_Video_Dataset/models/010_potted_meat_can/textured.obj", 
    "rot_mat": [
      [
        -0.8871888721107576, 
        -0.41823401335090415, 
        -0.19487439671968085
      ], 
      [
        0.04333524878223813, 
        0.3449529926291537, 
        -0.9376201486751203
      ], 
      [
        0.4593668710502504, 
        -0.8402909807130834, 
        -0.2879134433780876
      ]
    ], 
    "trans_mat": [
      -0.029908187811836923, 
      -0.09237518307000402, 
      0.9937290465647659
    ]
  }, 
  {
    "img": "/media/hdd/YCBvideo/YCB_Video_Dataset/YCB_Video_Dataset/data/0017/000028-label.png", 
    "mask": "/media/hdd/YCBvideo/YCB_Video_Dataset/Generated_YCB_Video_Dataset/mask/0017/000028-mask-00.png", 
    "depth_minmax": [
      0.947, 
      1.003
    ], 
    "model": "/media/hdd/YCBvideo/YCB_Video_Dataset/YCB_Video_Dataset/models/010_potted_meat_can/textured.obj", 
    "rot_mat": [
      [
        -0.8863494079639539, 
        -0.4203218190328221, 
        -0.19420391712287263
      ], 
      [
        0.04267283361973791, 
        0.34349010998355195, 
        -0.9381865241527392
      ], 
      [
        0.4610472905261194, 
        -0.8398488758851227, 
        -0.2865151625783301
      ]
    ], 
    "trans_mat": [
      -0.032577562669507114, 
      -0.09403674890252042, 
      0.993576620397475
    ]
  }, 
  {
    "img": "/media/hdd/YCBvideo/YCB_Video_Dataset/YCB_Video_Dataset/data/0017/000029-label.png", 
    "mask": "/media/hdd/YCBvideo/YCB_Video_Dataset/Generated_YCB_Video_Dataset/mask/0017/000029-mask-00.png", 
    "depth_minmax": [
      0.944, 
      0.997
    ], 
    "model": "/media/hdd/YCBvideo/YCB_Video_Dataset/YCB_Video_Dataset/models/010_potted_meat_can/textured.obj", 
    "rot_mat": [
      [
        -0.8857682186565281, 
        -0.4198383787400069, 
        -0.19786663933257415
      ], 
      [
        0.04438682943728117, 
        0.3477378443591335, 
        -0.9365406229059858
      ], 
      [
        0.462001631957448, 
        -0.8383410163149425, 
        -0.2893793698669067
      ]
    ], 
    "trans_mat": [
      -0.03398815903614554, 
      -0.09639113766423633, 
      0.9929887091154406
    ]
  }, 
  {
    "img": "/media/hdd/YCBvideo/YCB_Video_Dataset/YCB_Video_Dataset/data/0017/000030-label.png", 
    "mask": "/media/hdd/YCBvideo/YCB_Video_Dataset/Generated_YCB_Video_Dataset/mask/0017/000030-mask-00.png", 
    "depth_minmax": [
      0.943, 
      0.996
    ], 
    "model": "/media/hdd/YCBvideo/YCB_Video_Dataset/YCB_Video_Dataset/models/010_potted_meat_can/textured.obj", 
    "rot_mat": [
      [
        -0.8846316678337514, 
        -0.4198652646198418, 
        -0.20283241227190082
      ], 
      [
        0.04793780102405489, 
        0.35079418236332144, 
        -0.9352247920132526
      ], 
      [
        0.4638199436504773, 
        -0.8370526548214829, 
        -0.29019618736583996
      ]
    ], 
    "trans_mat": [
      -0.03343115330709268, 
      -0.0994168558144061, 
      0.992587245915172
    ]
  }, 
  {
    "img": "/media/hdd/YCBvideo/YCB_Video_Dataset/YCB_Video_Dataset/data/0017/000031-label.png", 
    "mask": "/media/hdd/YCBvideo/YCB_Video_Dataset/Generated_YCB_Video_Dataset/mask/0017/000031-mask-00.png", 
    "depth_minmax": [
      0.947, 
      1.001
    ], 
    "model": "/media/hdd/YCBvideo/YCB_Video_Dataset/YCB_Video_Dataset/models/010_potted_meat_can/textured.obj", 
    "rot_mat": [
      [
        -0.8845685857486681, 
        -0.42173215032932787, 
        -0.19919885391500336
      ], 
      [
        0.04394211406411566, 
        0.34983489491622766, 
        -0.9357808719339823
      ], 
      [
        0.46433535546703303, 
        -0.8365151959846928, 
        -0.2909210723203668
      ]
    ], 
    "trans_mat": [
      -0.03156739521303306, 
      -0.09994487761252659, 
      0.9926238084135505
    ]
  }, 
  {
    "img": "/media/hdd/YCBvideo/YCB_Video_Dataset/YCB_Video_Dataset/data/0017/000032-label.png", 
    "mask": "/media/hdd/YCBvideo/YCB_Video_Dataset/Generated_YCB_Video_Dataset/mask/0017/000032-mask-00.png", 
    "depth_minmax": [
      0.944, 
      1.005
    ], 
    "model": "/media/hdd/YCBvideo/YCB_Video_Dataset/YCB_Video_Dataset/models/010_potted_meat_can/textured.obj", 
    "rot_mat": [
      [
        -0.8833493360772703, 
        -0.42268569456988936, 
        -0.20256007912250795
      ], 
      [
        0.04537161617746556, 
        0.35302009124771444, 
        -0.9345151110835179
      ], 
      [
        0.46651426772740495, 
        -0.8346943425260884, 
        -0.29266198850478714
      ]
    ], 
    "trans_mat": [
      -0.03048226475343518, 
      -0.10073871975760403, 
      0.992203877705214
    ]
  }, 
  {
    "img": "/media/hdd/YCBvideo/YCB_Video_Dataset/YCB_Video_Dataset/data/0017/000033-label.png", 
    "mask": "/media/hdd/YCBvideo/YCB_Video_Dataset/Generated_YCB_Video_Dataset/mask/0017/000033-mask-00.png", 
    "depth_minmax": [
      0.944, 
      0.999
    ], 
    "model": "/media/hdd/YCBvideo/YCB_Video_Dataset/YCB_Video_Dataset/models/010_potted_meat_can/textured.obj", 
    "rot_mat": [
      [
        -0.8838830200741135, 
        -0.420157188357399, 
        -0.20547460087806024
      ], 
      [
        0.04897781907750974, 
        0.35375750244697907, 
        -0.9340546305667552
      ], 
      [
        0.4651369001224572, 
        -0.8356581816846201, 
        -0.29210147838727524
      ]
    ], 
    "trans_mat": [
      -0.028904698874840234, 
      -0.10222624362798745, 
      0.991670737522907
    ]
  }, 
  {
    "img": "/media/hdd/YCBvideo/YCB_Video_Dataset/YCB_Video_Dataset/data/0017/000034-label.png", 
    "mask": "/media/hdd/YCBvideo/YCB_Video_Dataset/Generated_YCB_Video_Dataset/mask/0017/000034-mask-00.png", 
    "depth_minmax": [
      0.944, 
      0.999
    ], 
    "model": "/media/hdd/YCBvideo/YCB_Video_Dataset/YCB_Video_Dataset/models/010_potted_meat_can/textured.obj", 
    "rot_mat": [
      [
        -0.8822965047441668, 
        -0.4236572090444265, 
        -0.20510508524070534
      ], 
      [
        0.047285624306657136, 
        0.3537680932581761, 
        -0.9341375985959418
      ], 
      [
        0.468313070612925, 
        -0.8338853247428707, 
        -0.2920945300630062
      ]
    ], 
    "trans_mat": [
      -0.025820995207719886, 
      -0.10308839730492114, 
      0.9909656468141893
    ]
  }, 
  {
    "img": "/media/hdd/YCBvideo/YCB_Video_Dataset/YCB_Video_Dataset/data/0017/000035-label.png", 
    "mask": "/media/hdd/YCBvideo/YCB_Video_Dataset/Generated_YCB_Video_Dataset/mask/0017/000035-mask-00.png", 
    "depth_minmax": [
      0.947, 
      0.998
    ], 
    "model": "/media/hdd/YCBvideo/YCB_Video_Dataset/YCB_Video_Dataset/models/010_potted_meat_can/textured.obj", 
    "rot_mat": [
      [
        -0.8791743129994002, 
        -0.4275755320449751, 
        -0.21031298483678645
      ], 
      [
        0.04926586146635694, 
        0.3574388096221546, 
        -0.9326361017098275
      ], 
      [
        0.47394653751446647, 
        -0.8303119823538394, 
        -0.29318656536595766
      ]
    ], 
    "trans_mat": [
      -0.02259036516905194, 
      -0.10421203575955224, 
      0.989917565263685
    ]
  }, 
  {
    "img": "/media/hdd/YCBvideo/YCB_Video_Dataset/YCB_Video_Dataset/data/0017/000036-label.png", 
    "mask": "/media/hdd/YCBvideo/YCB_Video_Dataset/Generated_YCB_Video_Dataset/mask/0017/000036-mask-00.png", 
    "depth_minmax": [
      0.947, 
      1.001
    ], 
    "model": "/media/hdd/YCBvideo/YCB_Video_Dataset/YCB_Video_Dataset/models/010_potted_meat_can/textured.obj", 
    "rot_mat": [
      [
        -0.8781114185002384, 
        -0.429951717396824, 
        -0.20991029502329497
      ], 
      [
        0.04951762262811476, 
        0.3547013154173068, 
        -0.9336675710453801
      ], 
      [
        0.4758874101070223, 
        -0.8302586824017767, 
        -0.2901771678918472
      ]
    ], 
    "trans_mat": [
      -0.020328471814452763, 
      -0.10175533918117403, 
      0.9888510463984442
    ]
  }, 
  {
    "img": "/media/hdd/YCBvideo/YCB_Video_Dataset/YCB_Video_Dataset/data/0017/000037-label.png", 
    "mask": "/media/hdd/YCBvideo/YCB_Video_Dataset/Generated_YCB_Video_Dataset/mask/0017/000037-mask-00.png", 
    "depth_minmax": [
      0.944, 
      1.001
    ], 
    "model": "/media/hdd/YCBvideo/YCB_Video_Dataset/YCB_Video_Dataset/models/010_potted_meat_can/textured.obj", 
    "rot_mat": [
      [
        -0.8781879473017178, 
        -0.42866933954492314, 
        -0.2122029732222078
      ], 
      [
        0.05278316508770776, 
        0.3540843777369827, 
        -0.9337233605021501
      ], 
      [
        0.47539588828082335, 
        -0.8311841397867166, 
        -0.2883262828902946
      ]
    ], 
    "trans_mat": [
      -0.019284953014896536, 
      -0.10106387639472533, 
      0.9886242531151079
    ]
  }, 
  {
    "img": "/media/hdd/YCBvideo/YCB_Video_Dataset/YCB_Video_Dataset/data/0017/000038-label.png", 
    "mask": "/media/hdd/YCBvideo/YCB_Video_Dataset/Generated_YCB_Video_Dataset/mask/0017/000038-mask-00.png", 
    "depth_minmax": [
      0.941, 
      1.001
    ], 
    "model": "/media/hdd/YCBvideo/YCB_Video_Dataset/YCB_Video_Dataset/models/010_potted_meat_can/textured.obj", 
    "rot_mat": [
      [
        -0.87731432236654, 
        -0.4306451960716687, 
        -0.21181231276183732
      ], 
      [
        0.0530251314087374, 
        0.3516693787385945, 
        -0.9346215590195444
      ], 
      [
        0.4769776853134121, 
        -0.8311886025407279, 
        -0.28568874612626083
      ]
    ], 
    "trans_mat": [
      -0.018288120876677486, 
      -0.09962214163508022, 
      0.988020941502523
    ]
  }, 
  {
    "img": "/media/hdd/YCBvideo/YCB_Video_Dataset/YCB_Video_Dataset/data/0017/000039-label.png", 
    "mask": "/media/hdd/YCBvideo/YCB_Video_Dataset/Generated_YCB_Video_Dataset/mask/0017/000039-mask-00.png", 
    "depth_minmax": [
      0.942, 
      0.994
    ], 
    "model": "/media/hdd/YCBvideo/YCB_Video_Dataset/YCB_Video_Dataset/models/010_potted_meat_can/textured.obj", 
    "rot_mat": [
      [
        -0.8759843379534964, 
        -0.4358446501519049, 
        -0.20661980481799527
      ], 
      [
        0.046192405637484196, 
        0.3505964714848704, 
        -0.935386989755756
      ], 
      [
        0.4801227372638282, 
        -0.8289288396894202, 
        -0.28698373154408124
      ]
    ], 
    "trans_mat": [
      -0.01648046963878396, 
      -0.09826794540671854, 
      0.9864482406350032
    ]
  }, 
  {
    "img": "/media/hdd/YCBvideo/YCB_Video_Dataset/YCB_Video_Dataset/data/0017/000040-label.png", 
    "mask": "/media/hdd/YCBvideo/YCB_Video_Dataset/Generated_YCB_Video_Dataset/mask/0017/000040-mask-00.png", 
    "depth_minmax": [
      0.937, 
      0.994
    ], 
    "model": "/media/hdd/YCBvideo/YCB_Video_Dataset/YCB_Video_Dataset/models/010_potted_meat_can/textured.obj", 
    "rot_mat": [
      [
        -0.8739334014194338, 
        -0.43778622536297135, 
        -0.21115172855536435
      ], 
      [
        0.04940011516029213, 
        0.35217253181225233, 
        -0.934631169576484
      ], 
      [
        0.4835290943387676, 
        -0.8272363107424753, 
        -0.2861480106480034
      ]
    ], 
    "trans_mat": [
      -0.016105796353014137, 
      -0.09954230895768665, 
      0.9856084809853564
    ]
  }, 
  {
    "img": "/media/hdd/YCBvideo/YCB_Video_Dataset/YCB_Video_Dataset/data/0017/000041-label.png", 
    "mask": "/media/hdd/YCBvideo/YCB_Video_Dataset/Generated_YCB_Video_Dataset/mask/0017/000041-mask-00.png", 
    "depth_minmax": [
      0.939, 
      0.997
    ], 
    "model": "/media/hdd/YCBvideo/YCB_Video_Dataset/YCB_Video_Dataset/models/010_potted_meat_can/textured.obj", 
    "rot_mat": [
      [
        -0.874809709490511, 
        -0.43567959424946306, 
        -0.2118786888454018
      ], 
      [
        0.050377163342638503, 
        0.3531659702718752, 
        -0.9342040482851097
      ], 
      [
        0.4818410791300128, 
        -0.8279241799215954, 
        -0.2870041396685966
      ]
    ], 
    "trans_mat": [
      -0.01643371809176721, 
      -0.10100513852594556, 
      0.9847532580521795
    ]
  }, 
  {
    "img": "/media/hdd/YCBvideo/YCB_Video_Dataset/YCB_Video_Dataset/data/0017/000042-label.png", 
    "mask": "/media/hdd/YCBvideo/YCB_Video_Dataset/Generated_YCB_Video_Dataset/mask/0017/000042-mask-00.png", 
    "depth_minmax": [
      0.937, 
      0.988
    ], 
    "model": "/media/hdd/YCBvideo/YCB_Video_Dataset/YCB_Video_Dataset/models/010_potted_meat_can/textured.obj", 
    "rot_mat": [
      [
        -0.8766737848019938, 
        -0.43607360351938024, 
        -0.2031810955073848
      ], 
      [
        0.041395981640075505, 
        0.35239635136545167, 
        -0.9349357916864675
      ], 
      [
        0.47930102061882357, 
        -0.8280443593263497, 
        -0.29088398133200455
      ]
    ], 
    "trans_mat": [
      -0.02178482531165838, 
      -0.10363818757433513, 
      0.9806777441391391
    ]
  }, 
  {
    "img": "/media/hdd/YCBvideo/YCB_Video_Dataset/YCB_Video_Dataset/data/0017/000043-label.png", 
    "mask": "/media/hdd/YCBvideo/YCB_Video_Dataset/Generated_YCB_Video_Dataset/mask/0017/000043-mask-00.png", 
    "depth_minmax": [
      0.934, 
      0.988
    ], 
    "model": "/media/hdd/YCBvideo/YCB_Video_Dataset/YCB_Video_Dataset/models/010_potted_meat_can/textured.obj", 
    "rot_mat": [
      [
        -0.8781320962154334, 
        -0.43532342262140034, 
        -0.19843795910847725
      ], 
      [
        0.037469908166119725, 
        0.35092536574398686, 
        -0.9356542524904405
      ], 
      [
        0.47694861668397115, 
        -0.8290627956363962, 
        -0.2918469908351661
      ]
    ], 
    "trans_mat": [
      -0.02361035121246855, 
      -0.10381035056359726, 
      0.979731590723614
    ]
  }, 
  {
    "img": "/media/hdd/YCBvideo/YCB_Video_Dataset/YCB_Video_Dataset/data/0017/000044-label.png", 
    "mask": "/media/hdd/YCBvideo/YCB_Video_Dataset/Generated_YCB_Video_Dataset/mask/0017/000044-mask-00.png", 
    "depth_minmax": [
      0.929, 
      0.986
    ], 
    "model": "/media/hdd/YCBvideo/YCB_Video_Dataset/YCB_Video_Dataset/models/010_potted_meat_can/textured.obj", 
    "rot_mat": [
      [
        -0.8778962005863624, 
        -0.4354262476620318, 
        -0.19925436947640426
      ], 
      [
        0.037191694542219565, 
        0.3528511521377281, 
        -0.9349404212659815
      ], 
      [
        0.47740364772901506, 
        -0.828191886699553, 
        -0.29357161623861117
      ]
    ], 
    "trans_mat": [
      -0.025491174944936947, 
      -0.10608973855659179, 
      0.9773781453695898
    ]
  }, 
  {
    "img": "/media/hdd/YCBvideo/YCB_Video_Dataset/YCB_Video_Dataset/data/0017/000045-label.png", 
    "mask": "/media/hdd/YCBvideo/YCB_Video_Dataset/Generated_YCB_Video_Dataset/mask/0017/000045-mask-00.png", 
    "depth_minmax": [
      0.928, 
      0.983
    ], 
    "model": "/media/hdd/YCBvideo/YCB_Video_Dataset/YCB_Video_Dataset/models/010_potted_meat_can/textured.obj", 
    "rot_mat": [
      [
        -0.8753242522446864, 
        -0.43892782782648115, 
        -0.2028575713235287
      ], 
      [
        0.038691418692936776, 
        0.3546029538758058, 
        -0.9342163442819988
      ], 
      [
        0.48198699814415646, 
        -0.8255907107589494, 
        -0.2934091943275178
      ]
    ], 
    "trans_mat": [
      -0.024696235635540235, 
      -0.10811952432455652, 
      0.9753119985204963
    ]
  }, 
  {
    "img": "/media/hdd/YCBvideo/YCB_Video_Dataset/YCB_Video_Dataset/data/0017/000046-label.png", 
    "mask": "/media/hdd/YCBvideo/YCB_Video_Dataset/Generated_YCB_Video_Dataset/mask/0017/000046-mask-00.png", 
    "depth_minmax": [
      0.921, 
      0.981
    ], 
    "model": "/media/hdd/YCBvideo/YCB_Video_Dataset/YCB_Video_Dataset/models/010_potted_meat_can/textured.obj", 
    "rot_mat": [
      [
        -0.8765349875656898, 
        -0.4365908132266811, 
        -0.20267190587194744
      ], 
      [
        0.03757093144556457, 
        0.3577163407868315, 
        -0.9330748821459606
      ], 
      [
        0.4798698250234177, 
        -0.825486756917493, 
        -0.2971475744686334
      ]
    ], 
    "trans_mat": [
      -0.022610244242423264, 
      -0.1094911252243477, 
      0.9736151925445773
    ]
  }, 
  {
    "img": "/media/hdd/YCBvideo/YCB_Video_Dataset/YCB_Video_Dataset/data/0017/000047-label.png", 
    "mask": "/media/hdd/YCBvideo/YCB_Video_Dataset/Generated_YCB_Video_Dataset/mask/0017/000047-mask-00.png", 
    "depth_minmax": [
      0.924, 
      0.981
    ], 
    "model": "/media/hdd/YCBvideo/YCB_Video_Dataset/YCB_Video_Dataset/models/010_potted_meat_can/textured.obj", 
    "rot_mat": [
      [
        -0.8762718670207176, 
        -0.43762346837211097, 
        -0.20157986362918964
      ], 
      [
        0.03671656433521501, 
        0.35650609826391055, 
        -0.9335715583561476
      ], 
      [
        0.4804167891161881, 
        -0.8254637420573072, 
        -0.2963285065033743
      ]
    ], 
    "trans_mat": [
      -0.021214619020880135, 
      -0.1113016815619267, 
      0.9724628935789343
    ]
  }, 
  {
    "img": "/media/hdd/YCBvideo/YCB_Video_Dataset/YCB_Video_Dataset/data/0017/000048-label.png", 
    "mask": "/media/hdd/YCBvideo/YCB_Video_Dataset/Generated_YCB_Video_Dataset/mask/0017/000048-mask-00.png", 
    "depth_minmax": [
      0.927, 
      0.983
    ], 
    "model": "/media/hdd/YCBvideo/YCB_Video_Dataset/YCB_Video_Dataset/models/010_potted_meat_can/textured.obj", 
    "rot_mat": [
      [
        -0.8756279420992638, 
        -0.43937936234328945, 
        -0.2005534150072981
      ], 
      [
        0.03499144007383631, 
        0.35643528982133366, 
        -0.9336653238003885
      ], 
      [
