[
  {
    "img": "/media/hdd/YCBvideo/YCB_Video_Dataset/YCB_Video_Dataset/data/0018/000001-label.png", 
    "mask": "/media/hdd/YCBvideo/YCB_Video_Dataset/Generated_YCB_Video_Dataset/mask/0018/000001-mask-01.png", 
    "depth_minmax": [
      0.771, 
      0.864
    ], 
    "model": "/media/hdd/YCBvideo/YCB_Video_Dataset/YCB_Video_Dataset/models/051_large_clamp/textured.obj", 
    "rot_mat": [
      [
        -0.7071395875604765, 
        0.7069457738132913, 
        0.013446127851340502
      ], 
      [
        0.2483845483614611, 
        0.26616730644859116, 
        -0.9313743790872542
      ], 
      [
        -0.6620105745360754, 
        -0.6552730098141035, 
        -0.3638122912848948
      ]
    ], 
    "trans_mat": [
      -0.1140486440192236, 
      -0.1668681465622962, 
      0.8421376978879058
    ]
  }, 
  {
    "img": "/media/hdd/YCBvideo/YCB_Video_Dataset/YCB_Video_Dataset/data/0018/000001-label.png", 
    "mask": "/media/hdd/YCBvideo/YCB_Video_Dataset/Generated_YCB_Video_Dataset/mask/0018/000001-mask-00.png", 
    "depth_minmax": [
      0.751, 
      0.804
    ], 
    "model": "/media/hdd/YCBvideo/YCB_Video_Dataset/YCB_Video_Dataset/models/005_tomato_soup_can/textured.obj", 
    "rot_mat": [
      [
        -0.9992513090425046, 
        0.038393185156053125, 
        0.0047847207883788415
      ], 
      [
        0.00822121201570506, 
        0.33154294289415903, 
        -0.9434038544136805
      ], 
      [
        -0.037805536653658954, 
        -0.9426582523407393, 
        -0.3316109964662305
      ]
    ], 
    "trans_mat": [
      0.10500759905570575, 
      0.0015433989692850859, 
      0.7955183601275219
    ]
  }, 
  {
    "img": "/media/hdd/YCBvideo/YCB_Video_Dataset/YCB_Video_Dataset/data/0018/000002-label.png", 
    "mask": "/media/hdd/YCBvideo/YCB_Video_Dataset/Generated_YCB_Video_Dataset/mask/0018/000002-mask-01.png", 
    "depth_minmax": [
      0.761, 
      0.859
    ], 
    "model": "/media/hdd/YCBvideo/YCB_Video_Dataset/YCB_Video_Dataset/models/051_large_clamp/textured.obj", 
    "rot_mat": [
      [
        -0.70759158712968, 
        0.7064929392789128, 
        0.013521864449526915
      ], 
      [
        0.2476321773066461, 
        0.26584900029844905, 
        -0.9316656945012796
      ], 
      [
        -0.6618107469972232, 
        -0.6558903789785572, 
        -0.3630624879135841
      ]
    ], 
    "trans_mat": [
      -0.1129921820111939, 
      -0.16638445825320053, 
      0.8423372264424939
    ]
  }, 
  {
    "img": "/media/hdd/YCBvideo/YCB_Video_Dataset/YCB_Video_Dataset/data/0018/000002-label.png", 
    "mask": "/media/hdd/YCBvideo/YCB_Video_Dataset/Generated_YCB_Video_Dataset/mask/0018/000002-mask-00.png", 
    "depth_minmax": [
      0.751, 
      0.803
    ], 
    "model": "/media/hdd/YCBvideo/YCB_Video_Dataset/YCB_Video_Dataset/models/005_tomato_soup_can/textured.obj", 
    "rot_mat": [
      [
        -0.9992758072552722, 
        0.037756823556518694, 
        0.0048824052984421645
      ], 
      [
        0.00788762477335694, 
        0.33078844680757374, 
        -0.9436716236518389
      ], 
      [
        -0.03724495490430074, 
        -0.9429491041252924, 
        -0.33084651292278394
      ]
    ], 
    "trans_mat": [
      0.10598658961444316, 
      0.0020555497203278658, 
      0.7954566364802695
    ]
  }, 
  {
    "img": "/media/hdd/YCBvideo/YCB_Video_Dataset/YCB_Video_Dataset/data/0018/000003-label.png", 
    "mask": "/media/hdd/YCBvideo/YCB_Video_Dataset/Generated_YCB_Video_Dataset/mask/0018/000003-mask-01.png", 
    "depth_minmax": [
      0.773, 
      0.865
    ], 
    "model": "/media/hdd/YCBvideo/YCB_Video_Dataset/YCB_Video_Dataset/models/051_large_clamp/textured.obj", 
    "rot_mat": [
      [
        -0.7075378828935385, 
        0.7065293354208614, 
        0.014403282009433926
      ], 
      [
        0.24657222158606623, 
        0.2659227321813277, 
        -0.9319263422072109
      ], 
      [
        -0.6622638808726271, 
        -0.6558219353201803, 
        -0.36236046653010145
      ]
    ], 
    "trans_mat": [
      -0.11230551546072343, 
      -0.16541324180914704, 
      0.8423485779386756
    ]
  }, 
  {
    "img": "/media/hdd/YCBvideo/YCB_Video_Dataset/YCB_Video_Dataset/data/0018/000003-label.png", 
    "mask": "/media/hdd/YCBvideo/YCB_Video_Dataset/Generated_YCB_Video_Dataset/mask/0018/000003-mask-00.png", 
    "depth_minmax": [
      0.751, 
      0.808
    ], 
    "model": "/media/hdd/YCBvideo/YCB_Video_Dataset/YCB_Video_Dataset/models/005_tomato_soup_can/textured.obj", 
    "rot_mat": [
      [
        -0.9992676035647039, 
        0.0378505474645184, 
        0.005761185817663954
      ], 
      [
        0.007061771247558777, 
        0.33011348462247275, 
        -0.9439150803275254
      ], 
      [
        -0.03762906676005392, 
        -0.9431823775514152, 
        -0.3301387763547906
      ]
    ], 
    "trans_mat": [
      0.10655651208163011, 
      0.0031665761531236296, 
      0.7954248575727697
    ]
  }, 
  {
    "img": "/media/hdd/YCBvideo/YCB_Video_Dataset/YCB_Video_Dataset/data/0018/000004-label.png", 
    "mask": "/media/hdd/YCBvideo/YCB_Video_Dataset/Generated_YCB_Video_Dataset/mask/0018/000004-mask-01.png", 
    "depth_minmax": [
      0.772, 
      0.864
    ], 
    "model": "/media/hdd/YCBvideo/YCB_Video_Dataset/YCB_Video_Dataset/models/051_large_clamp/textured.obj", 
    "rot_mat": [
      [
        -0.708692337195467, 
        0.7053773758115003, 
        0.014103338304989822
      ], 
      [
        0.24598248525143535, 
        0.26577543450182883, 
        -0.9321237744490443
      ], 
      [
        -0.6612473542350312, 
        -0.6571203782564736, 
        -0.3618625548378683
      ]
    ], 
    "trans_mat": [
      -0.11167166574431434, 
      -0.16464462269007205, 
      0.8425249244593291
    ]
  }, 
  {
    "img": "/media/hdd/YCBvideo/YCB_Video_Dataset/YCB_Video_Dataset/data/0018/000004-label.png", 
    "mask": "/media/hdd/YCBvideo/YCB_Video_Dataset/Generated_YCB_Video_Dataset/mask/0018/000004-mask-00.png", 
    "depth_minmax": [
      0.751, 
      0.803
    ], 
    "model": "/media/hdd/YCBvideo/YCB_Video_Dataset/YCB_Video_Dataset/models/005_tomato_soup_can/textured.obj", 
    "rot_mat": [
      [
        -0.999329697785537, 
        0.036211497010944144, 
        0.005517468300305349
      ], 
      [
        0.006730624314147751, 
        0.3295980777116735, 
        -0.9440971851825033
      ], 
      [
        -0.03600468100442326, 
        -0.9434265059813836, 
        -0.3296201524488207
      ]
    ], 
    "trans_mat": [
      0.10706112495282091, 
      0.003976802488353286, 
      0.79515050012862
    ]
  }, 
  {
    "img": "/media/hdd/YCBvideo/YCB_Video_Dataset/YCB_Video_Dataset/data/0018/000005-label.png", 
    "mask": "/media/hdd/YCBvideo/YCB_Video_Dataset/Generated_YCB_Video_Dataset/mask/0018/000005-mask-01.png", 
    "depth_minmax": [
      0.777, 
      0.857
    ], 
    "model": "/media/hdd/YCBvideo/YCB_Video_Dataset/YCB_Video_Dataset/models/051_large_clamp/textured.obj", 
    "rot_mat": [
      [
        -0.7085554067354112, 
        0.7055070977786286, 
        0.0144657714209153
      ], 
      [
        0.24557137870486465, 
        0.2657468689194356, 
        -0.9322406249928976
      ], 
      [
        -0.6615463809634193, 
        -0.6569921354142637, 
        -0.3615483081159679
      ]
    ], 
    "trans_mat": [
      -0.11135745200181352, 
      -0.16413455045818073, 
      0.8426034146911459
    ]
  }, 
  {
    "img": "/media/hdd/YCBvideo/YCB_Video_Dataset/YCB_Video_Dataset/data/0018/000005-label.png", 
    "mask": "/media/hdd/YCBvideo/YCB_Video_Dataset/Generated_YCB_Video_Dataset/mask/0018/000005-mask-00.png", 
    "depth_minmax": [
      0.751, 
      0.803
    ], 
    "model": "/media/hdd/YCBvideo/YCB_Video_Dataset/YCB_Video_Dataset/models/005_tomato_soup_can/textured.obj", 
    "rot_mat": [
      [
        -0.9993200346749336, 
        0.03641217213429841, 
        0.005873237542862893
      ], 
      [
        0.006449270038676833, 
        0.32929384031984565, 
        -0.944205619039032
      ], 
      [
        -0.036313512548932315, 
        -0.943524710388819, 
        -0.32930456833491056
      ]
    ], 
    "trans_mat": [
      0.10734431353649218, 
      0.004530097518948778, 
      0.7952400637792567
    ]
  }, 
  {
    "img": "/media/hdd/YCBvideo/YCB_Video_Dataset/YCB_Video_Dataset/data/0018/000006-label.png", 
    "mask": "/media/hdd/YCBvideo/YCB_Video_Dataset/Generated_YCB_Video_Dataset/mask/0018/000006-mask-01.png", 
    "depth_minmax": [
      0.78, 
      0.874
    ], 
    "model": "/media/hdd/YCBvideo/YCB_Video_Dataset/YCB_Video_Dataset/models/051_large_clamp/textured.obj", 
    "rot_mat": [
      [
        -0.7079967105149607, 
        0.7060773533275418, 
        0.014012532212090445
      ], 
      [
        0.24637841275828307, 
        0.26554583925468905, 
        -0.932084432235817
      ], 
      [
        -0.6618446700221287, 
        -0.6564603824471006, 
        -0.3619679671993762
      ]
    ], 
    "trans_mat": [
      -0.11164845426124523, 
      -0.1644865846982901, 
      0.8425020298380924
    ]
  }, 
  {
    "img": "/media/hdd/YCBvideo/YCB_Video_Dataset/YCB_Video_Dataset/data/0018/000006-label.png", 
    "mask": "/media/hdd/YCBvideo/YCB_Video_Dataset/Generated_YCB_Video_Dataset/mask/0018/000006-mask-00.png", 
    "depth_minmax": [
      0.75, 
      0.808
    ], 
    "model": "/media/hdd/YCBvideo/YCB_Video_Dataset/YCB_Video_Dataset/models/005_tomato_soup_can/textured.obj", 
    "rot_mat": [
      [
        -0.9992942671538502, 
        0.03719399708501686, 
        0.005392774957919467
      ], 
      [
        0.007176819604984928, 
        0.32970006295517357, 
        -0.9440580803309068
      ], 
      [
        -0.036890584054802056, 
        -0.9433520547473312, 
        -0.3297347198006953
      ]
    ], 
    "trans_mat": [
      0.10720074399134544, 
      0.004044042531622308, 
      0.7953431010809643
    ]
  }, 
  {
    "img": "/media/hdd/YCBvideo/YCB_Video_Dataset/YCB_Video_Dataset/data/0018/000007-label.png", 
    "mask": "/media/hdd/YCBvideo/YCB_Video_Dataset/Generated_YCB_Video_Dataset/mask/0018/000007-mask-01.png", 
    "depth_minmax": [
      0.77, 
      0.882
    ], 
    "model": "/media/hdd/YCBvideo/YCB_Video_Dataset/YCB_Video_Dataset/models/051_large_clamp/textured.obj", 
    "rot_mat": [
      [
        -0.708880717581375, 
        0.7051546473448379, 
        0.015705333734389294
      ], 
      [
        0.24511012720823547, 
        0.267161218709569, 
        -0.9319574337133903
      ], 
      [
        -0.6613699691114491, 
        -0.6567967856755123, 
        -0.3622250492278349
      ]
    ], 
    "trans_mat": [
      -0.11178004155151633, 
      -0.16440463199412278, 
      0.8424746416574204
    ]
  }, 
  {
    "img": "/media/hdd/YCBvideo/YCB_Video_Dataset/YCB_Video_Dataset/data/0018/000007-label.png", 
    "mask": "/media/hdd/YCBvideo/YCB_Video_Dataset/Generated_YCB_Video_Dataset/mask/0018/000007-mask-00.png", 
    "depth_minmax": [
      0.753, 
      0.803
    ], 
    "model": "/media/hdd/YCBvideo/YCB_Video_Dataset/YCB_Video_Dataset/models/005_tomato_soup_can/textured.obj", 
    "rot_mat": [
      [
        -0.9993283313896513, 
        0.03597581059865235, 
        0.007128659669842613
      ], 
      [
        0.00514779296193529, 
        0.3300271948642059, 
        -0.9439572521270425
      ], 
      [
        -0.036311847612453055, 
        -0.9432851407580881, 
        -0.32999003557602946
      ]
    ], 
    "trans_mat": [
      0.10669756531858804, 
      0.004584785752485679, 
      0.7952344428714373
    ]
  }, 
  {
    "img": "/media/hdd/YCBvideo/YCB_Video_Dataset/YCB_Video_Dataset/data/0018/000008-label.png", 
    "mask": "/media/hdd/YCBvideo/YCB_Video_Dataset/Generated_YCB_Video_Dataset/mask/0018/000008-mask-01.png", 
    "depth_minmax": [
      0.759, 
      0.862
    ], 
    "model": "/media/hdd/YCBvideo/YCB_Video_Dataset/YCB_Video_Dataset/models/051_large_clamp/textured.obj", 
    "rot_mat": [
      [
        -0.7083660876075457, 
        0.7056797320170537, 
        0.015279745970848645
      ], 
      [
        0.24451931514348121, 
        0.26564201808567783, 
        -0.9325471282478859
      ], 
      [
        -0.6621385730352145, 
        -0.6568485868512172, 
        -0.360723927544051
      ]
    ], 
    "trans_mat": [
      -0.11197657938779909, 
      -0.163262803528913, 
      0.8428437272565515
    ]
  }, 
  {
    "img": "/media/hdd/YCBvideo/YCB_Video_Dataset/YCB_Video_Dataset/data/0018/000008-label.png", 
    "mask": "/media/hdd/YCBvideo/YCB_Video_Dataset/Generated_YCB_Video_Dataset/mask/0018/000008-mask-00.png", 
    "depth_minmax": [
      0.751, 
      0.803
    ], 
    "model": "/media/hdd/YCBvideo/YCB_Video_Dataset/YCB_Video_Dataset/models/005_tomato_soup_can/textured.obj", 
    "rot_mat": [
      [
        -0.9993044057454809, 
        0.03669554820242027, 
        0.006678006681256232
      ], 
      [
        0.005750882347342884, 
        0.328491732309701, 
        -0.9444896124724752
      ], 
      [
        -0.036851577085760666, 
        -0.9437931379686293, 
        -0.3284743063221863
      ]
    ], 
    "trans_mat": [
      0.10663789614786559, 
      0.005506169472114104, 
      0.7954492128103009
    ]
  }, 
  {
    "img": "/media/hdd/YCBvideo/YCB_Video_Dataset/YCB_Video_Dataset/data/0018/000009-label.png", 
    "mask": "/media/hdd/YCBvideo/YCB_Video_Dataset/Generated_YCB_Video_Dataset/mask/0018/000009-mask-01.png", 
    "depth_minmax": [
      0.76, 
      0.861
    ], 
    "model": "/media/hdd/YCBvideo/YCB_Video_Dataset/YCB_Video_Dataset/models/051_large_clamp/textured.obj", 
    "rot_mat": [
      [
        -0.7080163415798678, 
        0.7060241531879667, 
        0.015610726060757675
      ], 
      [
        0.2446000196404707, 
        0.2659076287471067, 
        -0.9324497791920202
      ], 
      [
        -0.6624831768288039, 
        -0.6563709404124971, 
        -0.3609603709998429
      ]
    ], 
    "trans_mat": [
      -0.11219941260028321, 
      -0.16362314297340805, 
      0.8428295005370646
    ]
  }, 
  {
    "img": "/media/hdd/YCBvideo/YCB_Video_Dataset/YCB_Video_Dataset/data/0018/000009-label.png", 
    "mask": "/media/hdd/YCBvideo/YCB_Video_Dataset/Generated_YCB_Video_Dataset/mask/0018/000009-mask-00.png", 
    "depth_minmax": [
      0.753, 
      0.803
    ], 
    "model": "/media/hdd/YCBvideo/YCB_Video_Dataset/YCB_Video_Dataset/models/005_tomato_soup_can/textured.obj", 
    "rot_mat": [
      [
        -0.9992842517100319, 
        0.03719708083883547, 
        0.006991941142869302
      ], 
      [
        0.005628908646828524, 
        0.32874464204218556, 
        -0.9444018731623964
      ], 
      [
        -0.037427210410749506, 
        -0.9436852532704036, 
        -0.32871886890806823
      ]
    ], 
    "trans_mat": [
      0.10642028090690922, 
      0.005187016381095695, 
      0.7956056674803202
    ]
  }, 
  {
    "img": "/media/hdd/YCBvideo/YCB_Video_Dataset/YCB_Video_Dataset/data/0018/000010-label.png", 
    "mask": "/media/hdd/YCBvideo/YCB_Video_Dataset/Generated_YCB_Video_Dataset/mask/0018/000010-mask-01.png", 
    "depth_minmax": [
      0.761, 
      0.857
    ], 
    "model": "/media/hdd/YCBvideo/YCB_Video_Dataset/YCB_Video_Dataset/models/051_large_clamp/textured.obj", 
    "rot_mat": [
      [
        -0.7081943972724357, 
        0.7058612624070997, 
        0.01484860662769565
      ], 
      [
        0.24489894791929784, 
        0.2653248665782619, 
        -0.9325375794254718
      ], 
      [
        -0.6621826508040702, 
        -0.6567823410336328, 
        -0.3607653841029229
      ]
    ], 
    "trans_mat": [
      -0.112135583104024, 
      -0.16307712347093883, 
      0.8430790661699125
    ]
  }, 
  {
    "img": "/media/hdd/YCBvideo/YCB_Video_Dataset/YCB_Video_Dataset/data/0018/000010-label.png", 
    "mask": "/media/hdd/YCBvideo/YCB_Video_Dataset/Generated_YCB_Video_Dataset/mask/0018/000010-mask-00.png", 
    "depth_minmax": [
      0.751, 
      0.804
    ], 
    "model": "/media/hdd/YCBvideo/YCB_Video_Dataset/YCB_Video_Dataset/models/005_tomato_soup_can/textured.obj", 
    "rot_mat": [
      [
        -0.9992986176733495, 
        0.03693029637391902, 
        0.006238493342660787
      ], 
      [
        0.00624483173094871, 
        0.3285174299583844, 
        -0.9444773221053498
      ], 
      [
        -0.03692862292288487, 
        -0.9437759514780378, 
        -0.3285169510633259
      ]
    ], 
    "trans_mat": [
      0.10656561624794791, 
      0.005586312813228851, 
      0.7957091048762004
    ]
  }, 
  {
    "img": "/media/hdd/YCBvideo/YCB_Video_Dataset/YCB_Video_Dataset/data/0018/000011-label.png", 
    "mask": "/media/hdd/YCBvideo/YCB_Video_Dataset/Generated_YCB_Video_Dataset/mask/0018/000011-mask-01.png", 
    "depth_minmax": [
      0.767, 
      0.88
    ], 
    "model": "/media/hdd/YCBvideo/YCB_Video_Dataset/YCB_Video_Dataset/models/051_large_clamp/textured.obj", 
    "rot_mat": [
      [
        -0.7084577245132517, 
        0.7056148410186801, 
        0.013958595448544494
      ], 
      [
        0.2441348589560133, 
        0.26357937278224103, 
        -0.9332322359983888
      ], 
      [
        -0.6621828022076157, 
        -0.6577486487268921, 
        -0.3589996987199541
      ]
    ], 
    "trans_mat": [
      -0.11217034106380439, 
      -0.16189375815306167, 
      0.8438319344733006
    ]
  }, 
  {
    "img": "/media/hdd/YCBvideo/YCB_Video_Dataset/YCB_Video_Dataset/data/0018/000011-label.png", 
    "mask": "/media/hdd/YCBvideo/YCB_Video_Dataset/Generated_YCB_Video_Dataset/mask/0018/000011-mask-00.png", 
    "depth_minmax": [
      0.751, 
      0.803
    ], 
    "model": "/media/hdd/YCBvideo/YCB_Video_Dataset/YCB_Video_Dataset/models/005_tomato_soup_can/textured.obj", 
    "rot_mat": [
      [
        -0.9993178518206989, 
        0.03653992127268797, 
        0.005361325846018385
      ], 
      [
        0.00687531764209148, 
        0.3266947369050381, 
        -0.9451045431913603
      ], 
      [
        -0.03628512896464558, 
        -0.944423214728379, 
        -0.3267229707619562
      ]
    ], 
    "trans_mat": [
      0.10661765721263863, 
      0.0065257522647491515, 
      0.7959976999856717
    ]
  }, 
  {
    "img": "/media/hdd/YCBvideo/YCB_Video_Dataset/YCB_Video_Dataset/data/0018/000012-label.png", 
    "mask": "/media/hdd/YCBvideo/YCB_Video_Dataset/Generated_YCB_Video_Dataset/mask/0018/000012-mask-01.png", 
    "depth_minmax": [
      0.776, 
      0.893
    ], 
    "model": "/media/hdd/YCBvideo/YCB_Video_Dataset/YCB_Video_Dataset/models/051_large_clamp/textured.obj", 
    "rot_mat": [
      [
        -0.7083965226396376, 
        0.7056852374889306, 
        0.013524060635241867
      ], 
      [
        0.2447652181598181, 
        0.2635877409189227, 
        -0.9330653927310791
      ], 
      [
        -0.6620154280324154, 
        -0.6576698508394265, 
        -0.35945206896939974
      ]
    ], 
    "trans_mat": [
      -0.11240070844320368, 
      -0.16125588682816758, 
      0.8441255121883879
    ]
  }, 
  {
    "img": "/media/hdd/YCBvideo/YCB_Video_Dataset/YCB_Video_Dataset/data/0018/000012-label.png", 
    "mask": "/media/hdd/YCBvideo/YCB_Video_Dataset/Generated_YCB_Video_Dataset/mask/0018/000012-mask-00.png", 
    "depth_minmax": [
      0.753, 
      0.808
    ], 
    "model": "/media/hdd/YCBvideo/YCB_Video_Dataset/YCB_Video_Dataset/models/005_tomato_soup_can/textured.obj", 
    "rot_mat": [
      [
        -0.9993175915179069, 
        0.0366180315850783, 
        0.004923809247901803
      ], 
      [
        0.00733088969306776, 
        0.3271348289244773, 
        -0.9449495196433976
      ], 
      [
        -0.036212549614216265, 
        -0.9442674462790519, 
        -0.3271804975076049
      ]
    ], 
    "trans_mat": [
      0.10645797499962623, 
      0.007090879430425108, 
      0.79635761126863
    ]
  }, 
  {
    "img": "/media/hdd/YCBvideo/YCB_Video_Dataset/YCB_Video_Dataset/data/0018/000013-label.png", 
    "mask": "/media/hdd/YCBvideo/YCB_Video_Dataset/Generated_YCB_Video_Dataset/mask/0018/000013-mask-01.png", 
    "depth_minmax": [
      0.778, 
      0.87
    ], 
    "model": "/media/hdd/YCBvideo/YCB_Video_Dataset/YCB_Video_Dataset/models/051_large_clamp/textured.obj", 
    "rot_mat": [
      [
        -0.7080496712635884, 
        0.7060102259585029, 
        0.014698725550664322
      ], 
      [
        0.24276894195365117, 
        0.2629108902696544, 
        -0.9337778899301419
      ], 
      [
        -0.6631213299471636, 
        -0.6575925859768409, 
        -0.3575511927800487
      ]
    ], 
    "trans_mat": [
      -0.1129112859446171, 
      -0.15988370824046844, 
      0.8451041585521198
    ]
  }, 
  {
    "img": "/media/hdd/YCBvideo/YCB_Video_Dataset/YCB_Video_Dataset/data/0018/000013-label.png", 
    "mask": "/media/hdd/YCBvideo/YCB_Video_Dataset/Generated_YCB_Video_Dataset/mask/0018/000013-mask-00.png", 
    "depth_minmax": [
      0.752, 
      0.804
    ], 
    "model": "/media/hdd/YCBvideo/YCB_Video_Dataset/YCB_Video_Dataset/models/005_tomato_soup_can/textured.obj", 
    "rot_mat": [
      [
        -0.9992925491719792, 
        0.037132607526834206, 
        0.006081542816155312
      ], 
      [
        0.00633137945290458, 
        0.32525796039877164, 
        -0.9456046822512403
      ], 
      [
        -0.03709037635605652, 
        -0.9448960751722729, 
        -0.325263059278386
      ]
    ], 
    "trans_mat": [
      0.10583283806854349, 
      0.008568912673014423, 
      0.7971846410492623
    ]
  }, 
  {
    "img": "/media/hdd/YCBvideo/YCB_Video_Dataset/YCB_Video_Dataset/data/0018/000014-label.png", 
    "mask": "/media/hdd/YCBvideo/YCB_Video_Dataset/Generated_YCB_Video_Dataset/mask/0018/000014-mask-01.png", 
    "depth_minmax": [
      0.773, 
      0.86
    ], 
    "model": "/media/hdd/YCBvideo/YCB_Video_Dataset/YCB_Video_Dataset/models/051_large_clamp/textured.obj", 
    "rot_mat": [
      [
        -0.7075345004776679, 
        0.7065110029594528, 
        0.015388133882467913
      ], 
      [
        0.24157355508287906, 
        0.2622721609589083, 
        -0.9342671532030161
      ], 
      [
        -0.664106507661035, 
        -0.6573092756847092, 
        -0.3562409027428253
      ]
    ], 
    "trans_mat": [
      -0.1140815199316165, 
      -0.15888603313100527, 
      0.846078110204768
    ]
  }, 
  {
    "img": "/media/hdd/YCBvideo/YCB_Video_Dataset/YCB_Video_Dataset/data/0018/000014-label.png", 
    "mask": "/media/hdd/YCBvideo/YCB_Video_Dataset/Generated_YCB_Video_Dataset/mask/0018/000014-mask-00.png", 
    "depth_minmax": [
      0.755, 
      0.81
    ], 
    "model": "/media/hdd/YCBvideo/YCB_Video_Dataset/YCB_Video_Dataset/models/005_tomato_soup_can/textured.obj", 
    "rot_mat": [
      [
        -0.9992598934461843, 
        0.03787355610727015, 
        0.0067459157613443815
      ], 
      [
        0.005891926083461003, 
        0.3239607836797579, 
        -0.9460524716699066
      ], 
      [
        -0.03801529461901992, 
        -0.9453121319774153, 
        -0.3239443003934418
      ]
    ], 
    "trans_mat": [
      0.10464113488452978, 
      0.009584806601174306, 
      0.7981253700699301
    ]
  }, 
  {
    "img": "/media/hdd/YCBvideo/YCB_Video_Dataset/YCB_Video_Dataset/data/0018/000015-label.png", 
    "mask": "/media/hdd/YCBvideo/YCB_Video_Dataset/Generated_YCB_Video_Dataset/mask/0018/000015-mask-01.png", 
    "depth_minmax": [
      0.773, 
      0.865
    ], 
    "model": "/media/hdd/YCBvideo/YCB_Video_Dataset/YCB_Video_Dataset/models/051_large_clamp/textured.obj", 
    "rot_mat": [
      [
        -0.7063310627855767, 
        0.7077005913939306, 
        0.01602265438115067
      ], 
      [
        0.24116006429047782, 
        0.2618504285166031, 
        -0.9344920539829576
      ], 
      [
        -0.6655354897857197, 
        -0.6561971244762316, 
        -0.3556216142578837
      ]
    ], 
    "trans_mat": [
      -0.11582090334964198, 
      -0.15823878092114982, 
      0.8468964649863968
    ]
  }, 
  {
    "img": "/media/hdd/YCBvideo/YCB_Video_Dataset/YCB_Video_Dataset/data/0018/000015-label.png", 
    "mask": "/media/hdd/YCBvideo/YCB_Video_Dataset/Generated_YCB_Video_Dataset/mask/0018/000015-mask-00.png", 
    "depth_minmax": [
      0.754, 
      0.813
    ], 
    "model": "/media/hdd/YCBvideo/YCB_Video_Dataset/YCB_Video_Dataset/models/005_tomato_soup_can/textured.obj", 
    "rot_mat": [
      [
        -0.9991898835518149, 
        0.0395850654185268, 
        0.0073219646184047036
      ], 
      [
        0.0058767548279972555, 
        0.323362954907915, 
        -0.9462568822398361
      ], 
      [
        -0.0398239128545602, 
        -0.9454459925090188, 
        -0.3233332586310467
      ]
    ], 
    "trans_mat": [
      0.10298980510142655, 
      0.010199754149010136, 
      0.7992324471655189
    ]
  }, 
  {
    "img": "/media/hdd/YCBvideo/YCB_Video_Dataset/YCB_Video_Dataset/data/0018/000016-label.png", 
    "mask": "/media/hdd/YCBvideo/YCB_Video_Dataset/Generated_YCB_Video_Dataset/mask/0018/000016-mask-01.png", 
    "depth_minmax": [
      0.783, 
      0.872
    ], 
    "model": "/media/hdd/YCBvideo/YCB_Video_Dataset/YCB_Video_Dataset/models/051_large_clamp/textured.obj", 
    "rot_mat": [
      [
        -0.7051156225268377, 
        0.7088879555017813, 
        0.017014570595416736
      ], 
      [
        0.24011870508467492, 
        0.26128053969317766, 
        -0.9349197644816082
      ], 
      [
        -0.6671998917691303, 
        -0.6551406605725233, 
        -0.35445037315518935
      ]
    ], 
    "trans_mat": [
      -0.1169272757552586, 
      -0.15701861672667283, 
      0.8477656415376856
    ]
  }, 
  {
    "img": "/media/hdd/YCBvideo/YCB_Video_Dataset/YCB_Video_Dataset/data/0018/000016-label.png", 
    "mask": "/media/hdd/YCBvideo/YCB_Video_Dataset/Generated_YCB_Video_Dataset/mask/0018/000016-mask-00.png", 
    "depth_minmax": [
      0.754, 
      0.813
    ], 
    "model": "/media/hdd/YCBvideo/YCB_Video_Dataset/YCB_Video_Dataset/models/005_tomato_soup_can/textured.obj", 
    "rot_mat": [
      [
        -0.9991121791163134, 
        0.04131548979973032, 
        0.008255034307839615
      ], 
      [
        0.005503082790395823, 
        0.3222230020068794, 
        -0.9466480523709763
      ], 
      [
        -0.04177146765098696, 
        -0.9457614464478487, 
        -0.3221646362992775
      ]
    ], 
    "trans_mat": [
      0.1019210427113788, 
      0.011432894472459943, 
      0.8003212897236455
    ]
  }, 
  {
    "img": "/media/hdd/YCBvideo/YCB_Video_Dataset/YCB_Video_Dataset/data/0018/000017-label.png", 
    "mask": "/media/hdd/YCBvideo/YCB_Video_Dataset/Generated_YCB_Video_Dataset/mask/0018/000017-mask-01.png", 
    "depth_minmax": [
      0.777, 
      0.865
    ], 
    "model": "/media/hdd/YCBvideo/YCB_Video_Dataset/YCB_Video_Dataset/models/051_large_clamp/textured.obj", 
    "rot_mat": [
      [
        -0.7034322788993007, 
        0.7105957602527432, 
        0.015413242523175755
      ], 
      [
        0.24126798062793572, 
        0.2591213148171275, 
        -0.9352249575635717
      ], 
      [
        -0.6685604537286045, 
        -0.6541485598280468, 
        -0.3537175744663905
      ]
    ], 
    "trans_mat": [
      -0.11894261676521647, 
      -0.1562994210178826, 
      0.8485590706103245
    ]
  }, 
  {
    "img": "/media/hdd/YCBvideo/YCB_Video_Dataset/YCB_Video_Dataset/data/0018/000017-label.png", 
    "mask": "/media/hdd/YCBvideo/YCB_Video_Dataset/Generated_YCB_Video_Dataset/mask/0018/000017-mask-00.png", 
    "depth_minmax": [
      0.756, 
      0.81
    ], 
    "model": "/media/hdd/YCBvideo/YCB_Video_Dataset/YCB_Video_Dataset/models/005_tomato_soup_can/textured.obj", 
    "rot_mat": [
      [
        -0.999025768130753, 
        0.043655343263430756, 
        0.0065721459880374805
      ], 
      [
        0.007815620540183704, 
        0.32141016790348, 
        -0.9469082527502584
      ], 
      [
        -0.043449151435185615, 
        -0.9459329038055249, 
        -0.3214377469021554
      ]
    ], 
    "trans_mat": [
      0.10037980964353538, 
      0.011602274689146708, 
      0.8013546314230373
    ]
  }, 
  {
    "img": "/media/hdd/YCBvideo/YCB_Video_Dataset/YCB_Video_Dataset/data/0018/000018-label.png", 
    "mask": "/media/hdd/YCBvideo/YCB_Video_Dataset/Generated_YCB_Video_Dataset/mask/0018/000018-mask-01.png", 
    "depth_minmax": [
      0.773, 
      0.862
    ], 
    "model": "/media/hdd/YCBvideo/YCB_Video_Dataset/YCB_Video_Dataset/models/051_large_clamp/textured.obj", 
    "rot_mat": [
      [
        -0.702662011564688, 
        0.7113732530305009, 
        0.014651166654698842
      ], 
      [
        0.24167021458167798, 
        0.25797772679359793, 
        -0.935436413622691
      ], 
      [
        -0.6692239299709954, 
        -0.6537555218130784, 
        -0.3531882124989631
      ]
    ], 
    "trans_mat": [
      -0.12020173852918192, 
      -0.15552631681647486, 
      0.8490734744485826
    ]
  }, 
  {
    "img": "/media/hdd/YCBvideo/YCB_Video_Dataset/YCB_Video_Dataset/data/0018/000018-label.png", 
    "mask": "/media/hdd/YCBvideo/YCB_Video_Dataset/Generated_YCB_Video_Dataset/mask/0018/000018-mask-00.png", 
    "depth_minmax": [
      0.758, 
      0.81
    ], 
    "model": "/media/hdd/YCBvideo/YCB_Video_Dataset/YCB_Video_Dataset/models/005_tomato_soup_can/textured.obj", 
    "rot_mat": [
      [
        -0.9989833169872803, 
        0.04472209169530883, 
        0.005772888768156979
      ], 
      [
        0.00888930060952326, 
        0.3208377047979733, 
        -0.947092094588016
      ], 
      [
        -0.04420686766065041, 
        -0.946077083940288, 
        -0.3209086131816204
      ]
    ], 
    "trans_mat": [
      0.09934073526630832, 
      0.012107975772823666, 
      0.8019415755351019
    ]
  }, 
  {
    "img": "/media/hdd/YCBvideo/YCB_Video_Dataset/YCB_Video_Dataset/data/0018/000019-label.png", 
    "mask": "/media/hdd/YCBvideo/YCB_Video_Dataset/Generated_YCB_Video_Dataset/mask/0018/000019-mask-01.png", 
    "depth_minmax": [
      0.773, 
      0.865
    ], 
    "model": "/media/hdd/YCBvideo/YCB_Video_Dataset/YCB_Video_Dataset/models/051_large_clamp/textured.obj", 
    "rot_mat": [
      [
        -0.7020038667516791, 
        0.7120084267633219, 
        0.015314869399375297
      ], 
      [
        0.24058160643189672, 
        0.257332007572952, 
        -0.9358952609481447
      ], 
      [
        -0.6703067080400291, 
        -0.6533175792281839, 
        -0.3519446853186634
      ]
    ], 
    "trans_mat": [
      -0.12105161437125936, 
      -0.1551297868681111, 
      0.8495872928299321
    ]
  }, 
  {
    "img": "/media/hdd/YCBvideo/YCB_Video_Dataset/YCB_Video_Dataset/data/0018/000019-label.png", 
    "mask": "/media/hdd/YCBvideo/YCB_Video_Dataset/Generated_YCB_Video_Dataset/mask/0018/000019-mask-00.png", 
    "depth_minmax": [
      0.757, 
      0.81
    ], 
    "model": "/media/hdd/YCBvideo/YCB_Video_Dataset/YCB_Video_Dataset/models/005_tomato_soup_can/textured.obj", 
    "rot_mat": [
      [
        -0.9989368919440763, 
        0.04565778852975111, 
        0.006404883786264493
      ], 
      [
        0.008532714820977408, 
        0.31960898810815025, 
        -0.9475112157933042
      ], 
      [
        -0.045307969187955016, 
        -0.9464483921351398, 
        -0.31965950558591444
      ]
    ], 
    "trans_mat": [
      0.09849209949310361, 
      0.012508171515696505, 
      0.8024749398509728
    ]
  }, 
  {
    "img": "/media/hdd/YCBvideo/YCB_Video_Dataset/YCB_Video_Dataset/data/0018/000020-label.png", 
    "mask": "/media/hdd/YCBvideo/YCB_Video_Dataset/Generated_YCB_Video_Dataset/mask/0018/000020-mask-01.png", 
    "depth_minmax": [
      0.78, 
      0.865
    ], 
    "model": "/media/hdd/YCBvideo/YCB_Video_Dataset/YCB_Video_Dataset/models/051_large_clamp/textured.obj", 
    "rot_mat": [
      [
        -0.7017262540078752, 
        0.7123199150325006, 
        0.013457871884720975
      ], 
      [
        0.24235241884048914, 
        0.25642584684422715, 
        -0.9356867970847446
      ], 
      [
        -0.6699594569657951, 
        -0.6533346892438469, 
        -0.35257302448252215
      ]
    ], 
    "trans_mat": [
      -0.1214206330833365, 
      -0.15573127563108402, 
      0.8496001263554143
    ]
  }, 
  {
    "img": "/media/hdd/YCBvideo/YCB_Video_Dataset/YCB_Video_Dataset/data/0018/000020-label.png", 
    "mask": "/media/hdd/YCBvideo/YCB_Video_Dataset/Generated_YCB_Video_Dataset/mask/0018/000020-mask-00.png", 
    "depth_minmax": [
      0.759, 
      0.81
    ], 
    "model": "/media/hdd/YCBvideo/YCB_Video_Dataset/YCB_Video_Dataset/models/005_tomato_soup_can/textured.obj", 
    "rot_mat": [
      [
        -0.9989312272289901, 
        0.04601031230877582, 
        0.004534527520053207
      ], 
      [
        0.01044609125557901, 
        0.32015474879828654, 
        -0.9473075069144611
      ], 
      [
        -0.04503696113295883, 
        -0.9462468527347678, 
        -0.32029324301930295
      ]
    ], 
    "trans_mat": [
      0.09842628654921692, 
      0.011523925409213093, 
      0.8025413365536044
    ]
  }, 
  {
    "img": "/media/hdd/YCBvideo/YCB_Video_Dataset/YCB_Video_Dataset/data/0018/000021-label.png", 
    "mask": "/media/hdd/YCBvideo/YCB_Video_Dataset/Generated_YCB_Video_Dataset/mask/0018/000021-mask-01.png", 
    "depth_minmax": [
      0.768, 
      0.884
    ], 
    "model": "/media/hdd/YCBvideo/YCB_Video_Dataset/YCB_Video_Dataset/models/051_large_clamp/textured.obj", 
    "rot_mat": [
      [
        -0.701722040347798, 
        0.7123352978018138, 
        0.012854940815599151
      ], 
      [
        0.24241393888701518, 
        0.2556911147143114, 
        -0.935872005824329
      ], 
      [
        -0.6699424303744533, 
        -0.6536061103253694, 
        -0.3521039900652754
      ]
    ], 
    "trans_mat": [
      -0.12044318423942446, 
      -0.15560789985096943, 
      0.8497907852618465
    ]
  }, 
  {
    "img": "/media/hdd/YCBvideo/YCB_Video_Dataset/YCB_Video_Dataset/data/0018/000021-label.png", 
    "mask": "/media/hdd/YCBvideo/YCB_Video_Dataset/Generated_YCB_Video_Dataset/mask/0018/000021-mask-00.png", 
    "depth_minmax": [
      0.758, 
      0.81
    ], 
    "model": "/media/hdd/YCBvideo/YCB_Video_Dataset/YCB_Video_Dataset/models/005_tomato_soup_can/textured.obj", 
    "rot_mat": [
      [
        -0.9989341628926884, 
        0.046003544291954544, 
        0.00393143028505041
      ], 
      [
        0.010991804217619305, 
        0.3196514921874896, 
        -0.9474713631841909
      ], 
      [
        -0.04484349266654176, 
        -0.9464179983456047, 
        -0.31981655442217377
      ]
    ], 
    "trans_mat": [
      0.09948950108192497, 
      0.01149844660136081, 
      0.8026038715565252
    ]
  }, 
  {
    "img": "/media/hdd/YCBvideo/YCB_Video_Dataset/YCB_Video_Dataset/data/0018/000022-label.png", 
    "mask": "/media/hdd/YCBvideo/YCB_Video_Dataset/Generated_YCB_Video_Dataset/mask/0018/000022-mask-01.png", 
    "depth_minmax": [
      0.769, 
      0.869
    ], 
    "model": "/media/hdd/YCBvideo/YCB_Video_Dataset/YCB_Video_Dataset/models/051_large_clamp/textured.obj", 
    "rot_mat": [
      [
        -0.7024882995308643, 
        0.7115897192793037, 
        0.01230548357132232
      ], 
      [
        0.24306432221965943, 
        0.256134493019003, 
        -0.9355823871493837
      ], 
      [
        -0.6689029874397057, 
        -0.654244580313189, 
        -0.3528927013963128
      ]
    ], 
    "trans_mat": [
      -0.1197505462116494, 
      -0.1561374824755612, 
      0.849677158630017
    ]
  }, 
  {
    "img": "/media/hdd/YCBvideo/YCB_Video_Dataset/YCB_Video_Dataset/data/0018/000022-label.png", 
    "mask": "/media/hdd/YCBvideo/YCB_Video_Dataset/Generated_YCB_Video_Dataset/mask/0018/000022-mask-00.png", 
    "depth_minmax": [
      0.759, 
      0.811
    ], 
    "model": "/media/hdd/YCBvideo/YCB_Video_Dataset/YCB_Video_Dataset/models/005_tomato_soup_can/textured.obj", 
    "rot_mat": [
      [
        -0.9989857326299554, 
        0.04491743599771402, 
        0.003418933785438216
      ], 
      [
        0.011165596561093304, 
        0.3204283428464555, 
        -0.9472072408093786
      ], 
      [
        -0.04364127363834687, 
        -0.9462073583850027, 
        -0.3206042426289264
      ]
    ], 
    "trans_mat": [
      0.10014872234586678, 
      0.010977814307984146, 
      0.8023658068457666
    ]
  }, 
  {
    "img": "/media/hdd/YCBvideo/YCB_Video_Dataset/YCB_Video_Dataset/data/0018/000023-label.png", 
    "mask": "/media/hdd/YCBvideo/YCB_Video_Dataset/Generated_YCB_Video_Dataset/mask/0018/000023-mask-01.png", 
    "depth_minmax": [
      0.769, 
      0.887
    ], 
    "model": "/media/hdd/YCBvideo/YCB_Video_Dataset/YCB_Video_Dataset/models/051_large_clamp/textured.obj", 
    "rot_mat": [
      [
        -0.7029649111300219, 
        0.7111039777475984, 
        0.013102843676531972
      ], 
      [
        0.24251169299652486, 
        0.25697265833654165, 
        -0.9354957196538404
      ], 
      [
        -0.6686027889731513, 
        -0.6544431604238219, 
        -0.353094055301882
      ]
    ], 
    "trans_mat": [
      -0.11940332862329076, 
      -0.15625689144168375, 
      0.8496165042872481
    ]
  }, 
  {
    "img": "/media/hdd/YCBvideo/YCB_Video_Dataset/YCB_Video_Dataset/data/0018/000023-label.png", 
    "mask": "/media/hdd/YCBvideo/YCB_Video_Dataset/Generated_YCB_Video_Dataset/mask/0018/000023-mask-00.png", 
    "depth_minmax": [
      0.754, 
      0.81
    ], 
    "model": "/media/hdd/YCBvideo/YCB_Video_Dataset/YCB_Video_Dataset/models/005_tomato_soup_can/textured.obj", 
    "rot_mat": [
      [
        -0.9990112251882262, 
        0.04426525577671296, 
        0.004239237505484118
      ], 
      [
        0.01019001131227238, 
        0.3206704215597887, 
        -0.9471360822302257
      ], 
      [
        -0.043284619868888714, 
        -0.946156006712867, 
        -0.3208048860388124
      ]
    ], 
    "trans_mat": [
      0.10031409031806329, 
      0.011084943060018384, 
      0.8022623281637762
    ]
  }, 
  {
    "img": "/media/hdd/YCBvideo/YCB_Video_Dataset/YCB_Video_Dataset/data/0018/000024-label.png", 
    "mask": "/media/hdd/YCBvideo/YCB_Video_Dataset/Generated_YCB_Video_Dataset/mask/0018/000024-mask-01.png", 
    "depth_minmax": [
      0.769, 
      0.878
    ], 
    "model": "/media/hdd/YCBvideo/YCB_Video_Dataset/YCB_Video_Dataset/models/051_large_clamp/textured.obj", 
    "rot_mat": [
      [
        -0.702958941993379, 
        0.7111094273911206, 
        0.013107052233526857
      ], 
      [
        0.2426286705592918, 
        0.25708968099550605, 
        -0.9354331924086117
      ], 
      [
        -0.6685656006535934, 
        -0.654390973322644, 
        -0.35325942252343784
      ]
    ], 
    "trans_mat": [
      -0.11921785220627543, 
      -0.1563005444142707, 
      0.8495731954839174
    ]
  }, 
  {
    "img": "/media/hdd/YCBvideo/YCB_Video_Dataset/YCB_Video_Dataset/data/0018/000024-label.png", 
    "mask": "/media/hdd/YCBvideo/YCB_Video_Dataset/Generated_YCB_Video_Dataset/mask/0018/000024-mask-00.png", 
    "depth_minmax": [
      0.756, 
      0.81
    ], 
    "model": "/media/hdd/YCBvideo/YCB_Video_Dataset/YCB_Video_Dataset/models/005_tomato_soup_can/textured.obj", 
    "rot_mat": [
      [
        -0.9990105794243462, 
        0.0442734513106353, 
        0.004243169088649165
      ], 
      [
        0.010195864919614522, 
        0.320837834534009, 
        -0.9470792814589563
      ], 
      [
        -0.04329158074244309, 
        -0.9460982230952322, 
        -0.3209724133918919
      ]
    ], 
    "trans_mat": [
      0.10049975435549585, 
