[
  {
    "img": "/media/hdd/YCBvideo/YCB_Video_Dataset/YCB_Video_Dataset/data/0020/000001-label.png", 
    "mask": "/media/hdd/YCBvideo/YCB_Video_Dataset/Generated_YCB_Video_Dataset/mask/0020/000001-mask-02.png", 
    "depth_minmax": [
      0.935, 
      0.971
    ], 
    "model": "/media/hdd/YCBvideo/YCB_Video_Dataset/YCB_Video_Dataset/models/011_banana/textured.obj", 
    "rot_mat": [
      [
        0.46944824703952187, 
        0.8815027344107143, 
        0.05072366958392018
      ], 
      [
        0.7513800637358974, 
        -0.3686592808333515, 
        -0.5472841688913678
      ], 
      [
        -0.46373095063283215, 
        0.2950345928336113, 
        -0.8354086255647422
      ]
    ], 
    "trans_mat": [
      -0.12956597838087117, 
      -0.15863649460048646, 
      0.9672226728334921
    ]
  }, 
  {
    "img": "/media/hdd/YCBvideo/YCB_Video_Dataset/YCB_Video_Dataset/data/0020/000001-label.png", 
    "mask": "/media/hdd/YCBvideo/YCB_Video_Dataset/Generated_YCB_Video_Dataset/mask/0020/000001-mask-00.png", 
    "depth_minmax": [
      0.951, 
      1.065
    ], 
    "model": "/media/hdd/YCBvideo/YCB_Video_Dataset/YCB_Video_Dataset/models/004_sugar_box/textured.obj", 
    "rot_mat": [
      [
        -0.41856576796819617, 
        0.010905059573425142, 
        -0.9081216171489302
      ], 
      [
        0.43868372440556297, 
        -0.8731123768924394, 
        -0.2126799690416438
      ], 
      [
        -0.7952112966461606, 
        -0.48739799825059277, 
        0.3606701928232174
      ]
    ], 
    "trans_mat": [
      0.1936793462587163, 
      0.04783631996244843, 
      1.019010196263399
    ]
  }, 
  {
    "img": "/media/hdd/YCBvideo/YCB_Video_Dataset/YCB_Video_Dataset/data/0020/000001-label.png", 
    "mask": "/media/hdd/YCBvideo/YCB_Video_Dataset/Generated_YCB_Video_Dataset/mask/0020/000001-mask-01.png", 
    "depth_minmax": [
      0.939, 
      0.997
    ], 
    "model": "/media/hdd/YCBvideo/YCB_Video_Dataset/YCB_Video_Dataset/models/008_pudding_box/textured.obj", 
    "rot_mat": [
      [
        -0.9166034953236895, 
        -0.396141584763323, 
        -0.05395034949378412
      ], 
      [
        -0.17649971601587847, 
        0.5220361540440004, 
        -0.8344616583360109
      ], 
      [
        0.3587275624769416, 
        -0.7553480457248128, 
        -0.5484185734422216
      ]
    ], 
    "trans_mat": [
      -0.22026094909660165, 
      0.09250303464037819, 
      0.9903252519264241
    ]
  }, 
  {
    "img": "/media/hdd/YCBvideo/YCB_Video_Dataset/YCB_Video_Dataset/data/0020/000002-label.png", 
    "mask": "/media/hdd/YCBvideo/YCB_Video_Dataset/Generated_YCB_Video_Dataset/mask/0020/000002-mask-02.png", 
    "depth_minmax": [
      0.935, 
      0.973
    ], 
    "model": "/media/hdd/YCBvideo/YCB_Video_Dataset/YCB_Video_Dataset/models/011_banana/textured.obj", 
    "rot_mat": [
      [
        0.46907819324593086, 
        0.8817167720962117, 
        0.05041426337901185
      ], 
      [
        0.7520146653879237, 
        -0.36884160239163416, 
        -0.5462874118675336
      ], 
      [
        -0.4630746903485644, 
        0.2941639251463878, 
        -0.8360790729860018
      ]
    ], 
    "trans_mat": [
      -0.1288174390162125, 
      -0.15929516401808266, 
      0.966690647400519
    ]
  }, 
  {
    "img": "/media/hdd/YCBvideo/YCB_Video_Dataset/YCB_Video_Dataset/data/0020/000002-label.png", 
    "mask": "/media/hdd/YCBvideo/YCB_Video_Dataset/Generated_YCB_Video_Dataset/mask/0020/000002-mask-00.png", 
    "depth_minmax": [
      0.95, 
      1.065
    ], 
    "model": "/media/hdd/YCBvideo/YCB_Video_Dataset/YCB_Video_Dataset/models/004_sugar_box/textured.obj", 
    "rot_mat": [
      [
        -0.41903999170224027, 
        0.010828467341866746, 
        -0.9079031449195089
      ], 
      [
        0.4395434589924999, 
        -0.8725335405948251, 
        -0.2132760328785412
      ], 
      [
        -0.7944857990508417, 
        -0.4884339881440419, 
        0.3608667046498937
      ]
    ], 
    "trans_mat": [
      0.19441445003969746, 
      0.0471768893703827, 
      1.018562462274245
    ]
  }, 
  {
    "img": "/media/hdd/YCBvideo/YCB_Video_Dataset/YCB_Video_Dataset/data/0020/000002-label.png", 
    "mask": "/media/hdd/YCBvideo/YCB_Video_Dataset/Generated_YCB_Video_Dataset/mask/0020/000002-mask-01.png", 
    "depth_minmax": [
      0.943, 
      0.997
    ], 
    "model": "/media/hdd/YCBvideo/YCB_Video_Dataset/YCB_Video_Dataset/models/008_pudding_box/textured.obj", 
    "rot_mat": [
      [
        -0.9163927632952399, 
        -0.396611802155202, 
        -0.05406424297218396
      ], 
      [
        -0.17709513164530388, 
        0.5228529070459825, 
        -0.8338230041006347
      ], 
      [
        0.35897099061637194, 
        -0.7545352173398792, 
        -0.5493768480087051
      ]
    ], 
    "trans_mat": [
      -0.21954806752853626, 
      0.09179968928377555, 
      0.990134548528998
    ]
  }, 
  {
    "img": "/media/hdd/YCBvideo/YCB_Video_Dataset/YCB_Video_Dataset/data/0020/000003-label.png", 
    "mask": "/media/hdd/YCBvideo/YCB_Video_Dataset/Generated_YCB_Video_Dataset/mask/0020/000003-mask-02.png", 
    "depth_minmax": [
      0.935, 
      0.97
    ], 
    "model": "/media/hdd/YCBvideo/YCB_Video_Dataset/YCB_Video_Dataset/models/011_banana/textured.obj", 
    "rot_mat": [
      [
        0.4690188970742074, 
        0.8818689640039803, 
        0.04826792772967001
      ], 
      [
        0.7521878406911345, 
        -0.3702118937492701, 
        -0.5451220370325037
      ], 
      [
        -0.4628560555174075, 
        0.29197847104480784, 
        -0.8369662927748103
      ]
    ], 
    "trans_mat": [
      -0.12757867726485228, 
      -0.16057089161045424, 
      0.9663457537925408
    ]
  }, 
  {
    "img": "/media/hdd/YCBvideo/YCB_Video_Dataset/YCB_Video_Dataset/data/0020/000003-label.png", 
    "mask": "/media/hdd/YCBvideo/YCB_Video_Dataset/Generated_YCB_Video_Dataset/mask/0020/000003-mask-00.png", 
    "depth_minmax": [
      0.95, 
      1.065
    ], 
    "model": "/media/hdd/YCBvideo/YCB_Video_Dataset/YCB_Video_Dataset/models/004_sugar_box/textured.obj", 
    "rot_mat": [
      [
        -0.4200512219871999, 
        0.008981498829846682, 
        -0.9074564267666881
      ], 
      [
        0.4411487232327346, 
        -0.8718322978471943, 
        -0.21283199110240608
      ], 
      [
        -0.7930610895556701, 
        -0.48972277693904986, 
        0.36225248675549576
      ]
    ], 
    "trans_mat": [
      0.19597074538770698, 
      0.045480066011784795, 
      1.0179137413547144
    ]
  }, 
  {
    "img": "/media/hdd/YCBvideo/YCB_Video_Dataset/YCB_Video_Dataset/data/0020/000003-label.png", 
    "mask": "/media/hdd/YCBvideo/YCB_Video_Dataset/Generated_YCB_Video_Dataset/mask/0020/000003-mask-01.png", 
    "depth_minmax": [
      0.943, 
      1.003
    ], 
    "model": "/media/hdd/YCBvideo/YCB_Video_Dataset/YCB_Video_Dataset/models/008_pudding_box/textured.obj", 
    "rot_mat": [
      [
        -0.9159107901212098, 
        -0.3974592062057938, 
        -0.055983367390120976
      ], 
      [
        -0.17663929322522595, 
        0.5243758982751132, 
        -0.8329636472144949
      ], 
      [
        0.3604252949451403, 
        -0.75303129222294, 
        -0.5504878711405181
      ]
    ], 
    "trans_mat": [
      -0.21799625550952206, 
      0.09058646395606598, 
      0.9903245743930075
    ]
  }, 
  {
    "img": "/media/hdd/YCBvideo/YCB_Video_Dataset/YCB_Video_Dataset/data/0020/000004-label.png", 
    "mask": "/media/hdd/YCBvideo/YCB_Video_Dataset/Generated_YCB_Video_Dataset/mask/0020/000004-mask-02.png", 
    "depth_minmax": [
      0.935, 
      0.976
    ], 
    "model": "/media/hdd/YCBvideo/YCB_Video_Dataset/YCB_Video_Dataset/models/011_banana/textured.obj", 
    "rot_mat": [
      [
        0.4676483496810514, 
        0.8825665685587976, 
        0.048803226756014055
      ], 
      [
        0.7531999874184637, 
        -0.3689888627032294, 
        -0.5445513130024124
      ], 
      [
        -0.46259419474999197, 
        0.29141718180666243, 
        -0.8373060593692422
      ]
    ], 
    "trans_mat": [
      -0.12667599958168266, 
      -0.16157333421675407, 
      0.9656639413076367
    ]
  }, 
  {
    "img": "/media/hdd/YCBvideo/YCB_Video_Dataset/YCB_Video_Dataset/data/0020/000004-label.png", 
    "mask": "/media/hdd/YCBvideo/YCB_Video_Dataset/Generated_YCB_Video_Dataset/mask/0020/000004-mask-00.png", 
    "depth_minmax": [
      0.948, 
      1.064
    ], 
    "model": "/media/hdd/YCBvideo/YCB_Video_Dataset/YCB_Video_Dataset/models/004_sugar_box/textured.obj", 
    "rot_mat": [
      [
        -0.42105723186966654, 
        0.010168821003134628, 
        -0.9069770436245772
      ], 
      [
        0.44095072387604733, 
        -0.8715273845787057, 
        -0.21447935139303764
      ], 
      [
        -0.7926370371069865, 
        -0.49024027835382145, 
        0.3624792675192989
      ]
    ], 
    "trans_mat": [
      0.19656719955104232, 
      0.04495818894419945, 
      1.017227737442442
    ]
  }, 
  {
    "img": "/media/hdd/YCBvideo/YCB_Video_Dataset/YCB_Video_Dataset/data/0020/000004-label.png", 
    "mask": "/media/hdd/YCBvideo/YCB_Video_Dataset/Generated_YCB_Video_Dataset/mask/0020/000004-mask-01.png", 
    "depth_minmax": [
      0.941, 
      0.997
    ], 
    "model": "/media/hdd/YCBvideo/YCB_Video_Dataset/YCB_Video_Dataset/models/008_pudding_box/textured.obj", 
    "rot_mat": [
      [
        -0.9154893242199417, 
        -0.3985812234723956, 
        -0.054881079776846406
      ], 
      [
        -0.17829903500501323, 
        0.5241898189778236, 
        -0.8327257371933953
      ], 
      [
        0.3606767149776502, 
        -0.752566944683294, 
        -0.5509571543672824
      ]
    ], 
    "trans_mat": [
      -0.217481137310693, 
      0.08942631749633842, 
      0.98982605516386
    ]
  }, 
  {
    "img": "/media/hdd/YCBvideo/YCB_Video_Dataset/YCB_Video_Dataset/data/0020/000005-label.png", 
    "mask": "/media/hdd/YCBvideo/YCB_Video_Dataset/Generated_YCB_Video_Dataset/mask/0020/000005-mask-02.png", 
    "depth_minmax": [
      0.933, 
      0.971
    ], 
    "model": "/media/hdd/YCBvideo/YCB_Video_Dataset/YCB_Video_Dataset/models/011_banana/textured.obj", 
    "rot_mat": [
      [
        0.4671521709164785, 
        0.8829012881831448, 
        0.04748026326022942
      ], 
      [
        0.7531201600602153, 
        -0.3692008507530022, 
        -0.5445190674358227
      ], 
      [
        -0.4632254703276726, 
        0.2901311212748064, 
        -0.8374033156943559
      ]
    ], 
    "trans_mat": [
      -0.12520382754351092, 
      -0.16278588057974175, 
      0.9653221642882698
    ]
  }, 
  {
    "img": "/media/hdd/YCBvideo/YCB_Video_Dataset/YCB_Video_Dataset/data/0020/000005-label.png", 
    "mask": "/media/hdd/YCBvideo/YCB_Video_Dataset/Generated_YCB_Video_Dataset/mask/0020/000005-mask-00.png", 
    "depth_minmax": [
      0.948, 
      1.059
    ], 
    "model": "/media/hdd/YCBvideo/YCB_Video_Dataset/YCB_Video_Dataset/models/004_sugar_box/textured.obj", 
    "rot_mat": [
      [
        -0.4220955894935832, 
        0.009270895041716373, 
        -0.9065037490063547
      ], 
      [
        0.4410858903046371, 
        -0.8715046994062935, 
        -0.21429613975326162
      ], 
      [
        -0.7920088336289326, 
        -0.490299564480711, 
        0.36376913718361226
      ]
    ], 
    "trans_mat": [
      0.19815906661367733, 
      0.04367104470372231, 
      1.0164327849540675
    ]
  }, 
  {
    "img": "/media/hdd/YCBvideo/YCB_Video_Dataset/YCB_Video_Dataset/data/0020/000005-label.png", 
    "mask": "/media/hdd/YCBvideo/YCB_Video_Dataset/Generated_YCB_Video_Dataset/mask/0020/000005-mask-01.png", 
    "depth_minmax": [
      0.943, 
      1.007
    ], 
    "model": "/media/hdd/YCBvideo/YCB_Video_Dataset/YCB_Video_Dataset/models/008_pudding_box/textured.obj", 
    "rot_mat": [
      [
        -0.9150105306373963, 
        -0.39954353705491436, 
        -0.05585738466073326
      ], 
      [
        -0.17811381354910627, 
        0.5243179436303322, 
        -0.8326853867126485
      ], 
      [
        0.3619806844136773, 
        -0.7519667165413602, 
        -0.5509209952834142
      ]
    ], 
    "trans_mat": [
      -0.21591816845203912, 
      0.08823288886123773, 
      0.9896276095667874
    ]
  }, 
  {
    "img": "/media/hdd/YCBvideo/YCB_Video_Dataset/YCB_Video_Dataset/data/0020/000006-label.png", 
    "mask": "/media/hdd/YCBvideo/YCB_Video_Dataset/Generated_YCB_Video_Dataset/mask/0020/000006-mask-02.png", 
    "depth_minmax": [
      0.935, 
      0.969
    ], 
    "model": "/media/hdd/YCBvideo/YCB_Video_Dataset/YCB_Video_Dataset/models/011_banana/textured.obj", 
    "rot_mat": [
      [
        0.466231081028515, 
        0.8834201981829408, 
        0.04688970682522508
      ], 
      [
        0.754200961949579, 
        -0.3692139769773442, 
        -0.5430119205185266
      ], 
      [
        -0.4623941353997827, 
        0.28853316511128274, 
        -0.8384150411271832
      ]
    ], 
    "trans_mat": [
      -0.12474351643236362, 
      -0.16402671282736733, 
      0.9644877011506188
    ]
  }, 
  {
    "img": "/media/hdd/YCBvideo/YCB_Video_Dataset/YCB_Video_Dataset/data/0020/000006-label.png", 
    "mask": "/media/hdd/YCBvideo/YCB_Video_Dataset/Generated_YCB_Video_Dataset/mask/0020/000006-mask-00.png", 
    "depth_minmax": [
      0.947, 
      1.059
    ], 
    "model": "/media/hdd/YCBvideo/YCB_Video_Dataset/YCB_Video_Dataset/models/004_sugar_box/textured.obj", 
    "rot_mat": [
      [
        -0.42319299850192893, 
        0.009236681173030692, 
        -0.9059929099534683
      ], 
      [
        0.442245774150279, 
        -0.8706317097081634, 
        -0.2154504189038587
      ], 
      [
        -0.7907764095775671, 
        -0.49184867617273176, 
        0.36436036595700017
      ]
    ], 
    "trans_mat": [
      0.19855771612099404, 
      0.04252219895058888, 
      1.0156168831825354
    ]
  }, 
  {
    "img": "/media/hdd/YCBvideo/YCB_Video_Dataset/YCB_Video_Dataset/data/0020/000006-label.png", 
    "mask": "/media/hdd/YCBvideo/YCB_Video_Dataset/Generated_YCB_Video_Dataset/mask/0020/000006-mask-01.png", 
    "depth_minmax": [
      0.943, 
      0.997
    ], 
    "model": "/media/hdd/YCBvideo/YCB_Video_Dataset/YCB_Video_Dataset/models/008_pudding_box/textured.obj", 
    "rot_mat": [
      [
        -0.9145220029813587, 
        -0.400644952951928, 
        -0.055978440921065596
      ], 
      [
        -0.17926980540593196, 
        0.5254196759328844, 
        -0.8317421665963918
      ], 
      [
        0.3626449553930501, 
        -0.7506114263756918, 
        -0.5523317034329764
      ]
    ], 
    "trans_mat": [
      -0.2155732916745651, 
      0.08689741386132696, 
      0.9893337625731278
    ]
  }, 
  {
    "img": "/media/hdd/YCBvideo/YCB_Video_Dataset/YCB_Video_Dataset/data/0020/000007-label.png", 
    "mask": "/media/hdd/YCBvideo/YCB_Video_Dataset/Generated_YCB_Video_Dataset/mask/0020/000007-mask-02.png", 
    "depth_minmax": [
      0.933, 
      0.969
    ], 
    "model": "/media/hdd/YCBvideo/YCB_Video_Dataset/YCB_Video_Dataset/models/011_banana/textured.obj", 
    "rot_mat": [
      [
        0.46667225176019134, 
        0.8831483913950902, 
        0.04760410964383387
      ], 
      [
        0.7543126291399556, 
        -0.36933591481334965, 
        -0.5427748770488866
      ], 
      [
        -0.46176775926229985, 
        0.2892064074214005, 
        -0.8385283937936265
      ]
    ], 
    "trans_mat": [
      -0.12509881619078167, 
      -0.16492913694711334, 
      0.9636634071598583
    ]
  }, 
  {
    "img": "/media/hdd/YCBvideo/YCB_Video_Dataset/YCB_Video_Dataset/data/0020/000007-label.png", 
    "mask": "/media/hdd/YCBvideo/YCB_Video_Dataset/Generated_YCB_Video_Dataset/mask/0020/000007-mask-00.png", 
    "depth_minmax": [
      0.945, 
      1.058
    ], 
    "model": "/media/hdd/YCBvideo/YCB_Video_Dataset/YCB_Video_Dataset/models/004_sugar_box/textured.obj", 
    "rot_mat": [
      [
        -0.42247565293946027, 
        0.00963086564526304, 
        -0.9063229357829479
      ], 
      [
        0.4424906693277526, 
        -0.8704921253824229, 
        -0.21551422076102894
      ], 
      [
        -0.7910229569963892, 
        -0.49208883952792243, 
        0.3635001411238396
      ]
    ], 
    "trans_mat": [
      0.19816637725804848, 
      0.04159088127457732, 
      1.0151365019932412
    ]
  }, 
  {
    "img": "/media/hdd/YCBvideo/YCB_Video_Dataset/YCB_Video_Dataset/data/0020/000007-label.png", 
    "mask": "/media/hdd/YCBvideo/YCB_Video_Dataset/Generated_YCB_Video_Dataset/mask/0020/000007-mask-01.png", 
    "depth_minmax": [
      0.94, 
      0.997
    ], 
    "model": "/media/hdd/YCBvideo/YCB_Video_Dataset/YCB_Video_Dataset/models/008_pudding_box/textured.obj", 
    "rot_mat": [
      [
        -0.9148488750758359, 
        -0.39995927337309417, 
        -0.055529130479897854
      ], 
      [
        -0.17933271855146724, 
        0.5256521408082225, 
        -0.8315823855076463
      ], 
      [
        0.3617875387477269, 
        -0.7508143745870739, 
        -0.5526182326366144
      ]
    ], 
    "trans_mat": [
      -0.21593907447190014, 
      0.08599207205008066, 
      0.9885010084190023
    ]
  }, 
  {
    "img": "/media/hdd/YCBvideo/YCB_Video_Dataset/YCB_Video_Dataset/data/0020/000008-label.png", 
    "mask": "/media/hdd/YCBvideo/YCB_Video_Dataset/Generated_YCB_Video_Dataset/mask/0020/000008-mask-02.png", 
    "depth_minmax": [
      0.933, 
      0.967
    ], 
    "model": "/media/hdd/YCBvideo/YCB_Video_Dataset/YCB_Video_Dataset/models/011_banana/textured.obj", 
    "rot_mat": [
      [
        0.4670539277492182, 
        0.8830128977322522, 
        0.046370809961419915
      ], 
      [
        0.7538203473339117, 
        -0.37021204515181355, 
        -0.5428610189383402
      ], 
      [
        -0.4621851620280692, 
        0.2885004440390371, 
        -0.8385407662299006
      ]
    ], 
    "trans_mat": [
      -0.12464435220584727, 
      -0.16598833312228103, 
      0.963088076514948
    ]
  }, 
  {
    "img": "/media/hdd/YCBvideo/YCB_Video_Dataset/YCB_Video_Dataset/data/0020/000008-label.png", 
    "mask": "/media/hdd/YCBvideo/YCB_Video_Dataset/Generated_YCB_Video_Dataset/mask/0020/000008-mask-00.png", 
    "depth_minmax": [
      0.945, 
      1.054
    ], 
    "model": "/media/hdd/YCBvideo/YCB_Video_Dataset/YCB_Video_Dataset/models/004_sugar_box/textured.obj", 
    "rot_mat": [
      [
        -0.4226774338530124, 
        0.008351089027459508, 
        -0.9062421966578484
      ], 
      [
        0.4428793897531174, 
        -0.8705236854488072, 
        -0.21458402397070175
      ], 
      [
        -0.7906971553854019, 
        -0.49205494817624645, 
        0.3642521163886346
      ]
    ], 
    "trans_mat": [
      0.19887093899443192, 
      0.04020813861140716, 
      1.014286622868126
    ]
  }, 
  {
    "img": "/media/hdd/YCBvideo/YCB_Video_Dataset/YCB_Video_Dataset/data/0020/000008-label.png", 
    "mask": "/media/hdd/YCBvideo/YCB_Video_Dataset/Generated_YCB_Video_Dataset/mask/0020/000008-mask-01.png", 
    "depth_minmax": [
      0.94, 
      1.001
    ], 
    "model": "/media/hdd/YCBvideo/YCB_Video_Dataset/YCB_Video_Dataset/models/008_pudding_box/textured.obj", 
    "rot_mat": [
      [
        -0.9147330885653745, 
        -0.40004436767242874, 
        -0.05681925182619204
      ], 
      [
        -0.1783940461031207, 
        0.5260199479255819, 
        -0.8315511244279938
      ], 
      [
        0.36254478230595116, 
        -0.7505109945274336, 
        -0.5525327657297463
      ]
    ], 
    "trans_mat": [
      -0.21521148721838032, 
      0.08502530318531709, 
      0.9879881427567041
    ]
  }, 
  {
    "img": "/media/hdd/YCBvideo/YCB_Video_Dataset/YCB_Video_Dataset/data/0020/000009-label.png", 
    "mask": "/media/hdd/YCBvideo/YCB_Video_Dataset/Generated_YCB_Video_Dataset/mask/0020/000009-mask-02.png", 
    "depth_minmax": [
      0.929, 
      0.97
    ], 
    "model": "/media/hdd/YCBvideo/YCB_Video_Dataset/YCB_Video_Dataset/models/011_banana/textured.obj", 
    "rot_mat": [
      [
        0.46635119817075915, 
        0.8833839387223916, 
        0.0463610354127103
      ], 
      [
        0.7543849989515629, 
        -0.36978755940097774, 
        -0.5423668665810967
      ], 
      [
        -0.4619727355704345, 
        0.28790708456682507, 
        -0.8388619864992184
      ]
    ], 
    "trans_mat": [
      -0.12458655747409086, 
      -0.1669279587325155, 
      0.9627525853983029
    ]
  }, 
  {
    "img": "/media/hdd/YCBvideo/YCB_Video_Dataset/YCB_Video_Dataset/data/0020/000009-label.png", 
    "mask": "/media/hdd/YCBvideo/YCB_Video_Dataset/Generated_YCB_Video_Dataset/mask/0020/000009-mask-00.png", 
    "depth_minmax": [
      0.945, 
      1.055
    ], 
    "model": "/media/hdd/YCBvideo/YCB_Video_Dataset/YCB_Video_Dataset/models/004_sugar_box/textured.obj", 
    "rot_mat": [
      [
        -0.4233180240557481, 
        0.008710662929768128, 
        -0.9059389685350481
      ], 
      [
        0.4430370694121401, 
        -0.8702463246330768, 
        -0.21538490769951948
      ], 
      [
        -0.7902658955365016, 
        -0.49254104043967295, 
        0.3645316013741055
      ]
    ], 
    "trans_mat": [
      0.19881447025216234, 
      0.039454249324084895, 
      1.013923175784925
    ]
  }, 
  {
    "img": "/media/hdd/YCBvideo/YCB_Video_Dataset/YCB_Video_Dataset/data/0020/000009-label.png", 
    "mask": "/media/hdd/YCBvideo/YCB_Video_Dataset/Generated_YCB_Video_Dataset/mask/0020/000009-mask-01.png", 
    "depth_minmax": [
      0.94, 
      1.005
    ], 
    "model": "/media/hdd/YCBvideo/YCB_Video_Dataset/YCB_Video_Dataset/models/008_pudding_box/textured.obj", 
    "rot_mat": [
      [
        -0.914454553108971, 
        -0.4007223195065174, 
        -0.05651201457805264
      ], 
      [
        -0.17919959359751564, 
        0.526170400471221, 
        -0.8312834251776355
      ], 
      [
        0.3628480557956818, 
        -0.7500436103880699, 
        -0.552968609299741
      ]
    ], 
    "trans_mat": [
      -0.21530876030847199, 
      0.08401206442709555, 
      0.9878315731531666
    ]
  }, 
  {
    "img": "/media/hdd/YCBvideo/YCB_Video_Dataset/YCB_Video_Dataset/data/0020/000010-label.png", 
    "mask": "/media/hdd/YCBvideo/YCB_Video_Dataset/Generated_YCB_Video_Dataset/mask/0020/000010-mask-02.png", 
    "depth_minmax": [
      0.93, 
      0.968
    ], 
    "model": "/media/hdd/YCBvideo/YCB_Video_Dataset/YCB_Video_Dataset/models/011_banana/textured.obj", 
    "rot_mat": [
      [
        0.46651531288514564, 
        0.8831918748101555, 
        0.048343503184908064
      ], 
      [
        0.7550532944749576, 
        -0.36917164464212665, 
        -0.5418545930788734
      ], 
      [
        -0.46071343192092556, 
        0.2892855948063535, 
        -0.839081056431701
      ]
    ], 
    "trans_mat": [
      -0.12577608432165208, 
      -0.16623716239468425, 
      0.9620828726996775
    ]
  }, 
  {
    "img": "/media/hdd/YCBvideo/YCB_Video_Dataset/YCB_Video_Dataset/data/0020/000010-label.png", 
    "mask": "/media/hdd/YCBvideo/YCB_Video_Dataset/Generated_YCB_Video_Dataset/mask/0020/000010-mask-00.png", 
    "depth_minmax": [
      0.945, 
      1.055
    ], 
    "model": "/media/hdd/YCBvideo/YCB_Video_Dataset/YCB_Video_Dataset/models/004_sugar_box/textured.obj", 
    "rot_mat": [
      [
        -0.42228971294311457, 
        0.010360494261213103, 
        -0.906402255929667
      ], 
      [
        0.44310756815733404, 
        -0.869961024172164, 
        -0.21638592120217565
      ], 
      [
        -0.7907771345309069, 
        -0.4930113781125554, 
        0.3627847345151272
      ]
    ], 
    "trans_mat": [
      0.19735104412101354, 
      0.04040046493294749, 
      1.0139492509559755
    ]
  }, 
  {
    "img": "/media/hdd/YCBvideo/YCB_Video_Dataset/YCB_Video_Dataset/data/0020/000010-label.png", 
    "mask": "/media/hdd/YCBvideo/YCB_Video_Dataset/Generated_YCB_Video_Dataset/mask/0020/000010-mask-01.png", 
    "depth_minmax": [
      0.938, 
      1.005
    ], 
    "model": "/media/hdd/YCBvideo/YCB_Video_Dataset/YCB_Video_Dataset/models/008_pudding_box/textured.obj", 
    "rot_mat": [
      [
        -0.9149466668946379, 
        -0.3998393900534673, 
        -0.054787991243726984
      ], 
      [
        -0.18020720411860303, 
        0.5262380818806953, 
        -0.8310216362190664
      ], 
      [
        0.3611061361802003, 
        -0.750467861097888, 
        -0.5535341636863473
      ]
    ], 
    "trans_mat": [
      -0.21676409714754336, 
      0.08460863546971742, 
      0.9871392881538811
    ]
  }, 
  {
    "img": "/media/hdd/YCBvideo/YCB_Video_Dataset/YCB_Video_Dataset/data/0020/000011-label.png", 
    "mask": "/media/hdd/YCBvideo/YCB_Video_Dataset/Generated_YCB_Video_Dataset/mask/0020/000011-mask-02.png", 
    "depth_minmax": [
      0.93, 
      0.968
    ], 
    "model": "/media/hdd/YCBvideo/YCB_Video_Dataset/YCB_Video_Dataset/models/011_banana/textured.obj", 
    "rot_mat": [
      [
        0.4677610342045323, 
        0.8825907508492824, 
        0.047258811165796805
      ], 
      [
        0.7535043896167508, 
        -0.3702572338796732, 
        -0.5432688265476855
      ], 
      [
        -0.46198515205696916, 
        0.2897295400904003, 
        -0.8382275844876537
      ]
    ], 
    "trans_mat": [
      -0.1253184954985548, 
      -0.16524358952999924, 
      0.961883059073887
    ]
  }, 
  {
    "img": "/media/hdd/YCBvideo/YCB_Video_Dataset/YCB_Video_Dataset/data/0020/000011-label.png", 
    "mask": "/media/hdd/YCBvideo/YCB_Video_Dataset/Generated_YCB_Video_Dataset/mask/0020/000011-mask-00.png", 
    "depth_minmax": [
      0.945, 
      1.052
    ], 
    "model": "/media/hdd/YCBvideo/YCB_Video_Dataset/YCB_Video_Dataset/models/004_sugar_box/textured.obj", 
    "rot_mat": [
      [
        -0.4216416002881585, 
        0.008757793630217343, 
        -0.9067201049050083
      ], 
      [
        0.44259104657202275, 
        -0.8707590594812276, 
        -0.21422397397966558
      ], 
      [
        -0.7914111903176931, 
        -0.49163189356404524, 
        0.3632723502686898
      ]
    ], 
    "trans_mat": [
      0.19817800993394863, 
      0.040910418674929824, 
      1.013369821872524
    ]
  }, 
  {
    "img": "/media/hdd/YCBvideo/YCB_Video_Dataset/YCB_Video_Dataset/data/0020/000011-label.png", 
    "mask": "/media/hdd/YCBvideo/YCB_Video_Dataset/Generated_YCB_Video_Dataset/mask/0020/000011-mask-01.png", 
    "depth_minmax": [
      0.938, 
      1.005
    ], 
    "model": "/media/hdd/YCBvideo/YCB_Video_Dataset/YCB_Video_Dataset/models/008_pudding_box/textured.obj", 
    "rot_mat": [
      [
        -0.9152014477870183, 
        -0.3990392842865332, 
        -0.05633221955073213
      ], 
      [
        -0.17803305694641436, 
        0.5257460151840921, 
        -0.8318017753885953
      ], 
      [
        0.36153772150650193, 
        -0.7512374722415978, 
        -0.5522059306851763
      ]
    ], 
    "trans_mat": [
      -0.21586319832182072, 
      0.08580054881066233, 
      0.9865559972588102
    ]
  }, 
  {
    "img": "/media/hdd/YCBvideo/YCB_Video_Dataset/YCB_Video_Dataset/data/0020/000012-label.png", 
    "mask": "/media/hdd/YCBvideo/YCB_Video_Dataset/Generated_YCB_Video_Dataset/mask/0020/000012-mask-02.png", 
    "depth_minmax": [
      0.93, 
      0.969
    ], 
    "model": "/media/hdd/YCBvideo/YCB_Video_Dataset/YCB_Video_Dataset/models/011_banana/textured.obj", 
    "rot_mat": [
      [
        0.4671121751624539, 
        0.8830117921154854, 
        0.04579802972934665
      ], 
      [
        0.7533937237280541, 
        -0.3703632113341779, 
        -0.5433510268718454
      ], 
      [
        -0.4628215015823972, 
        0.2883099087060386, 
        -0.8382559278311397
      ]
    ], 
    "trans_mat": [
      -0.1243141030085132, 
      -0.16501707980418573, 
      0.9617951483238245
    ]
  }, 
  {
    "img": "/media/hdd/YCBvideo/YCB_Video_Dataset/YCB_Video_Dataset/data/0020/000012-label.png", 
    "mask": "/media/hdd/YCBvideo/YCB_Video_Dataset/Generated_YCB_Video_Dataset/mask/0020/000012-mask-00.png", 
    "depth_minmax": [
      0.945, 
      1.05
    ], 
    "model": "/media/hdd/YCBvideo/YCB_Video_Dataset/YCB_Video_Dataset/models/004_sugar_box/textured.obj", 
    "rot_mat": [
      [
        -0.42287819082619177, 
        0.007818895806397323, 
        -0.9061531001788782
      ], 
      [
        0.4425834821263329, 
        -0.8708047232991444, 
        -0.21405636533443886
      ], 
      [
        -0.7907559158480727, 
        -0.49156808762945786, 
        0.36478303884518787
      ]
    ], 
    "trans_mat": [
      0.19929752961733815, 
      0.04109337153857752, 
      1.0127311540945954
    ]
  }, 
  {
    "img": "/media/hdd/YCBvideo/YCB_Video_Dataset/YCB_Video_Dataset/data/0020/000012-label.png", 
    "mask": "/media/hdd/YCBvideo/YCB_Video_Dataset/Generated_YCB_Video_Dataset/mask/0020/000012-mask-01.png", 
    "depth_minmax": [
      0.938, 
      1.005
    ], 
    "model": "/media/hdd/YCBvideo/YCB_Video_Dataset/YCB_Video_Dataset/models/008_pudding_box/textured.obj", 
    "rot_mat": [
      [
        -0.9146319060380317, 
        -0.400197389115841, 
        -0.057364978218007276
      ], 
      [
        -0.1778643195552732, 
        0.5257387095812885, 
        -0.831843119678524
      ], 
      [
        0.36305914120123184, 
        -0.7506268515479347, 
        -0.5520384216817086
      ]
    ], 
    "trans_mat": [
      -0.2147807522906257, 
      0.0860428979575175, 
      0.9865946647767057
    ]
  }, 
  {
    "img": "/media/hdd/YCBvideo/YCB_Video_Dataset/YCB_Video_Dataset/data/0020/000013-label.png", 
    "mask": "/media/hdd/YCBvideo/YCB_Video_Dataset/Generated_YCB_Video_Dataset/mask/0020/000013-mask-02.png", 
    "depth_minmax": [
      0.929, 
      0.967
    ], 
    "model": "/media/hdd/YCBvideo/YCB_Video_Dataset/YCB_Video_Dataset/models/011_banana/textured.obj", 
    "rot_mat": [
      [
        0.4671149434491697, 
        0.8828980319870585, 
        0.0479090923222738
      ], 
      [
        0.7530904707295201, 
        -0.36887546217091904, 
        -0.5447813456394233
      ], 
      [
        -0.46331265960420015, 
        0.2905548395819601, 
        -0.837208647361844
      ]
    ], 
    "trans_mat": [
      -0.12524915011112558, 
      -0.1641454256655656, 
      0.9613235610239138
    ]
  }, 
  {
    "img": "/media/hdd/YCBvideo/YCB_Video_Dataset/YCB_Video_Dataset/data/0020/000013-label.png", 
    "mask": "/media/hdd/YCBvideo/YCB_Video_Dataset/Generated_YCB_Video_Dataset/mask/0020/000013-mask-00.png", 
    "depth_minmax": [
      0.942, 
      1.059
    ], 
    "model": "/media/hdd/YCBvideo/YCB_Video_Dataset/YCB_Video_Dataset/models/004_sugar_box/textured.obj", 
    "rot_mat": [
      [
        -0.4219389586634901, 
        0.009665859536228012, 
        -0.9065727467200497
      ], 
      [
        0.44071626709272693, 
        -0.8716632764704612, 
        -0.21441353262901594
      ], 
      [
        -0.792298413071528, 
        -0.49001059628094895, 
        0.36352897910385185
      ]
    ], 
    "trans_mat": [
      0.1980425049886008, 
      0.04241270555781217, 
      1.0124772470129786
    ]
  }, 
  {
    "img": "/media/hdd/YCBvideo/YCB_Video_Dataset/YCB_Video_Dataset/data/0020/000013-label.png", 
    "mask": "/media/hdd/YCBvideo/YCB_Video_Dataset/Generated_YCB_Video_Dataset/mask/0020/000013-mask-01.png", 
    "depth_minmax": [
      0.938, 
      0.999
    ], 
    "model": "/media/hdd/YCBvideo/YCB_Video_Dataset/YCB_Video_Dataset/models/008_pudding_box/textured.obj", 
    "rot_mat": [
      [
        -0.9150883357716268, 
        -0.39942229925940387, 
        -0.05545175135228487
      ], 
      [
        -0.17823400097889625, 
        0.5239673579242609, 
        -0.8328808185631372
      ], 
      [
        0.3617257397654908, 
        -0.7522758656468259, 
        -0.5506670961779444
      ]
    ], 
    "trans_mat": [
      -0.2160371818066467, 
      0.08685771854949012, 
      0.9855155741114797
    ]
  }, 
  {
    "img": "/media/hdd/YCBvideo/YCB_Video_Dataset/YCB_Video_Dataset/data/0020/000014-label.png", 
    "mask": "/media/hdd/YCBvideo/YCB_Video_Dataset/Generated_YCB_Video_Dataset/mask/0020/000014-mask-02.png", 
    "depth_minmax": [
      0.929, 
      0.967
    ], 
    "model": "/media/hdd/YCBvideo/YCB_Video_Dataset/YCB_Video_Dataset/models/011_banana/textured.obj", 
    "rot_mat": [
      [
        0.4681217272756799, 
        0.8824789500079729, 
        0.04575048791321601
      ], 
      [
        0.7526315574375556, 
        -0.3710428578263869, 
        -0.5439427696972503
      ], 
      [
        -0.46304228860332247, 
        0.28906408600674754, 
        -0.8378742117123934
      ]
    ], 
    "trans_mat": [
      -0.12459908666167502, 
      -0.16407136821616727, 
      0.9608158143954072
    ]
  }, 
  {
    "img": "/media/hdd/YCBvideo/YCB_Video_Dataset/YCB_Video_Dataset/data/0020/000014-label.png", 
    "mask": "/media/hdd/YCBvideo/YCB_Video_Dataset/Generated_YCB_Video_Dataset/mask/0020/000014-mask-00.png", 
    "depth_minmax": [
      0.945, 
      1.048
    ], 
    "model": "/media/hdd/YCBvideo/YCB_Video_Dataset/YCB_Video_Dataset/models/004_sugar_box/textured.obj", 
    "rot_mat": [
      [
        -0.4219828820516962, 
        0.007247827184554427, 
        -0.9065746217905243
      ], 
      [
        0.44248261796999067, 
        -0.8711324760101419, 
        -0.21292703740966826
      ], 
      [
        -0.791290065936513, 
        -0.4909946851584869, 
        0.3643968649395597
      ]
    ], 
    "trans_mat": [
      0.1991853572334201, 
      0.0417539432245926, 
      1.011804989457724
    ]
  }, 
  {
    "img": "/media/hdd/YCBvideo/YCB_Video_Dataset/YCB_Video_Dataset/data/0020/000014-label.png", 
    "mask": "/media/hdd/YCBvideo/YCB_Video_Dataset/Generated_YCB_Video_Dataset/mask/0020/000014-mask-01.png", 
    "depth_minmax": [
      0.938, 
      0.999
    ], 
    "model": "/media/hdd/YCBvideo/YCB_Video_Dataset/YCB_Video_Dataset/models/008_pudding_box/textured.obj", 
    "rot_mat": [
      [
        -0.915016812118723, 
        -0.39924361575236794, 
        -0.057862511282784246
      ], 
      [
        -0.17672781540797783, 
        0.5256416611468188, 
        -0.8321462949375991
      ], 
      [
        0.3626444119645417, 
        -0.7512021599390555, 
        -0.5515282681878642
      ]
    ], 
    "trans_mat": [
      -0.2148330601723082, 
      0.08709350706578428, 
      0.9853988663794044
    ]
  }, 
  {
    "img": "/media/hdd/YCBvideo/YCB_Video_Dataset/YCB_Video_Dataset/data/0020/000015-label.png", 
    "mask": "/media/hdd/YCBvideo/YCB_Video_Dataset/Generated_YCB_Video_Dataset/mask/0020/000015-mask-02.png", 
    "depth_minmax": [
      0.928, 
      0.965
    ], 
    "model": "/media/hdd/YCBvideo/YCB_Video_Dataset/YCB_Video_Dataset/models/011_banana/textured.obj", 
    "rot_mat": [
      [
        0.467578326856086, 
        0.8828407766688173, 
        0.044314593661948495
      ], 
      [
        0.7527610430210838, 
        -0.3714017890011127, 
        -0.5435185347753373
      ], 
      [
        -0.46338027417335076, 
        0.2874951915189281, 
        -0.8382265748416313
      ]
    ], 
    "trans_mat": [
      -0.12376674012008898, 
      -0.1648145442703002, 
      0.9604688144410813
    ]
  }, 
  {
    "img": "/media/hdd/YCBvideo/YCB_Video_Dataset/YCB_Video_Dataset/data/0020/000015-label.png", 
    "mask": "/media/hdd/YCBvideo/YCB_Video_Dataset/Generated_YCB_Video_Dataset/mask/0020/000015-mask-00.png", 
    "depth_minmax": [
      0.942, 
      1.056
    ], 
    "model": "/media/hdd/YCBvideo/YCB_Video_Dataset/YCB_Video_Dataset/models/004_sugar_box/textured.obj", 
    "rot_mat": [
      [
        -0.42311119714556256, 
        0.006275045394494371, 
        -0.9060563570813035
      ], 
      [
        0.4429932683745043, 
        -0.8708791739403487, 
        -0.21290158438326973
      ], 
      [
        -0.7904010204122285, 
        -0.4914575903575734, 
        0.3656988399456753
      ]
    ], 
    "trans_mat": [
      0.20014591113371732, 
      0.04090762140910374, 
      1.0110600743886509
    ]
  }, 
  {
    "img": "/media/hdd/YCBvideo/YCB_Video_Dataset/YCB_Video_Dataset/data/0020/000015-label.png", 
    "mask": "/media/hdd/YCBvideo/YCB_Video_Dataset/Generated_YCB_Video_Dataset/mask/0020/000015-mask-01.png", 
    "depth_minmax": [
      0.938, 
      0.999
    ], 
    "model": "/media/hdd/YCBvideo/YCB_Video_Dataset/YCB_Video_Dataset/models/008_pudding_box/textured.obj", 
    "rot_mat": [
      [
        -0.9144926650147527, 
        -0.4002896627812394, 
        -0.058920362425709756
      ], 
      [
        -0.17669945863177494, 
        0.5261261058138675, 
        -0.8318461574385865
      ], 
      [
        0.363978352597106, 
        -0.75030543883185, 
        -0.5518693184493011
      ]
    ], 
    "trans_mat": [
      -0.2139025824208521, 
      0.08635889741604762, 
      0.9853229429450241
    ]
  }, 
  {
    "img": "/media/hdd/YCBvideo/YCB_Video_Dataset/YCB_Video_Dataset/data/0020/000016-label.png", 
    "mask": "/media/hdd/YCBvideo/YCB_Video_Dataset/Generated_YCB_Video_Dataset/mask/0020/000016-mask-02.png", 
    "depth_minmax": [
      0.927, 
      0.966
    ], 
    "model": "/media/hdd/YCBvideo/YCB_Video_Dataset/YCB_Video_Dataset/models/011_banana/textured.obj", 
    "rot_mat": [
      [
        0.46743659693116557, 
        0.8827775839406787, 
        0.04698074701811443
      ], 
      [
        0.7529123810943572, 
        -0.36969608764511946, 
        -0.5444707842318426
      ], 
      [
        -0.46327740530683675, 
        0.2898776247318954, 
        -0.8374630201248823
      ]
    ], 
    "trans_mat": [
      -0.12506861705843056, 
      -0.16518058772098823, 
      0.9596989073807501
    ]
  }, 
  {
    "img": "/media/hdd/YCBvideo/YCB_Video_Dataset/YCB_Video_Dataset/data/0020/000016-label.png", 
    "mask": "/media/hdd/YCBvideo/YCB_Video_Dataset/Generated_YCB_Video_Dataset/mask/0020/000016-mask-00.png", 
    "depth_minmax": [
      0.942, 
      1.047
    ], 
    "model": "/media/hdd/YCBvideo/YCB_Video_Dataset/YCB_Video_Dataset/models/004_sugar_box/textured.obj", 
    "rot_mat": [
      [
        -0.4220594786378374, 
        0.008684468492536162, 
        -0.9065264884963874
      ], 
      [
        0.4413800744423246, 
        -0.8714666096878716, 
        -0.21384584247696686
      ], 
      [
        -0.791864958567444, 
        -0.49037794968731807, 
        0.36397813009221075
      ]
    ], 
    "trans_mat": [
      0.19841687606421737, 
      0.041099826110018375, 
      1.0107463786808155
    ]
  }, 
  {
    "img": "/media/hdd/YCBvideo/YCB_Video_Dataset/YCB_Video_Dataset/data/0020/000016-label.png", 
    "mask": "/media/hdd/YCBvideo/YCB_Video_Dataset/Generated_YCB_Video_Dataset/mask/0020/000016-mask-01.png", 
    "depth_minmax": [
      0.938, 
      1.007
    ], 
    "model": "/media/hdd/YCBvideo/YCB_Video_Dataset/YCB_Video_Dataset/models/008_pudding_box/textured.obj", 
    "rot_mat": [
      [
        -0.915014473396531, 
        -0.39945312201522065, 
        -0.056438354863039046
      ], 
      [
        -0.17765883090283024, 
        0.5245966169653431, 
        -0.8326073183245618
      ], 
      [
        0.3621949582695112, 
        -0.75182123949218, 
        -0.5509796931611233
      ]
    ], 
    "trans_mat": [
      -0.21564334933327614, 
      0.0858843247684936, 
      0.984048961622631
    ]
  }, 
  {
    "img": "/media/hdd/YCBvideo/YCB_Video_Dataset/YCB_Video_Dataset/data/0020/000017-label.png", 
    "mask": "/media/hdd/YCBvideo/YCB_Video_Dataset/Generated_YCB_Video_Dataset/mask/0020/000017-mask-02.png", 
    "depth_minmax": [
