[
  {
    "img": "/media/hdd/YCBvideo/YCB_Video_Dataset/YCB_Video_Dataset/data/0021/000001-label.png", 
    "mask": "/media/hdd/YCBvideo/YCB_Video_Dataset/Generated_YCB_Video_Dataset/mask/0021/000001-mask-01.png", 
    "depth_minmax": [
      0.858, 
      0.989
    ], 
    "model": "/media/hdd/YCBvideo/YCB_Video_Dataset/YCB_Video_Dataset/models/036_wood_block/textured.obj", 
    "rot_mat": [
      [
        0.9534189067667208, 
        -0.1461484594271504, 
        -0.2638819108133357
      ], 
      [
        0.035794514089454214, 
        0.9234275940205362, 
        -0.38210000650021114
      ], 
      [
        0.2995190126392858, 
        0.3548548899210984, 
        0.8856449646749142
      ]
    ], 
    "trans_mat": [
      0.13071462821496707, 
      0.050287391119777584, 
      0.9833380493642894
    ]
  }, 
  {
    "img": "/media/hdd/YCBvideo/YCB_Video_Dataset/YCB_Video_Dataset/data/0021/000001-label.png", 
    "mask": "/media/hdd/YCBvideo/YCB_Video_Dataset/Generated_YCB_Video_Dataset/mask/0021/000001-mask-00.png", 
    "depth_minmax": [
      0.905, 
      0.963
    ], 
    "model": "/media/hdd/YCBvideo/YCB_Video_Dataset/YCB_Video_Dataset/models/005_tomato_soup_can/textured.obj", 
    "rot_mat": [
      [
        -0.011654135317656692, 
        0.9990746274717711, 
        -0.04141756175281825
      ], 
      [
        0.3873095925936615, 
        -0.033677054461903715, 
        -0.9213350900362851
      ], 
      [
        -0.9218763797494661, 
        -0.026778543860955947, 
        -0.3865581714390945
      ]
    ], 
    "trans_mat": [
      -0.1331324894783115, 
      0.06907651280448683, 
      0.9477419043236491
    ]
  }, 
  {
    "img": "/media/hdd/YCBvideo/YCB_Video_Dataset/YCB_Video_Dataset/data/0021/000002-label.png", 
    "mask": "/media/hdd/YCBvideo/YCB_Video_Dataset/Generated_YCB_Video_Dataset/mask/0021/000002-mask-01.png", 
    "depth_minmax": [
      0.858, 
      0.988
    ], 
    "model": "/media/hdd/YCBvideo/YCB_Video_Dataset/YCB_Video_Dataset/models/036_wood_block/textured.obj", 
    "rot_mat": [
      [
        0.9539698095779976, 
        -0.14474236646986022, 
        -0.2626622544990127
      ], 
      [
        0.034996307327342005, 
        0.9235686752405595, 
        -0.38183259071778
      ], 
      [
        0.2978536654894821, 
        0.3550638237486768, 
        0.8861220448560276
      ]
    ], 
    "trans_mat": [
      0.1326389459396821, 
      0.04937984342397964, 
      0.9830156719467379
    ]
  }, 
  {
    "img": "/media/hdd/YCBvideo/YCB_Video_Dataset/YCB_Video_Dataset/data/0021/000002-label.png", 
    "mask": "/media/hdd/YCBvideo/YCB_Video_Dataset/Generated_YCB_Video_Dataset/mask/0021/000002-mask-00.png", 
    "depth_minmax": [
      0.906, 
      0.963
    ], 
    "model": "/media/hdd/YCBvideo/YCB_Video_Dataset/YCB_Video_Dataset/models/005_tomato_soup_can/textured.obj", 
    "rot_mat": [
      [
        -0.012931966388990176, 
        0.9989971256397917, 
        -0.042876772703247114
      ], 
      [
        0.38727525627005954, 
        -0.03452974032169075, 
        -0.9213178427054154
      ], 
      [
        -0.9218730474306533, 
        -0.028519423990691094, 
        -0.38643998717668326
      ]
    ], 
    "trans_mat": [
      -0.13125369173905668, 
      0.06839210709564128, 
      0.9478788852323603
    ]
  }, 
  {
    "img": "/media/hdd/YCBvideo/YCB_Video_Dataset/YCB_Video_Dataset/data/0021/000003-label.png", 
    "mask": "/media/hdd/YCBvideo/YCB_Video_Dataset/Generated_YCB_Video_Dataset/mask/0021/000003-mask-01.png", 
    "depth_minmax": [
      0.858, 
      0.988
    ], 
    "model": "/media/hdd/YCBvideo/YCB_Video_Dataset/YCB_Video_Dataset/models/036_wood_block/textured.obj", 
    "rot_mat": [
      [
        0.9534855190394493, 
        -0.1456259044582127, 
        -0.26392987911229904
      ], 
      [
        0.03524454881759619, 
        0.9234170189381291, 
        -0.3821740236671474
      ], 
      [
        0.2993718308909601, 
        0.3550949062433119, 
        0.8855979280619688
      ]
    ], 
    "trans_mat": [
      0.1322966599009584, 
      0.049640926101809986, 
      0.9830940840290033
    ]
  }, 
  {
    "img": "/media/hdd/YCBvideo/YCB_Video_Dataset/YCB_Video_Dataset/data/0021/000003-label.png", 
    "mask": "/media/hdd/YCBvideo/YCB_Video_Dataset/Generated_YCB_Video_Dataset/mask/0021/000003-mask-00.png", 
    "depth_minmax": [
      0.905, 
      0.963
    ], 
    "model": "/media/hdd/YCBvideo/YCB_Video_Dataset/YCB_Video_Dataset/models/005_tomato_soup_can/textured.obj", 
    "rot_mat": [
      [
        -0.01160939153370864, 
        0.999053114604555, 
        -0.04194419011863059
      ], 
      [
        0.38753075185515273, 
        -0.034173552017692004, 
        -0.9212227015788113
      ], 
      [
        -0.921783191641842, 
        -0.026949261114627133, 
        -0.38676710767010325
      ]
    ], 
    "trans_mat": [
      -0.13154674722440488, 
      0.06857114263902117, 
      0.9475453671795694
    ]
  }, 
  {
    "img": "/media/hdd/YCBvideo/YCB_Video_Dataset/YCB_Video_Dataset/data/0021/000004-label.png", 
    "mask": "/media/hdd/YCBvideo/YCB_Video_Dataset/Generated_YCB_Video_Dataset/mask/0021/000004-mask-01.png", 
    "depth_minmax": [
      0.856, 
      0.988
    ], 
    "model": "/media/hdd/YCBvideo/YCB_Video_Dataset/YCB_Video_Dataset/models/036_wood_block/textured.obj", 
    "rot_mat": [
      [
        0.9535477559843779, 
        -0.14431742176771684, 
        -0.2644238808285104
      ], 
      [
        0.034173775447864665, 
        0.9239328294392798, 
        -0.3810243481184485
      ], 
      [
        0.29929847140790666, 
        0.35428780121544495, 
        0.8859465374547024
      ]
    ], 
    "trans_mat": [
      0.13227513158696036, 
      0.04969932694638467, 
      0.9829916055978192
    ]
  }, 
  {
    "img": "/media/hdd/YCBvideo/YCB_Video_Dataset/YCB_Video_Dataset/data/0021/000004-label.png", 
    "mask": "/media/hdd/YCBvideo/YCB_Video_Dataset/Generated_YCB_Video_Dataset/mask/0021/000004-mask-00.png", 
    "depth_minmax": [
      0.906, 
      0.963
    ], 
    "model": "/media/hdd/YCBvideo/YCB_Video_Dataset/YCB_Video_Dataset/models/005_tomato_soup_can/textured.obj", 
    "rot_mat": [
      [
        -0.011109324024734815, 
        0.9990032401644102, 
        -0.04325089790271704
      ], 
      [
        0.3867348231064105, 
        -0.03559545008431401, 
        -0.9215039020332257
      ], 
      [
        -0.9221242871467206, 
        -0.026963534053627662, 
        -0.3859536092644631
      ]
    ], 
    "trans_mat": [
      -0.13154319731590927, 
      0.0689674714189918, 
      0.9474379234456204
    ]
  }, 
  {
    "img": "/media/hdd/YCBvideo/YCB_Video_Dataset/YCB_Video_Dataset/data/0021/000005-label.png", 
    "mask": "/media/hdd/YCBvideo/YCB_Video_Dataset/Generated_YCB_Video_Dataset/mask/0021/000005-mask-01.png", 
    "depth_minmax": [
      0.858, 
      0.988
    ], 
    "model": "/media/hdd/YCBvideo/YCB_Video_Dataset/YCB_Video_Dataset/models/036_wood_block/textured.obj", 
    "rot_mat": [
      [
        0.9538586715362926, 
        -0.14435662170758812, 
        -0.2632773293560766
      ], 
      [
        0.03385324342764738, 
        0.9229573561549667, 
        -0.38341022298933247
      ], 
      [
        0.2983412340346727, 
        0.35680609006789743, 
        0.8852578524745557
      ]
    ], 
    "trans_mat": [
      0.13376955521402872, 
      0.0483341986653853, 
      0.9828628521110926
    ]
  }, 
  {
    "img": "/media/hdd/YCBvideo/YCB_Video_Dataset/YCB_Video_Dataset/data/0021/000005-label.png", 
    "mask": "/media/hdd/YCBvideo/YCB_Video_Dataset/Generated_YCB_Video_Dataset/mask/0021/000005-mask-00.png", 
    "depth_minmax": [
      0.906, 
      0.963
    ], 
    "model": "/media/hdd/YCBvideo/YCB_Video_Dataset/YCB_Video_Dataset/models/005_tomato_soup_can/textured.obj", 
    "rot_mat": [
      [
        -0.012297840924708831, 
        0.9989891325939886, 
        -0.04324729749491616
      ], 
      [
        0.3890847213564384, 
        -0.03506088555501692, 
        -0.9205349311894863
      ], 
      [
        -0.9211193836619116, 
        -0.02814741634209149, 
        -0.38826033063145027
      ]
    ], 
    "trans_mat": [
      -0.13009633787944422, 
      0.06757018846019798, 
      0.947647227647273
    ]
  }, 
  {
    "img": "/media/hdd/YCBvideo/YCB_Video_Dataset/YCB_Video_Dataset/data/0021/000006-label.png", 
    "mask": "/media/hdd/YCBvideo/YCB_Video_Dataset/Generated_YCB_Video_Dataset/mask/0021/000006-mask-01.png", 
    "depth_minmax": [
      0.858, 
      0.993
    ], 
    "model": "/media/hdd/YCBvideo/YCB_Video_Dataset/YCB_Video_Dataset/models/036_wood_block/textured.obj", 
    "rot_mat": [
      [
        0.9537030773908421, 
        -0.1447540832488185, 
        -0.263620772588099
      ], 
      [
        0.0336686262478055, 
        0.9224282104589923, 
        -0.38469880852297583
      ], 
      [
        0.29885806580115576, 
        0.3580116072525607, 
        0.8845970304642063
      ]
    ], 
    "trans_mat": [
      0.13413861526941762, 
      0.04671913544346881, 
      0.9828481061081544
    ]
  }, 
  {
    "img": "/media/hdd/YCBvideo/YCB_Video_Dataset/YCB_Video_Dataset/data/0021/000006-label.png", 
    "mask": "/media/hdd/YCBvideo/YCB_Video_Dataset/Generated_YCB_Video_Dataset/mask/0021/000006-mask-00.png", 
    "depth_minmax": [
      0.905, 
      0.96
    ], 
    "model": "/media/hdd/YCBvideo/YCB_Video_Dataset/YCB_Video_Dataset/models/005_tomato_soup_can/textured.obj", 
    "rot_mat": [
      [
        -0.011937938012668263, 
        0.9990108009737476, 
        -0.04283481834704898
      ], 
      [
        0.390356946153543, 
        -0.03478259244597515, 
        -0.9200071739548216
      ], 
      [
        -0.9205865290540176, 
        -0.027703462425330734, 
        -0.38955495285400366
      ]
    ], 
    "trans_mat": [
      -0.12971440390567623, 
      0.06594066727437652, 
      0.9475290481608392
    ]
  }, 
  {
    "img": "/media/hdd/YCBvideo/YCB_Video_Dataset/YCB_Video_Dataset/data/0021/000007-label.png", 
    "mask": "/media/hdd/YCBvideo/YCB_Video_Dataset/Generated_YCB_Video_Dataset/mask/0021/000007-mask-01.png", 
    "depth_minmax": [
      0.858, 
      0.988
    ], 
    "model": "/media/hdd/YCBvideo/YCB_Video_Dataset/YCB_Video_Dataset/models/036_wood_block/textured.obj", 
    "rot_mat": [
      [
        0.953525363665685, 
        -0.14523978131621534, 
        -0.2639971391305102
      ], 
      [
        0.033803343312796795, 
        0.922191496488208, 
        -0.38525179190301
      ], 
      [
        0.299409815270889, 
        0.3584232746474612, 
        0.8842435174899763
      ]
    ], 
    "trans_mat": [
      0.13356571017171656, 
      0.046495351854875466, 
      0.9828912700816244
    ]
  }, 
  {
    "img": "/media/hdd/YCBvideo/YCB_Video_Dataset/YCB_Video_Dataset/data/0021/000007-label.png", 
    "mask": "/media/hdd/YCBvideo/YCB_Video_Dataset/Generated_YCB_Video_Dataset/mask/0021/000007-mask-00.png", 
    "depth_minmax": [
      0.906, 
      0.96
    ], 
    "model": "/media/hdd/YCBvideo/YCB_Video_Dataset/YCB_Video_Dataset/models/005_tomato_soup_can/textured.obj", 
    "rot_mat": [
      [
        -0.01154318008442469, 
        0.9990371068051414, 
        -0.0423322140720694
      ], 
      [
        0.3908441129209283, 
        -0.034459552331128664, 
        -0.919811505026868
      ], 
      [
        -0.9203842372917996, 
        -0.02716277972754553, 
        -0.39007032674084713
      ]
    ], 
    "trans_mat": [
      -0.13027348660901789, 
      0.06565430606588821, 
      0.9474347905860423
    ]
  }, 
  {
    "img": "/media/hdd/YCBvideo/YCB_Video_Dataset/YCB_Video_Dataset/data/0021/000008-label.png", 
    "mask": "/media/hdd/YCBvideo/YCB_Video_Dataset/Generated_YCB_Video_Dataset/mask/0021/000008-mask-01.png", 
    "depth_minmax": [
      0.858, 
      0.984
    ], 
    "model": "/media/hdd/YCBvideo/YCB_Video_Dataset/YCB_Video_Dataset/models/036_wood_block/textured.obj", 
    "rot_mat": [
      [
        0.9536604072840236, 
        -0.14468139531105376, 
        -0.2638181878521995
      ], 
      [
        0.033353505495804424, 
        0.9222333221946503, 
        -0.38519112280704626
      ], 
      [
        0.29903213366325176, 
        0.35854142267936556, 
        0.8843233227958391
      ]
    ], 
    "trans_mat": [
      0.13418497879184724, 
      0.04736880959132131, 
      0.9828500313880023
    ]
  }, 
  {
    "img": "/media/hdd/YCBvideo/YCB_Video_Dataset/YCB_Video_Dataset/data/0021/000008-label.png", 
    "mask": "/media/hdd/YCBvideo/YCB_Video_Dataset/Generated_YCB_Video_Dataset/mask/0021/000008-mask-00.png", 
    "depth_minmax": [
      0.905, 
      0.957
    ], 
    "model": "/media/hdd/YCBvideo/YCB_Video_Dataset/YCB_Video_Dataset/models/005_tomato_soup_can/textured.obj", 
    "rot_mat": [
      [
        -0.01173414218180836, 
        0.9990111730866802, 
        -0.04290222869691056
      ], 
      [
        0.39091010587610625, 
        -0.034908346846433125, 
        -0.9197666412052516
      ], 
      [
        -0.9203539071042013, 
        -0.027563003933680604, 
        -0.3901135930698221
      ]
    ], 
    "trans_mat": [
      -0.12965983832099176, 
      0.06664910307295295, 
      0.9474999138819235
    ]
  }, 
  {
    "img": "/media/hdd/YCBvideo/YCB_Video_Dataset/YCB_Video_Dataset/data/0021/000009-label.png", 
    "mask": "/media/hdd/YCBvideo/YCB_Video_Dataset/Generated_YCB_Video_Dataset/mask/0021/000009-mask-01.png", 
    "depth_minmax": [
      0.858, 
      0.993
    ], 
    "model": "/media/hdd/YCBvideo/YCB_Video_Dataset/YCB_Video_Dataset/models/036_wood_block/textured.obj", 
    "rot_mat": [
      [
        0.953426491112713, 
        -0.14358449386721162, 
        -0.2652580255447108
      ], 
      [
        0.03164707829516442, 
        0.9221932279621116, 
        -0.385431183454096
      ], 
      [
        0.29996116821817975, 
        0.3590850815596867, 
        0.8837875118195614
      ]
    ], 
    "trans_mat": [
      0.13443437351396584, 
      0.04540627721670102, 
      0.9831265555559668
    ]
  }, 
  {
    "img": "/media/hdd/YCBvideo/YCB_Video_Dataset/YCB_Video_Dataset/data/0021/000009-label.png", 
    "mask": "/media/hdd/YCBvideo/YCB_Video_Dataset/Generated_YCB_Video_Dataset/mask/0021/000009-mask-00.png", 
    "depth_minmax": [
      0.906, 
      0.966
    ], 
    "model": "/media/hdd/YCBvideo/YCB_Video_Dataset/YCB_Video_Dataset/models/005_tomato_soup_can/textured.obj", 
    "rot_mat": [
      [
        -0.010250635950933602, 
        0.9989810371577328, 
        -0.04396493413694685
      ], 
      [
        0.3916060812320286, 
        -0.03644466110723126, 
        -0.9194109875741031
      ], 
      [
        -0.9200752436121341, 
        -0.026641017517338692, 
        -0.3908333525478612
      ]
    ], 
    "trans_mat": [
      -0.12934630984999315, 
      0.06512372176145978, 
      0.9475404150800856
    ]
  }, 
  {
    "img": "/media/hdd/YCBvideo/YCB_Video_Dataset/YCB_Video_Dataset/data/0021/000010-label.png", 
    "mask": "/media/hdd/YCBvideo/YCB_Video_Dataset/Generated_YCB_Video_Dataset/mask/0021/000010-mask-01.png", 
    "depth_minmax": [
      0.858, 
      0.99
    ], 
    "model": "/media/hdd/YCBvideo/YCB_Video_Dataset/YCB_Video_Dataset/models/036_wood_block/textured.obj", 
    "rot_mat": [
      [
        0.9521721203764039, 
        -0.14865246885621236, 
        -0.2669649742579769
      ], 
      [
        0.034813506194578, 
        0.9207745736452129, 
        -0.38853744110215965
      ], 
      [
        0.3035720197698042, 
        0.36066061089012497, 
        0.8819114485136179
      ]
    ], 
    "trans_mat": [
      0.1325460078975697, 
      0.04625243450504373, 
      0.9842464876824991
    ]
  }, 
  {
    "img": "/media/hdd/YCBvideo/YCB_Video_Dataset/YCB_Video_Dataset/data/0021/000010-label.png", 
    "mask": "/media/hdd/YCBvideo/YCB_Video_Dataset/Generated_YCB_Video_Dataset/mask/0021/000010-mask-00.png", 
    "depth_minmax": [
      0.903, 
      0.966
    ], 
    "model": "/media/hdd/YCBvideo/YCB_Video_Dataset/YCB_Video_Dataset/models/005_tomato_soup_can/textured.obj", 
    "rot_mat": [
      [
        -0.008430027493460649, 
        0.9992120603088923, 
        -0.03878772027901497
      ], 
      [
        0.3936810346890223, 
        -0.03234037431778533, 
        -0.9186781268553648
      ], 
      [
        -0.919207971880619, 
        -0.02301392621852376, 
        -0.3930987958745719
      ]
    ], 
    "trans_mat": [
      -0.13117871758058217, 
      0.06498426988150138, 
      0.9477261247697879
    ]
  }, 
  {
    "img": "/media/hdd/YCBvideo/YCB_Video_Dataset/YCB_Video_Dataset/data/0021/000011-label.png", 
    "mask": "/media/hdd/YCBvideo/YCB_Video_Dataset/Generated_YCB_Video_Dataset/mask/0021/000011-mask-01.png", 
    "depth_minmax": [
      0.858, 
      0.99
    ], 
    "model": "/media/hdd/YCBvideo/YCB_Video_Dataset/YCB_Video_Dataset/models/036_wood_block/textured.obj", 
    "rot_mat": [
      [
        0.952076274351883, 
        -0.14959250473597432, 
        -0.2667837832723033
      ], 
      [
        0.035826855220705285, 
        0.9207761044901862, 
        -0.38844262465902046
      ], 
      [
        0.30375593371537746, 
        0.36026867443115884, 
        0.882008442581071
      ]
    ], 
    "trans_mat": [
      0.13186143072226336, 
      0.04744233425292834, 
      0.9843953234727532
    ]
  }, 
  {
    "img": "/media/hdd/YCBvideo/YCB_Video_Dataset/YCB_Video_Dataset/data/0021/000011-label.png", 
    "mask": "/media/hdd/YCBvideo/YCB_Video_Dataset/Generated_YCB_Video_Dataset/mask/0021/000011-mask-00.png", 
    "depth_minmax": [
      0.905, 
      0.961
    ], 
    "model": "/media/hdd/YCBvideo/YCB_Video_Dataset/YCB_Video_Dataset/models/005_tomato_soup_can/textured.obj", 
    "rot_mat": [
      [
        -0.008608308325430542, 
        0.9992473362445303, 
        -0.03784291507244842
      ], 
      [
        0.3933129145458318, 
        -0.031410783616475556, 
        -0.9188684377488125
      ], 
      [
        -0.9193641241924231, 
        -0.022793921485787655, 
        -0.3927465732260988
      ]
    ], 
    "trans_mat": [
      -0.1318733084996829, 
      0.06591213036471473, 
      0.9478128948641232
    ]
  }, 
  {
    "img": "/media/hdd/YCBvideo/YCB_Video_Dataset/YCB_Video_Dataset/data/0021/000012-label.png", 
    "mask": "/media/hdd/YCBvideo/YCB_Video_Dataset/Generated_YCB_Video_Dataset/mask/0021/000012-mask-01.png", 
    "depth_minmax": [
      0.861, 
      0.992
    ], 
    "model": "/media/hdd/YCBvideo/YCB_Video_Dataset/YCB_Video_Dataset/models/036_wood_block/textured.obj", 
    "rot_mat": [
      [
        0.9509403988236956, 
        -0.1532107052230261, 
        -0.26877497508750076
      ], 
      [
        0.0381194538363568, 
        0.9201710564264417, 
        -0.3896547899803992
      ], 
      [
        0.30701809980305234, 
        0.360292578733308, 
        0.8808682662180742
      ]
    ], 
    "trans_mat": [
      0.13091688712075844, 
      0.04790783768633589, 
      0.9854700071086812
    ]
  }, 
  {
    "img": "/media/hdd/YCBvideo/YCB_Video_Dataset/YCB_Video_Dataset/data/0021/000012-label.png", 
    "mask": "/media/hdd/YCBvideo/YCB_Video_Dataset/Generated_YCB_Video_Dataset/mask/0021/000012-mask-00.png", 
    "depth_minmax": [
      0.903, 
      0.964
    ], 
    "model": "/media/hdd/YCBvideo/YCB_Video_Dataset/YCB_Video_Dataset/models/005_tomato_soup_can/textured.obj", 
    "rot_mat": [
      [
        -0.006500114273912964, 
        0.9993976112166668, 
        -0.03411741002104298
      ], 
      [
        0.3938320373408518, 
        -0.02880252022667426, 
        -0.9187309111064805
      ], 
      [
        -0.9191589903095324, 
        -0.019408186113538648, 
        -0.3934076549321952
      ]
    ], 
    "trans_mat": [
      -0.13273892940060358, 
      0.06571434824296268, 
      0.9480001532074604
    ]
  }, 
  {
    "img": "/media/hdd/YCBvideo/YCB_Video_Dataset/YCB_Video_Dataset/data/0021/000013-label.png", 
    "mask": "/media/hdd/YCBvideo/YCB_Video_Dataset/Generated_YCB_Video_Dataset/mask/0021/000013-mask-01.png", 
    "depth_minmax": [
      0.859, 
      0.991
    ], 
    "model": "/media/hdd/YCBvideo/YCB_Video_Dataset/YCB_Video_Dataset/models/036_wood_block/textured.obj", 
    "rot_mat": [
      [
        0.9507216190150077, 
        -0.15463365608686266, 
        -0.2687322696329413
      ], 
      [
        0.03936797749928592, 
        0.9199428062392565, 
        -0.3900703112459809
      ], 
      [
        0.3075366575014111, 
        0.3602678425677227, 
        0.8806978017394965
      ]
    ], 
    "trans_mat": [
      0.13111346352189274, 
      0.048809857721759144, 
      0.9855402704396677
    ]
  }, 
  {
    "img": "/media/hdd/YCBvideo/YCB_Video_Dataset/YCB_Video_Dataset/data/0021/000013-label.png", 
    "mask": "/media/hdd/YCBvideo/YCB_Video_Dataset/Generated_YCB_Video_Dataset/mask/0021/000013-mask-00.png", 
    "depth_minmax": [
      0.902, 
      0.964
    ], 
    "model": "/media/hdd/YCBvideo/YCB_Video_Dataset/YCB_Video_Dataset/models/005_tomato_soup_can/textured.obj", 
    "rot_mat": [
      [
        -0.006527214102341871, 
        0.9994450530408975, 
        -0.0326781409553287
      ], 
      [
        0.3938828473579039, 
        -0.027468126210047825, 
        -0.9187503924062662
      ], 
      [
        -0.9191376643647181, 
        -0.018867619269984454, 
        -0.39348449932199503
      ]
    ], 
    "trans_mat": [
      -0.1325453961541567, 
      0.06626709577976997, 
      0.9479284486549157
    ]
  }, 
  {
    "img": "/media/hdd/YCBvideo/YCB_Video_Dataset/YCB_Video_Dataset/data/0021/000014-label.png", 
    "mask": "/media/hdd/YCBvideo/YCB_Video_Dataset/Generated_YCB_Video_Dataset/mask/0021/000014-mask-01.png", 
    "depth_minmax": [
      0.861, 
      0.996
    ], 
    "model": "/media/hdd/YCBvideo/YCB_Video_Dataset/YCB_Video_Dataset/models/036_wood_block/textured.obj", 
    "rot_mat": [
      [
        0.950309804101198, 
        -0.15669209393112765, 
        -0.26899740749605644
      ], 
      [
        0.04085009979429213, 
        0.9193864424184995, 
        -0.3912280387899074
      ], 
      [
        0.30861438383530565, 
        0.3607989791029138, 
        0.8801031132267183
      ]
    ], 
    "trans_mat": [
      0.13077248331868047, 
      0.04777358301046283, 
      0.9858642832258153
    ]
  }, 
  {
    "img": "/media/hdd/YCBvideo/YCB_Video_Dataset/YCB_Video_Dataset/data/0021/000014-label.png", 
    "mask": "/media/hdd/YCBvideo/YCB_Video_Dataset/Generated_YCB_Video_Dataset/mask/0021/000014-mask-00.png", 
    "depth_minmax": [
      0.905, 
      0.959
    ], 
    "model": "/media/hdd/YCBvideo/YCB_Video_Dataset/YCB_Video_Dataset/models/005_tomato_soup_can/textured.obj", 
    "rot_mat": [
      [
        -0.00622607039052505, 
        0.9995134917595481, 
        -0.030584891998280836
      ], 
      [
        0.3945727612440796, 
        -0.025648420690693716, 
        -0.9185069747576584
      ], 
      [
        -0.9188434486679156, 
        -0.017786872524771936, 
        -0.3942211681592968
      ]
    ], 
    "trans_mat": [
      -0.13287595393994472, 
      0.06478330244491662, 
      0.9479751863199953
    ]
  }, 
  {
    "img": "/media/hdd/YCBvideo/YCB_Video_Dataset/YCB_Video_Dataset/data/0021/000015-label.png", 
    "mask": "/media/hdd/YCBvideo/YCB_Video_Dataset/Generated_YCB_Video_Dataset/mask/0021/000015-mask-01.png", 
    "depth_minmax": [
      0.861, 
      0.994
    ], 
    "model": "/media/hdd/YCBvideo/YCB_Video_Dataset/YCB_Video_Dataset/models/036_wood_block/textured.obj", 
    "rot_mat": [
      [
        0.9502187319078703, 
        -0.1575601474616278, 
        -0.2688102274400412
      ], 
      [
        0.040634695401857726, 
        0.9180213267359058, 
        -0.3944433558001947
      ], 
      [
        0.3089219464386303, 
        0.36388355855624543, 
        0.8787241110423918
      ]
    ], 
    "trans_mat": [
      0.13107477564424513, 
      0.04611737728369777, 
      0.9860938997303635
    ]
  }, 
  {
    "img": "/media/hdd/YCBvideo/YCB_Video_Dataset/YCB_Video_Dataset/data/0021/000015-label.png", 
    "mask": "/media/hdd/YCBvideo/YCB_Video_Dataset/Generated_YCB_Video_Dataset/mask/0021/000015-mask-00.png", 
    "depth_minmax": [
      0.907, 
      0.963
    ], 
    "model": "/media/hdd/YCBvideo/YCB_Video_Dataset/YCB_Video_Dataset/models/005_tomato_soup_can/textured.obj", 
    "rot_mat": [
      [
        -0.006409094479781209, 
        0.9995381941428497, 
        -0.029711541848955962
      ], 
      [
        0.39767876634487626, 
        -0.024714305530244538, 
        -0.9171923035246955
      ], 
      [
        -0.917502401897439, 
        -0.017693851098629802, 
        -0.3973362645628346
      ]
    ], 
    "trans_mat": [
      -0.1325816233965217, 
      0.06302493673291777, 
      0.9482152216985822
    ]
  }, 
  {
    "img": "/media/hdd/YCBvideo/YCB_Video_Dataset/YCB_Video_Dataset/data/0021/000016-label.png", 
    "mask": "/media/hdd/YCBvideo/YCB_Video_Dataset/Generated_YCB_Video_Dataset/mask/0021/000016-mask-01.png", 
    "depth_minmax": [
      0.861, 
      0.998
    ], 
    "model": "/media/hdd/YCBvideo/YCB_Video_Dataset/YCB_Video_Dataset/models/036_wood_block/textured.obj", 
    "rot_mat": [
      [
        0.9505013988362219, 
        -0.15818438917468391, 
        -0.2674409027822551
      ], 
      [
        0.04174704813572479, 
        0.9179238761716368, 
        -0.3945536315149645
      ], 
      [
        0.30790272353917997, 
        0.3638582311094364, 
        0.8790924688692592
      ]
    ], 
    "trans_mat": [
      0.13245789044183667, 
      0.045260964377276856, 
      0.9857365689893849
    ]
  }, 
  {
    "img": "/media/hdd/YCBvideo/YCB_Video_Dataset/YCB_Video_Dataset/data/0021/000016-label.png", 
    "mask": "/media/hdd/YCBvideo/YCB_Video_Dataset/Generated_YCB_Video_Dataset/mask/0021/000016-mask-00.png", 
    "depth_minmax": [
      0.905, 
      0.964
    ], 
    "model": "/media/hdd/YCBvideo/YCB_Video_Dataset/YCB_Video_Dataset/models/005_tomato_soup_can/textured.obj", 
    "rot_mat": [
      [
        -0.007822908113640354, 
        0.9995454675747188, 
        -0.029123574765026763
      ], 
      [
        0.3974775618357557, 
        -0.023616557480499338, 
        -0.9173082900233519
      ], 
      [
        -0.9175787245274559, 
        -0.018751676854445835, 
        -0.3971119321978425
      ]
    ], 
    "trans_mat": [
      -0.13125711669023707, 
      0.061869965304766496, 
      0.9481347578151818
    ]
  }, 
  {
    "img": "/media/hdd/YCBvideo/YCB_Video_Dataset/YCB_Video_Dataset/data/0021/000017-label.png", 
    "mask": "/media/hdd/YCBvideo/YCB_Video_Dataset/Generated_YCB_Video_Dataset/mask/0021/000017-mask-01.png", 
    "depth_minmax": [
      0.861, 
      0.997
    ], 
    "model": "/media/hdd/YCBvideo/YCB_Video_Dataset/YCB_Video_Dataset/models/036_wood_block/textured.obj", 
    "rot_mat": [
      [
        0.9507884325052948, 
        -0.1587188342882925, 
        -0.2661026001441068
      ], 
      [
        0.04187932162476297, 
        0.9167836860167887, 
        -0.39718159696759864
      ], 
      [
        0.30699824042039126, 
        0.3664909347917044, 
        0.8783147805191698
      ]
    ], 
    "trans_mat": [
      0.13533352197395404, 
      0.043236296460689404, 
      0.9852103585559467
    ]
  }, 
  {
    "img": "/media/hdd/YCBvideo/YCB_Video_Dataset/YCB_Video_Dataset/data/0021/000017-label.png", 
    "mask": "/media/hdd/YCBvideo/YCB_Video_Dataset/Generated_YCB_Video_Dataset/mask/0021/000017-mask-00.png", 
    "depth_minmax": [
      0.906, 
      0.967
    ], 
    "model": "/media/hdd/YCBvideo/YCB_Video_Dataset/YCB_Video_Dataset/models/005_tomato_soup_can/textured.obj", 
    "rot_mat": [
      [
        -0.009205198357901213, 
        0.9995486181040582, 
        -0.028625241107144102
      ], 
      [
        0.3999311091057129, 
        -0.022557668214723638, 
        -0.9162678146923547
      ], 
      [
        -0.9164989904083007, 
        -0.0198827166265437, 
        -0.3995427641596353
      ]
    ], 
    "trans_mat": [
      -0.128438308195697, 
      0.0596800990912188, 
      0.9479350072689415
    ]
  }, 
  {
    "img": "/media/hdd/YCBvideo/YCB_Video_Dataset/YCB_Video_Dataset/data/0021/000018-label.png", 
    "mask": "/media/hdd/YCBvideo/YCB_Video_Dataset/Generated_YCB_Video_Dataset/mask/0021/000018-mask-01.png", 
    "depth_minmax": [
      0.861, 
      0.996
    ], 
    "model": "/media/hdd/YCBvideo/YCB_Video_Dataset/YCB_Video_Dataset/models/036_wood_block/textured.obj", 
    "rot_mat": [
      [
        0.951397689792513, 
        -0.15645713362010236, 
        -0.26526104723737287
      ], 
      [
        0.03918114364953748, 
        0.9158313800676758, 
        -0.3996452472169263
      ], 
      [
        0.30546184527390857, 
        0.36982834819856664, 
        0.8774505458158055
      ]
    ], 
    "trans_mat": [
      0.13756289621431614, 
      0.0407768296756878, 
      0.9847379600734378
    ]
  }, 
  {
    "img": "/media/hdd/YCBvideo/YCB_Video_Dataset/YCB_Video_Dataset/data/0021/000018-label.png", 
    "mask": "/media/hdd/YCBvideo/YCB_Video_Dataset/Generated_YCB_Video_Dataset/mask/0021/000018-mask-00.png", 
    "depth_minmax": [
      0.907, 
      0.963
    ], 
    "model": "/media/hdd/YCBvideo/YCB_Video_Dataset/YCB_Video_Dataset/models/005_tomato_soup_can/textured.obj", 
    "rot_mat": [
      [
        -0.010107914520687844, 
        0.9994702793097748, 
        -0.03094335893377051
      ], 
      [
        0.40300649384028125, 
        -0.024248935735254926, 
        -0.9148756043710374
      ], 
      [
        -0.9151406019907552, 
        -0.02171759745261878, 
        -0.4025483816476773
      ]
    ], 
    "trans_mat": [
      -0.12624437691724308, 
      0.05780893889788752, 
      0.9479821660985241
    ]
  }, 
  {
    "img": "/media/hdd/YCBvideo/YCB_Video_Dataset/YCB_Video_Dataset/data/0021/000019-label.png", 
    "mask": "/media/hdd/YCBvideo/YCB_Video_Dataset/Generated_YCB_Video_Dataset/mask/0021/000019-mask-01.png", 
    "depth_minmax": [
      0.861, 
      0.991
    ], 
    "model": "/media/hdd/YCBvideo/YCB_Video_Dataset/YCB_Video_Dataset/models/036_wood_block/textured.obj", 
    "rot_mat": [
      [
        0.9513636133443174, 
        -0.15874805045230736, 
        -0.26402092196854565
      ], 
      [
        0.04172419768642232, 
        0.9155125950828086, 
        -0.4001181953374522
      ], 
      [
        0.3052326670452441, 
        0.3696412553566872, 
        0.8776090995926247
      ]
    ], 
    "trans_mat": [
      0.13993758154102723, 
      0.041360454503311044, 
      0.984366552187096
    ]
  }, 
  {
    "img": "/media/hdd/YCBvideo/YCB_Video_Dataset/YCB_Video_Dataset/data/0021/000019-label.png", 
    "mask": "/media/hdd/YCBvideo/YCB_Video_Dataset/Generated_YCB_Video_Dataset/mask/0021/000019-mask-00.png", 
    "depth_minmax": [
      0.907, 
      0.961
    ], 
    "model": "/media/hdd/YCBvideo/YCB_Video_Dataset/YCB_Video_Dataset/models/005_tomato_soup_can/textured.obj", 
    "rot_mat": [
      [
        -0.0113646373383967, 
        0.9995252521608594, 
        -0.028661911299266537
      ], 
      [
        0.40275571361123064, 
        -0.021660740547700064, 
        -0.9150510680534887
      ], 
      [
        -0.9152364097253735, 
        -0.021942390418612602, 
        -0.4023182623606791
      ]
    ], 
    "trans_mat": [
      -0.12392158437353437, 
      0.057699018284147176, 
      0.9476675039814277
    ]
  }, 
  {
    "img": "/media/hdd/YCBvideo/YCB_Video_Dataset/YCB_Video_Dataset/data/0021/000020-label.png", 
    "mask": "/media/hdd/YCBvideo/YCB_Video_Dataset/Generated_YCB_Video_Dataset/mask/0021/000020-mask-01.png", 
    "depth_minmax": [
      0.858, 
      0.996
    ], 
    "model": "/media/hdd/YCBvideo/YCB_Video_Dataset/YCB_Video_Dataset/models/036_wood_block/textured.obj", 
    "rot_mat": [
      [
        0.9512436559705271, 
        -0.15926723394736605, 
        -0.2641378859633528
      ], 
      [
        0.04201589471555823, 
        0.9152976332207874, 
        -0.4005799825229457
      ], 
      [
        0.3055640656352084, 
        0.369950802511973, 
        0.8773635793497634
      ]
    ], 
    "trans_mat": [
      0.14133253325672357, 
      0.04157306014818373, 
      0.9843086646113101
    ]
  }, 
  {
    "img": "/media/hdd/YCBvideo/YCB_Video_Dataset/YCB_Video_Dataset/data/0021/000020-label.png", 
    "mask": "/media/hdd/YCBvideo/YCB_Video_Dataset/Generated_YCB_Video_Dataset/mask/0021/000020-mask-00.png", 
    "depth_minmax": [
      0.905, 
      0.961
    ], 
    "model": "/media/hdd/YCBvideo/YCB_Video_Dataset/YCB_Video_Dataset/models/005_tomato_soup_can/textured.obj", 
    "rot_mat": [
      [
        -0.01123612880519801, 
        0.9995410865364651, 
        -0.028131951766994148
      ], 
      [
        0.4031129949459709, 
        -0.021218710995022847, 
        -0.9149044287974325
      ], 
      [
        -0.9150809929042105, 
        -0.02162015244106404, 
        -0.4026896562398194
      ]
    ], 
    "trans_mat": [
      -0.12252134477848753, 
      0.05781175003220475, 
      0.9475287461060566
    ]
  }, 
  {
    "img": "/media/hdd/YCBvideo/YCB_Video_Dataset/YCB_Video_Dataset/data/0021/000021-label.png", 
    "mask": "/media/hdd/YCBvideo/YCB_Video_Dataset/Generated_YCB_Video_Dataset/mask/0021/000021-mask-01.png", 
    "depth_minmax": [
      0.861, 
      0.996
    ], 
    "model": "/media/hdd/YCBvideo/YCB_Video_Dataset/YCB_Video_Dataset/models/036_wood_block/textured.obj", 
    "rot_mat": [
      [
        0.9509990622780604, 
        -0.16079626064632838, 
        -0.26409248040960387
      ], 
      [
        0.04252647848280329, 
        0.9140413230345432, 
        -0.4033841038528789
      ], 
      [
        0.30625428018325884, 
        0.3723863888151135, 
        0.8760916730130331
      ]
    ], 
    "trans_mat": [
      0.14217628284951922, 
      0.040082193726066584, 
      0.9843617595560198
    ]
  }, 
  {
    "img": "/media/hdd/YCBvideo/YCB_Video_Dataset/YCB_Video_Dataset/data/0021/000021-label.png", 
    "mask": "/media/hdd/YCBvideo/YCB_Video_Dataset/Generated_YCB_Video_Dataset/mask/0021/000021-mask-00.png", 
    "depth_minmax": [
      0.906, 
      0.964
    ], 
    "model": "/media/hdd/YCBvideo/YCB_Video_Dataset/YCB_Video_Dataset/models/005_tomato_soup_can/textured.obj", 
    "rot_mat": [
      [
        -0.01126218581345076, 
        0.999583231851761, 
        -0.026583611124765396
      ], 
      [
        0.40562873403746735, 
        -0.019732936044991597, 
        -0.9138247833401957
      ], 
      [
        -0.913968421368534, 
        -0.021074457452579076, 
        -0.40523732870124196
      ]
    ], 
    "trans_mat": [
      -0.12167839424501778, 
      0.05604626753737912, 
      0.9474674022032165
    ]
  }, 
  {
    "img": "/media/hdd/YCBvideo/YCB_Video_Dataset/YCB_Video_Dataset/data/0021/000022-label.png", 
    "mask": "/media/hdd/YCBvideo/YCB_Video_Dataset/Generated_YCB_Video_Dataset/mask/0021/000022-mask-01.png", 
    "depth_minmax": [
      0.861, 
      1.001
    ], 
    "model": "/media/hdd/YCBvideo/YCB_Video_Dataset/YCB_Video_Dataset/models/036_wood_block/textured.obj", 
    "rot_mat": [
      [
        0.9508774391234761, 
        -0.16226804253252503, 
        -0.2636313980230639
      ], 
      [
        0.043421362116799506, 
        0.9131031363645324, 
        -0.4054096079565452
      ], 
      [
        0.30650694445667187, 
        0.3740475954672559, 
        0.8752950215980229
      ]
    ], 
    "trans_mat": [
      0.14392223508835583, 
      0.03942530810477865, 
      0.9844227593523595
    ]
  }, 
  {
    "img": "/media/hdd/YCBvideo/YCB_Video_Dataset/YCB_Video_Dataset/data/0021/000022-label.png", 
    "mask": "/media/hdd/YCBvideo/YCB_Video_Dataset/Generated_YCB_Video_Dataset/mask/0021/000022-mask-00.png", 
    "depth_minmax": [
      0.905, 
      0.963
    ], 
    "model": "/media/hdd/YCBvideo/YCB_Video_Dataset/YCB_Video_Dataset/models/005_tomato_soup_can/textured.obj", 
    "rot_mat": [
      [
        -0.01171963339541508, 
        0.9996165963348949, 
        -0.02510605824819835
      ], 
      [
        0.40730113013515873, 
        -0.01815773283684304, 
        -0.9131137959791296
      ], 
      [
        -0.9132180864014778, 
        -0.020927449608942758, 
        -0.4069324660013659
      ]
    ], 
    "trans_mat": [
      -0.11995007336948535, 
      0.055052096639671935, 
      0.9475095826115196
    ]
  }, 
  {
    "img": "/media/hdd/YCBvideo/YCB_Video_Dataset/YCB_Video_Dataset/data/0021/000023-label.png", 
    "mask": "/media/hdd/YCBvideo/YCB_Video_Dataset/Generated_YCB_Video_Dataset/mask/0021/000023-mask-01.png", 
    "depth_minmax": [
      0.858, 
      0.997
    ], 
    "model": "/media/hdd/YCBvideo/YCB_Video_Dataset/YCB_Video_Dataset/models/036_wood_block/textured.obj", 
    "rot_mat": [
      [
        0.9500006907837913, 
        -0.16656748862711446, 
        -0.26411118391444044
      ], 
      [
        0.04694421743032917, 
        0.9124115203071783, 
        -0.4065718667070417
      ], 
      [
        0.30869923259628174, 
        0.3738442917962262, 
        0.8746110991845599
      ]
    ], 
    "trans_mat": [
      0.1440939920297815, 
      0.03939559850610472, 
      0.9846749154214288
    ]
  }, 
  {
    "img": "/media/hdd/YCBvideo/YCB_Video_Dataset/YCB_Video_Dataset/data/0021/000023-label.png", 
    "mask": "/media/hdd/YCBvideo/YCB_Video_Dataset/Generated_YCB_Video_Dataset/mask/0021/000023-mask-00.png", 
    "depth_minmax": [
      0.893, 
      0.961
    ], 
    "model": "/media/hdd/YCBvideo/YCB_Video_Dataset/YCB_Video_Dataset/models/005_tomato_soup_can/textured.obj", 
    "rot_mat": [
      [
        -0.011157247435838812, 
        0.9997235777925928, 
        -0.020729252900261494
      ], 
      [
        0.4074331736810517, 
        -0.014386500068196296, 
        -0.913121834250301
      ], 
      [
        -0.9131664335353815, 
        -0.018633776152526565, 
        -0.40715963970013475
      ]
    ], 
    "trans_mat": [
      -0.11974991908533184, 
      0.054035129453762216, 
      0.9471584093045469
    ]
  }, 
  {
    "img": "/media/hdd/YCBvideo/YCB_Video_Dataset/YCB_Video_Dataset/data/0021/000024-label.png", 
    "mask": "/media/hdd/YCBvideo/YCB_Video_Dataset/Generated_YCB_Video_Dataset/mask/0021/000024-mask-01.png", 
    "depth_minmax": [
      0.858, 
      1.002
    ], 
    "model": "/media/hdd/YCBvideo/YCB_Video_Dataset/YCB_Video_Dataset/models/036_wood_block/textured.obj", 
    "rot_mat": [
      [
        0.9504006986367767, 
        -0.16593579170590056, 
        -0.2630639424876182
      ], 
      [
        0.04632590613585092, 
        0.9118825132270774, 
        -0.40782807935939963
      ], 
      [
        0.3075566676522082, 
        0.37541280733202265, 
        0.8743415632028021
      ]
    ], 
    "trans_mat": [
      0.145326433554628, 
      0.03847232105167833, 
      0.9847310111991722
    ]
  }, 
  {
    "img": "/media/hdd/YCBvideo/YCB_Video_Dataset/YCB_Video_Dataset/data/0021/000024-label.png", 
    "mask": "/media/hdd/YCBvideo/YCB_Video_Dataset/Generated_YCB_Video_Dataset/mask/0021/000024-mask-00.png", 
    "depth_minmax": [
      0.907, 
      0.963
    ], 
    "model": "/media/hdd/YCBvideo/YCB_Video_Dataset/YCB_Video_Dataset/models/005_tomato_soup_can/textured.obj", 
    "rot_mat": [
      [
        -0.012253027478607518, 
        0.999695573070808, 
        -0.021403229003584927
      ], 
      [
        0.40879283813978073, 
        -0.014526226690368373, 
        -0.9125119028662448
      ], 
      [
        -0.9125444290002325, 
        -0.01993029038341252, 
        -0.4084902435363564
      ]
    ], 
    "trans_mat": [
      -0.11856237805569428, 
      0.0532118318828073, 
      0.9475728887119835
