[
  {
    "img": "/media/hdd/YCBvideo/YCB_Video_Dataset/YCB_Video_Dataset/data/0022/000001-label.png", 
    "mask": "/media/hdd/YCBvideo/YCB_Video_Dataset/Generated_YCB_Video_Dataset/mask/0022/000001-mask-00.png", 
    "depth_minmax": [
      0.712, 
      0.837
    ], 
    "model": "/media/hdd/YCBvideo/YCB_Video_Dataset/YCB_Video_Dataset/models/025_mug/textured.obj", 
    "rot_mat": [
      [
        0.8926426940432068, 
        -0.44965171299387136, 
        -0.03162998404475957
      ], 
      [
        -0.2769688518793952, 
        -0.4917676993658449, 
        -0.8255017253927389
      ], 
      [
        0.35563386405380626, 
        0.7456392940685821, 
        -0.5635130844192693
      ]
    ], 
    "trans_mat": [
      -0.014216671833085521, 
      0.09035051961685946, 
      0.7669009845702826
    ]
  }, 
  {
    "img": "/media/hdd/YCBvideo/YCB_Video_Dataset/YCB_Video_Dataset/data/0022/000002-label.png", 
    "mask": "/media/hdd/YCBvideo/YCB_Video_Dataset/Generated_YCB_Video_Dataset/mask/0022/000002-mask-00.png", 
    "depth_minmax": [
      0.714, 
      0.837
    ], 
    "model": "/media/hdd/YCBvideo/YCB_Video_Dataset/YCB_Video_Dataset/models/025_mug/textured.obj", 
    "rot_mat": [
      [
        0.8941924407661069, 
        -0.4465561584172215, 
        -0.031737383608357116
      ], 
      [
        -0.27525181469672727, 
        -0.4924896282115333, 
        -0.8256463012959793
      ], 
      [
        0.35306663966617363, 
        0.7470221967804174, 
        -0.5632954762874641
      ]
    ], 
    "trans_mat": [
      -0.015022571151993593, 
      0.08953468251073757, 
      0.7667269705077637
    ]
  }, 
  {
    "img": "/media/hdd/YCBvideo/YCB_Video_Dataset/YCB_Video_Dataset/data/0022/000003-label.png", 
    "mask": "/media/hdd/YCBvideo/YCB_Video_Dataset/Generated_YCB_Video_Dataset/mask/0022/000003-mask-00.png", 
    "depth_minmax": [
      0.713, 
      0.839
    ], 
    "model": "/media/hdd/YCBvideo/YCB_Video_Dataset/YCB_Video_Dataset/models/025_mug/textured.obj", 
    "rot_mat": [
      [
        0.8931507576232653, 
        -0.4487991540065312, 
        -0.029322576518511174
      ], 
      [
        -0.275496647156967, 
        -0.49439914304015525, 
        -0.8244221956355403
      ], 
      [
        0.35550305670620885, 
        0.7444114110842225, 
        -0.5652163830907798
      ]
    ], 
    "trans_mat": [
      -0.017104070073386976, 
      0.08879394446912231, 
      0.7666713151958501
    ]
  }, 
  {
    "img": "/media/hdd/YCBvideo/YCB_Video_Dataset/YCB_Video_Dataset/data/0022/000004-label.png", 
    "mask": "/media/hdd/YCBvideo/YCB_Video_Dataset/Generated_YCB_Video_Dataset/mask/0022/000004-mask-00.png", 
    "depth_minmax": [
      0.71, 
      0.832
    ], 
    "model": "/media/hdd/YCBvideo/YCB_Video_Dataset/YCB_Video_Dataset/models/025_mug/textured.obj", 
    "rot_mat": [
      [
        0.8928146817837505, 
        -0.449539950751102, 
        -0.028191383096310595
      ], 
      [
        -0.2755958575490351, 
        -0.49570188634163886, 
        -0.8236062332632694
      ], 
      [
        0.3562694165311261, 
        0.743097493610207, 
        -0.5664610287622769
      ]
    ], 
    "trans_mat": [
      -0.019217667253875137, 
      0.08844360668094442, 
      0.7666595916475892
    ]
  }, 
  {
    "img": "/media/hdd/YCBvideo/YCB_Video_Dataset/YCB_Video_Dataset/data/0022/000005-label.png", 
    "mask": "/media/hdd/YCBvideo/YCB_Video_Dataset/Generated_YCB_Video_Dataset/mask/0022/000005-mask-00.png", 
    "depth_minmax": [
      0.71, 
      0.837
    ], 
    "model": "/media/hdd/YCBvideo/YCB_Video_Dataset/YCB_Video_Dataset/models/025_mug/textured.obj", 
    "rot_mat": [
      [
        0.8911668450086624, 
        -0.45288701464394576, 
        -0.026733757114045804
      ], 
      [
        -0.27717963119977174, 
        -0.49687577069378297, 
        -0.8223663053190684
      ], 
      [
        0.35915602768118243, 
        0.740276222159214, 
        -0.5683304801958706
      ]
    ], 
    "trans_mat": [
      -0.020673550638804158, 
      0.08667453357703066, 
      0.766781693226211
    ]
  }, 
  {
    "img": "/media/hdd/YCBvideo/YCB_Video_Dataset/YCB_Video_Dataset/data/0022/000006-label.png", 
    "mask": "/media/hdd/YCBvideo/YCB_Video_Dataset/Generated_YCB_Video_Dataset/mask/0022/000006-mask-00.png", 
    "depth_minmax": [
      0.712, 
      0.842
    ], 
    "model": "/media/hdd/YCBvideo/YCB_Video_Dataset/YCB_Video_Dataset/models/025_mug/textured.obj", 
    "rot_mat": [
      [
        0.8908020232282928, 
        -0.45367562871068495, 
        -0.025475053892607354
      ], 
      [
        -0.2768698922172269, 
        -0.49747618589255477, 
        -0.8221070908697657
      ], 
      [
        0.36029722056512814, 
        0.7393889104896728, 
        -0.5687627513363394
      ]
    ], 
    "trans_mat": [
      -0.02183533427330618, 
      0.08717834204765913, 
      0.7668276638031568
    ]
  }, 
  {
    "img": "/media/hdd/YCBvideo/YCB_Video_Dataset/YCB_Video_Dataset/data/0022/000007-label.png", 
    "mask": "/media/hdd/YCBvideo/YCB_Video_Dataset/Generated_YCB_Video_Dataset/mask/0022/000007-mask-00.png", 
    "depth_minmax": [
      0.713, 
      0.842
    ], 
    "model": "/media/hdd/YCBvideo/YCB_Video_Dataset/YCB_Video_Dataset/models/025_mug/textured.obj", 
    "rot_mat": [
      [
        0.8914070356744415, 
        -0.45254158971376335, 
        -0.024469949975512235
      ], 
      [
        -0.27414945517954314, 
        -0.49544558496351204, 
        -0.8242430408262329
      ], 
      [
        0.3608807710797661, 
        0.7414443224463793, 
        -0.5657082616343545
      ]
    ], 
    "trans_mat": [
      -0.02156483007703812, 
      0.08939005006756208, 
      0.7668488720993247
    ]
  }, 
  {
    "img": "/media/hdd/YCBvideo/YCB_Video_Dataset/YCB_Video_Dataset/data/0022/000008-label.png", 
    "mask": "/media/hdd/YCBvideo/YCB_Video_Dataset/Generated_YCB_Video_Dataset/mask/0022/000008-mask-00.png", 
    "depth_minmax": [
      0.71, 
      0.838
    ], 
    "model": "/media/hdd/YCBvideo/YCB_Video_Dataset/YCB_Video_Dataset/models/025_mug/textured.obj", 
    "rot_mat": [
      [
        0.8914827786151961, 
        -0.4524934098520904, 
        -0.022528768104828595
      ], 
      [
        -0.27285933812793084, 
        -0.49654934863192846, 
        -0.8240067218685457
      ], 
      [
        0.3616718050681741, 
        0.7407352753633415, 
        -0.5661318246292446
      ]
    ], 
    "trans_mat": [
      -0.020199439508014817, 
      0.08836659062240154, 
      0.7667423877870608
    ]
  }, 
  {
    "img": "/media/hdd/YCBvideo/YCB_Video_Dataset/YCB_Video_Dataset/data/0022/000009-label.png", 
    "mask": "/media/hdd/YCBvideo/YCB_Video_Dataset/Generated_YCB_Video_Dataset/mask/0022/000009-mask-00.png", 
    "depth_minmax": [
      0.71, 
      0.837
    ], 
    "model": "/media/hdd/YCBvideo/YCB_Video_Dataset/YCB_Video_Dataset/models/025_mug/textured.obj", 
    "rot_mat": [
      [
        0.8916413941427236, 
        -0.4519807986689118, 
        -0.026235006585363246
      ], 
      [
        -0.2767880513865749, 
        -0.49834216584358465, 
        -0.821610755002301
      ], 
      [
        0.35827837014432223, 
        0.7398443825953027, 
        -0.5694458730317461
      ]
    ], 
    "trans_mat": [
      -0.01773139371476034, 
      0.08682024823419188, 
      0.7659448655937242
    ]
  }, 
  {
    "img": "/media/hdd/YCBvideo/YCB_Video_Dataset/YCB_Video_Dataset/data/0022/000010-label.png", 
    "mask": "/media/hdd/YCBvideo/YCB_Video_Dataset/Generated_YCB_Video_Dataset/mask/0022/000010-mask-00.png", 
    "depth_minmax": [
      0.707, 
      0.846
    ], 
    "model": "/media/hdd/YCBvideo/YCB_Video_Dataset/YCB_Video_Dataset/models/025_mug/textured.obj", 
    "rot_mat": [
      [
        0.8908208760454553, 
        -0.4537844506708669, 
        -0.022722018528038145
      ], 
      [
        -0.27647719038185575, 
        -0.5017086548668809, 
        -0.8196638072893069
      ], 
      [
        0.36055112890285884, 
        0.7364563925897174, 
        -0.5723937706813408
      ]
    ], 
    "trans_mat": [
      -0.018348088334598063, 
      0.08486780053826853, 
      0.7649989969047511
    ]
  }, 
  {
    "img": "/media/hdd/YCBvideo/YCB_Video_Dataset/YCB_Video_Dataset/data/0022/000011-label.png", 
    "mask": "/media/hdd/YCBvideo/YCB_Video_Dataset/Generated_YCB_Video_Dataset/mask/0022/000011-mask-00.png", 
    "depth_minmax": [
      0.707, 
      0.805
    ], 
    "model": "/media/hdd/YCBvideo/YCB_Video_Dataset/YCB_Video_Dataset/models/025_mug/textured.obj", 
    "rot_mat": [
      [
        0.8933995283962957, 
        -0.4486606273869392, 
        -0.023238096185156164
      ], 
      [
        -0.2734403492140465, 
        -0.5019938199748261, 
        -0.8205081448132152
      ], 
      [
        0.3564643549081089, 
        0.7393963931216121, 
        -0.5711626425343889
      ]
    ], 
    "trans_mat": [
      -0.015922660437623085, 
      0.0840630690390733, 
      0.764011010380532
    ]
  }, 
  {
    "img": "/media/hdd/YCBvideo/YCB_Video_Dataset/YCB_Video_Dataset/data/0022/000012-label.png", 
    "mask": "/media/hdd/YCBvideo/YCB_Video_Dataset/Generated_YCB_Video_Dataset/mask/0022/000012-mask-00.png", 
    "depth_minmax": [
      0.706, 
      0.839
    ], 
    "model": "/media/hdd/YCBvideo/YCB_Video_Dataset/YCB_Video_Dataset/models/025_mug/textured.obj", 
    "rot_mat": [
      [
        0.8930242594779934, 
        -0.44949098629756096, 
        -0.021544935303904646
      ], 
      [
        -0.27293049147753945, 
        -0.5029353267668234, 
        -0.8201012099868467
      ], 
      [
        0.3577923910809831, 
        0.7382510102504278, 
        -0.5718137327036097
      ]
    ], 
    "trans_mat": [
      -0.014980303063085218, 
      0.08420840485688255, 
      0.7635328028638185
    ]
  }, 
  {
    "img": "/media/hdd/YCBvideo/YCB_Video_Dataset/YCB_Video_Dataset/data/0022/000013-label.png", 
    "mask": "/media/hdd/YCBvideo/YCB_Video_Dataset/Generated_YCB_Video_Dataset/mask/0022/000013-mask-00.png", 
    "depth_minmax": [
      0.706, 
      0.833
    ], 
    "model": "/media/hdd/YCBvideo/YCB_Video_Dataset/YCB_Video_Dataset/models/025_mug/textured.obj", 
    "rot_mat": [
      [
        0.8928330403561618, 
        -0.4497905206474811, 
        -0.0231478634005126
      ], 
      [
        -0.2750970590536504, 
        -0.5039305958144573, 
        -0.8187650171848735
      ], 
      [
        0.3566085074247968, 
        0.737389186963834, 
        -0.573662470638795
      ]
    ], 
    "trans_mat": [
      -0.013963875158063781, 
      0.08441760208412472, 
      0.7632419279439967
    ]
  }, 
  {
    "img": "/media/hdd/YCBvideo/YCB_Video_Dataset/YCB_Video_Dataset/data/0022/000014-label.png", 
    "mask": "/media/hdd/YCBvideo/YCB_Video_Dataset/Generated_YCB_Video_Dataset/mask/0022/000014-mask-00.png", 
    "depth_minmax": [
      0.706, 
      0.834
    ], 
    "model": "/media/hdd/YCBvideo/YCB_Video_Dataset/YCB_Video_Dataset/models/025_mug/textured.obj", 
    "rot_mat": [
      [
        0.8943094814886601, 
        -0.44697403516037953, 
        -0.020577125205679003
      ], 
      [
        -0.27141682769911185, 
        -0.505344341221472, 
        -0.8191217124493683
      ], 
      [
        0.35572770188058667, 
        0.7381337182343622, 
        -0.5732512197944654
      ]
    ], 
    "trans_mat": [
      -0.014533705933502488, 
      0.08384947571916862, 
      0.7627311494293011
    ]
  }, 
  {
    "img": "/media/hdd/YCBvideo/YCB_Video_Dataset/YCB_Video_Dataset/data/0022/000015-label.png", 
    "mask": "/media/hdd/YCBvideo/YCB_Video_Dataset/Generated_YCB_Video_Dataset/mask/0022/000015-mask-00.png", 
    "depth_minmax": [
      0.706, 
      0.829
    ], 
    "model": "/media/hdd/YCBvideo/YCB_Video_Dataset/YCB_Video_Dataset/models/025_mug/textured.obj", 
    "rot_mat": [
      [
        0.8919949574931004, 
        -0.45163533898510105, 
        -0.01923777755358496
      ], 
      [
        -0.27474584561722803, 
        -0.5078550464236088, 
        -0.8164551871320811
      ], 
      [
        0.358970130919188, 
        0.7335600372180318, 
        -0.5770892167584655
      ]
    ], 
    "trans_mat": [
      -0.016169407985480576, 
      0.08255216525320035, 
      0.7617029985031066
    ]
  }, 
  {
    "img": "/media/hdd/YCBvideo/YCB_Video_Dataset/YCB_Video_Dataset/data/0022/000016-label.png", 
    "mask": "/media/hdd/YCBvideo/YCB_Video_Dataset/Generated_YCB_Video_Dataset/mask/0022/000016-mask-00.png", 
    "depth_minmax": [
      0.705, 
      0.836
    ], 
    "model": "/media/hdd/YCBvideo/YCB_Video_Dataset/YCB_Video_Dataset/models/025_mug/textured.obj", 
    "rot_mat": [
      [
        0.891398197450685, 
        -0.4528604735587278, 
        -0.018045485328980496
      ], 
      [
        -0.274452722854526, 
        -0.5076829492844279, 
        -0.8166603044493749
      ], 
      [
        0.3606723091702667, 
        0.7329230390930485, 
        -0.5768371136335471
      ]
    ], 
    "trans_mat": [
      -0.016204430746360597, 
      0.08240038889336822, 
      0.7614398794495839
    ]
  }, 
  {
    "img": "/media/hdd/YCBvideo/YCB_Video_Dataset/YCB_Video_Dataset/data/0022/000017-label.png", 
    "mask": "/media/hdd/YCBvideo/YCB_Video_Dataset/Generated_YCB_Video_Dataset/mask/0022/000017-mask-00.png", 
    "depth_minmax": [
      0.703, 
      0.831
    ], 
    "model": "/media/hdd/YCBvideo/YCB_Video_Dataset/YCB_Video_Dataset/models/025_mug/textured.obj", 
    "rot_mat": [
      [
        0.8922978094398862, 
        -0.45121248287153465, 
        -0.01454955431716142
      ], 
      [
        -0.2708295102153492, 
        -0.5092385130308945, 
        -0.8169014829152965
      ], 
      [
        0.3611870308253695, 
        0.7328601611382027, 
        -0.5765938319373156
      ]
    ], 
    "trans_mat": [
      -0.016852474809248886, 
      0.08295021540331911, 
      0.7611868161032741
    ]
  }, 
  {
    "img": "/media/hdd/YCBvideo/YCB_Video_Dataset/YCB_Video_Dataset/data/0022/000018-label.png", 
    "mask": "/media/hdd/YCBvideo/YCB_Video_Dataset/Generated_YCB_Video_Dataset/mask/0022/000018-mask-00.png", 
    "depth_minmax": [
      0.702, 
      0.831
    ], 
    "model": "/media/hdd/YCBvideo/YCB_Video_Dataset/YCB_Video_Dataset/models/025_mug/textured.obj", 
    "rot_mat": [
      [
        0.8920612179794294, 
        -0.4518436494712315, 
        -0.007973960258337083
      ], 
      [
        -0.26655210302944904, 
        -0.5118346697150998, 
        -0.8166858879400979
      ], 
      [
        0.3649326714344682, 
        0.730659808943136, 
        -0.577028341875333
      ]
    ], 
    "trans_mat": [
      -0.02030420045090283, 
      0.08273557727656615, 
      0.7599501033983725
    ]
  }, 
  {
    "img": "/media/hdd/YCBvideo/YCB_Video_Dataset/YCB_Video_Dataset/data/0022/000019-label.png", 
    "mask": "/media/hdd/YCBvideo/YCB_Video_Dataset/Generated_YCB_Video_Dataset/mask/0022/000019-mask-00.png", 
    "depth_minmax": [
      0.702, 
      0.833
    ], 
    "model": "/media/hdd/YCBvideo/YCB_Video_Dataset/YCB_Video_Dataset/models/025_mug/textured.obj", 
    "rot_mat": [
      [
        0.8906463307321669, 
        -0.4546285539983015, 
        -0.007820448650326032
      ], 
      [
        -0.26718511198616196, 
        -0.5093622103078956, 
        -0.8180241381204425
      ], 
      [
        0.36791335526536434, 
        0.7306598241674488, 
        -0.5751313545851905
      ]
    ], 
    "trans_mat": [
      -0.019321723197825182, 
      0.08227969095119875, 
      0.759179636075677
    ]
  }, 
  {
    "img": "/media/hdd/YCBvideo/YCB_Video_Dataset/YCB_Video_Dataset/data/0022/000020-label.png", 
    "mask": "/media/hdd/YCBvideo/YCB_Video_Dataset/Generated_YCB_Video_Dataset/mask/0022/000020-mask-00.png", 
    "depth_minmax": [
      0.702, 
      0.829
    ], 
    "model": "/media/hdd/YCBvideo/YCB_Video_Dataset/YCB_Video_Dataset/models/025_mug/textured.obj", 
    "rot_mat": [
      [
        0.8908378969058678, 
        -0.4543128525624254, 
        -0.0028269198726328017
      ], 
      [
        -0.266147447758634, 
        -0.5168103638699263, 
        -0.8136785163784565
      ], 
      [
        0.3682038122497951, 
        0.7256078946825917, 
        -0.5813085493724947
      ]
    ], 
    "trans_mat": [
      -0.022830302780051347, 
      0.07615440986069401, 
      0.7568711545137307
    ]
  }, 
  {
    "img": "/media/hdd/YCBvideo/YCB_Video_Dataset/YCB_Video_Dataset/data/0022/000021-label.png", 
    "mask": "/media/hdd/YCBvideo/YCB_Video_Dataset/Generated_YCB_Video_Dataset/mask/0022/000021-mask-00.png", 
    "depth_minmax": [
      0.702, 
      0.819
    ], 
    "model": "/media/hdd/YCBvideo/YCB_Video_Dataset/YCB_Video_Dataset/models/025_mug/textured.obj", 
    "rot_mat": [
      [
        0.8904539657078528, 
        -0.45507009494448936, 
        0.0015683233713408326
      ], 
      [
        -0.2638335829256117, 
        -0.5190554619523756, 
        -0.8130030982802504
      ], 
      [
        0.3707875077332703, 
        0.7235283683525765, 
        -0.5822577048066028
      ]
    ], 
    "trans_mat": [
      -0.024362014560806063, 
      0.07470900285814011, 
      0.7562314641164128
    ]
  }, 
  {
    "img": "/media/hdd/YCBvideo/YCB_Video_Dataset/YCB_Video_Dataset/data/0022/000022-label.png", 
    "mask": "/media/hdd/YCBvideo/YCB_Video_Dataset/Generated_YCB_Video_Dataset/mask/0022/000022-mask-00.png", 
    "depth_minmax": [
      0.701, 
      0.825
    ], 
    "model": "/media/hdd/YCBvideo/YCB_Video_Dataset/YCB_Video_Dataset/models/025_mug/textured.obj", 
    "rot_mat": [
      [
        0.8896024914828097, 
        -0.4567214041262241, 
        0.003543693189621801
      ], 
      [
        -0.2642559148120476, 
        -0.5210142019220354, 
        -0.8116117418994028
      ], 
      [
        0.37252725904542594, 
        0.7210758017065657, 
        -0.5841864796735865
      ]
    ], 
    "trans_mat": [
      -0.025785531580343364, 
      0.07432234061804777, 
      0.7552912646576456
    ]
  }, 
  {
    "img": "/media/hdd/YCBvideo/YCB_Video_Dataset/YCB_Video_Dataset/data/0022/000023-label.png", 
    "mask": "/media/hdd/YCBvideo/YCB_Video_Dataset/Generated_YCB_Video_Dataset/mask/0022/000023-mask-00.png", 
    "depth_minmax": [
      0.7, 
      0.826
    ], 
    "model": "/media/hdd/YCBvideo/YCB_Video_Dataset/YCB_Video_Dataset/models/025_mug/textured.obj", 
    "rot_mat": [
      [
        0.889101285665521, 
        -0.4576829873210359, 
        0.004885607288020885
      ], 
      [
        -0.26299348451976684, 
        -0.5195720721593677, 
        -0.812944397266827
      ], 
      [
        0.3746098741434492, 
        0.7215059651712287, 
        -0.5823212868814773
      ]
    ], 
    "trans_mat": [
      -0.0258494467756278, 
      0.07483522899320245, 
      0.7537295815731552
    ]
  }, 
  {
    "img": "/media/hdd/YCBvideo/YCB_Video_Dataset/YCB_Video_Dataset/data/0022/000024-label.png", 
    "mask": "/media/hdd/YCBvideo/YCB_Video_Dataset/Generated_YCB_Video_Dataset/mask/0022/000024-mask-00.png", 
    "depth_minmax": [
      0.7, 
      0.827
    ], 
    "model": "/media/hdd/YCBvideo/YCB_Video_Dataset/YCB_Video_Dataset/models/025_mug/textured.obj", 
    "rot_mat": [
      [
        0.8896106750376821, 
        -0.4566451060325533, 
        0.008262481343292554
      ], 
      [
        -0.2595705456815854, 
        -0.5204004977728534, 
        -0.8135155081672969
      ], 
      [
        0.37578741145573097, 
        0.7215672888701935, 
        -0.5814851121636504
      ]
    ], 
    "trans_mat": [
      -0.025928767180946256, 
      0.07474474728351478, 
      0.7529397831489347
    ]
  }, 
  {
    "img": "/media/hdd/YCBvideo/YCB_Video_Dataset/YCB_Video_Dataset/data/0022/000025-label.png", 
    "mask": "/media/hdd/YCBvideo/YCB_Video_Dataset/Generated_YCB_Video_Dataset/mask/0022/000025-mask-00.png", 
    "depth_minmax": [
      0.697, 
      0.825
    ], 
    "model": "/media/hdd/YCBvideo/YCB_Video_Dataset/YCB_Video_Dataset/models/025_mug/textured.obj", 
    "rot_mat": [
      [
        0.8900513285943608, 
        -0.4556863652649763, 
        0.012561023228438871
      ], 
      [
        -0.25679384543900957, 
        -0.5239581441000696, 
        -0.8121120237011086
      ], 
      [
        0.3766502230473867, 
        0.7195961121000438, 
        -0.5833672052928547
      ]
    ], 
    "trans_mat": [
      -0.026952535301992618, 
      0.0741785449345847, 
      0.7524933094700292
    ]
  }, 
  {
    "img": "/media/hdd/YCBvideo/YCB_Video_Dataset/YCB_Video_Dataset/data/0022/000026-label.png", 
    "mask": "/media/hdd/YCBvideo/YCB_Video_Dataset/Generated_YCB_Video_Dataset/mask/0022/000026-mask-00.png", 
    "depth_minmax": [
      0.696, 
      0.827
    ], 
    "model": "/media/hdd/YCBvideo/YCB_Video_Dataset/YCB_Video_Dataset/models/025_mug/textured.obj", 
    "rot_mat": [
      [
        0.8893536149534079, 
        -0.45692746878146606, 
        0.016343617228070376
      ], 
      [
        -0.2550777227382775, 
        -0.5255095089381412, 
        -0.81164985655451
      ], 
      [
        0.3794541104986787, 
        0.7176749848596611, 
        -0.583916098023581
      ]
    ], 
    "trans_mat": [
      -0.02846947017190684, 
      0.07368332973749521, 
      0.7518431724669523
    ]
  }, 
  {
    "img": "/media/hdd/YCBvideo/YCB_Video_Dataset/YCB_Video_Dataset/data/0022/000027-label.png", 
    "mask": "/media/hdd/YCBvideo/YCB_Video_Dataset/Generated_YCB_Video_Dataset/mask/0022/000027-mask-00.png", 
    "depth_minmax": [
      0.696, 
      0.825
    ], 
    "model": "/media/hdd/YCBvideo/YCB_Video_Dataset/YCB_Video_Dataset/models/025_mug/textured.obj", 
    "rot_mat": [
      [
        0.8897988257767862, 
        -0.4561277305274676, 
        0.014293350516018991
      ], 
      [
        -0.25565213866605, 
        -0.524172968893046, 
        -0.8123332793857679
      ], 
      [
        0.3780205444209928, 
        0.7191596576462557, 
        -0.5830186198443091
      ]
    ], 
    "trans_mat": [
      -0.027887937496367428, 
      0.07371912017353725, 
      0.7512579266309678
    ]
  }, 
  {
    "img": "/media/hdd/YCBvideo/YCB_Video_Dataset/YCB_Video_Dataset/data/0022/000028-label.png", 
    "mask": "/media/hdd/YCBvideo/YCB_Video_Dataset/Generated_YCB_Video_Dataset/mask/0022/000028-mask-00.png", 
    "depth_minmax": [
      0.696, 
      0.825
    ], 
    "model": "/media/hdd/YCBvideo/YCB_Video_Dataset/YCB_Video_Dataset/models/025_mug/textured.obj", 
    "rot_mat": [
      [
        0.8893080692586022, 
        -0.45704935248996803, 
        0.015399909212350196
      ], 
      [
        -0.25559026038805704, 
        -0.5246768399529971, 
        -0.8120271712814969
      ], 
      [
        0.3792167140694922, 
        0.7182061355768022, 
        -0.5834163951411997
      ]
    ], 
    "trans_mat": [
      -0.026724035038133608, 
      0.073189151548653, 
      0.7505621821034504
    ]
  }, 
  {
    "img": "/media/hdd/YCBvideo/YCB_Video_Dataset/YCB_Video_Dataset/data/0022/000029-label.png", 
    "mask": "/media/hdd/YCBvideo/YCB_Video_Dataset/Generated_YCB_Video_Dataset/mask/0022/000029-mask-00.png", 
    "depth_minmax": [
      0.695, 
      0.827
    ], 
    "model": "/media/hdd/YCBvideo/YCB_Video_Dataset/YCB_Video_Dataset/models/025_mug/textured.obj", 
    "rot_mat": [
      [
        0.889541217899638, 
        -0.4565061070942248, 
        0.017802098486123717
      ], 
      [
        -0.2544819725520971, 
        -0.5274878418716076, 
        -0.8105528214183182
      ], 
      [
        0.3794134554153937, 
        0.7164903446827817, 
        -0.5853948222023184
      ]
    ], 
    "trans_mat": [
      -0.02679792647543323, 
      0.07252162865035698, 
      0.750122525390971
    ]
  }, 
  {
    "img": "/media/hdd/YCBvideo/YCB_Video_Dataset/YCB_Video_Dataset/data/0022/000030-label.png", 
    "mask": "/media/hdd/YCBvideo/YCB_Video_Dataset/Generated_YCB_Video_Dataset/mask/0022/000030-mask-00.png", 
    "depth_minmax": [
      0.693, 
      0.828
    ], 
    "model": "/media/hdd/YCBvideo/YCB_Video_Dataset/YCB_Video_Dataset/models/025_mug/textured.obj", 
    "rot_mat": [
      [
        0.8888870982448835, 
        -0.4578030798346121, 
        0.017168906775529028
      ], 
      [
        -0.2564820725013617, 
        -0.5283485297347874, 
        -0.8093611512159383
      ], 
      [
        0.37959982475596243, 
        0.7150279961352097, 
        -0.5870609671321315
      ]
    ], 
    "trans_mat": [
      -0.02656146907412982, 
      0.0712984370887688, 
      0.7496469573810433
    ]
  }, 
  {
    "img": "/media/hdd/YCBvideo/YCB_Video_Dataset/YCB_Video_Dataset/data/0022/000031-label.png", 
    "mask": "/media/hdd/YCBvideo/YCB_Video_Dataset/Generated_YCB_Video_Dataset/mask/0022/000031-mask-00.png", 
    "depth_minmax": [
      0.689, 
      0.823
    ], 
    "model": "/media/hdd/YCBvideo/YCB_Video_Dataset/YCB_Video_Dataset/models/025_mug/textured.obj", 
    "rot_mat": [
      [
        0.8891404278587911, 
        -0.4569101921415076, 
        0.025708172917179077
      ], 
      [
        -0.25081970209406257, 
        -0.5335377811754937, 
        -0.8077296160393572
      ], 
      [
        0.38277700807710163, 
        0.7117377057115265, 
        -0.5889924579276918
      ]
    ], 
    "trans_mat": [
      -0.03059132241398851, 
      0.0675201885290102, 
      0.7475982270264737
    ]
  }, 
  {
    "img": "/media/hdd/YCBvideo/YCB_Video_Dataset/YCB_Video_Dataset/data/0022/000032-label.png", 
    "mask": "/media/hdd/YCBvideo/YCB_Video_Dataset/Generated_YCB_Video_Dataset/mask/0022/000032-mask-00.png", 
    "depth_minmax": [
      0.689, 
      0.819
    ], 
    "model": "/media/hdd/YCBvideo/YCB_Video_Dataset/YCB_Video_Dataset/models/025_mug/textured.obj", 
    "rot_mat": [
      [
        0.8880427446759078, 
        -0.4589765501194558, 
        0.026847376619944525
      ], 
      [
        -0.25213436817915963, 
        -0.535004003208975, 
        -0.8063498551302603
      ], 
      [
        0.3844587086998301, 
        0.709303723715486, 
        -0.5908301661304375
      ]
    ], 
    "trans_mat": [
      -0.03043343238325409, 
      0.06652287637676464, 
      0.7469807854527883
    ]
  }, 
  {
    "img": "/media/hdd/YCBvideo/YCB_Video_Dataset/YCB_Video_Dataset/data/0022/000033-label.png", 
    "mask": "/media/hdd/YCBvideo/YCB_Video_Dataset/Generated_YCB_Video_Dataset/mask/0022/000033-mask-00.png", 
    "depth_minmax": [
      0.689, 
      0.821
    ], 
    "model": "/media/hdd/YCBvideo/YCB_Video_Dataset/YCB_Video_Dataset/models/025_mug/textured.obj", 
    "rot_mat": [
      [
        0.8873775989175379, 
        -0.46029026727342537, 
        0.026310224211959072
      ], 
      [
        -0.25367562585227654, 
        -0.5351108687266164, 
        -0.8057946291190727
      ], 
      [
        0.38497894562894974, 
        0.7083707217644064, 
        -0.5916103221523695
      ]
    ], 
    "trans_mat": [
      -0.028253390058761863, 
      0.06654033716976301, 
      0.7462930928595252
    ]
  }, 
  {
    "img": "/media/hdd/YCBvideo/YCB_Video_Dataset/YCB_Video_Dataset/data/0022/000034-label.png", 
    "mask": "/media/hdd/YCBvideo/YCB_Video_Dataset/Generated_YCB_Video_Dataset/mask/0022/000034-mask-00.png", 
    "depth_minmax": [
      0.689, 
      0.82
    ], 
    "model": "/media/hdd/YCBvideo/YCB_Video_Dataset/YCB_Video_Dataset/models/025_mug/textured.obj", 
    "rot_mat": [
      [
        0.8881495398204019, 
        -0.458744331143604, 
        0.027269891491135026
      ], 
      [
        -0.2515167470585559, 
        -0.5348962512826856, 
        -0.8066135378715157
      ], 
      [
        0.384616347800976, 
        0.709535537706633, 
        -0.5904494209997131
      ]
    ], 
    "trans_mat": [
      -0.026437049426953563, 
      0.06714268557683647, 
      0.7445502742125507
    ]
  }, 
  {
    "img": "/media/hdd/YCBvideo/YCB_Video_Dataset/YCB_Video_Dataset/data/0022/000035-label.png", 
    "mask": "/media/hdd/YCBvideo/YCB_Video_Dataset/Generated_YCB_Video_Dataset/mask/0022/000035-mask-00.png", 
    "depth_minmax": [
      0.689, 
      0.822
    ], 
    "model": "/media/hdd/YCBvideo/YCB_Video_Dataset/YCB_Video_Dataset/models/025_mug/textured.obj", 
    "rot_mat": [
      [
        0.8887021111615301, 
        -0.4576741686226644, 
        0.027243390933455788
      ], 
      [
        -0.2509155681907922, 
        -0.5352354060555465, 
        -0.8065759460588361
      ], 
      [
        0.38373072165128314, 
        0.709970552362881, 
        -0.5905023352678614
      ]
    ], 
    "trans_mat": [
      -0.026150207274420058, 
      0.0689197178523037, 
      0.743804359035236
    ]
  }, 
  {
    "img": "/media/hdd/YCBvideo/YCB_Video_Dataset/YCB_Video_Dataset/data/0022/000036-label.png", 
    "mask": "/media/hdd/YCBvideo/YCB_Video_Dataset/Generated_YCB_Video_Dataset/mask/0022/000036-mask-00.png", 
    "depth_minmax": [
      0.686, 
      0.82
    ], 
    "model": "/media/hdd/YCBvideo/YCB_Video_Dataset/YCB_Video_Dataset/models/025_mug/textured.obj", 
    "rot_mat": [
      [
        0.888881204188041, 
        -0.45736856048480795, 
        0.026504223083792328
      ], 
      [
        -0.25029960522749317, 
        -0.5332765271728493, 
        -0.8080635942774037
      ], 
      [
        0.3837173895505202, 
        0.7116393262372765, 
        -0.5884991927400545
      ]
    ], 
    "trans_mat": [
      -0.024839320524012668, 
      0.07043729823386966, 
      0.7427993812582198
    ]
  }, 
  {
    "img": "/media/hdd/YCBvideo/YCB_Video_Dataset/YCB_Video_Dataset/data/0022/000037-label.png", 
    "mask": "/media/hdd/YCBvideo/YCB_Video_Dataset/Generated_YCB_Video_Dataset/mask/0022/000037-mask-00.png", 
    "depth_minmax": [
      0.688, 
      0.818
    ], 
    "model": "/media/hdd/YCBvideo/YCB_Video_Dataset/YCB_Video_Dataset/models/025_mug/textured.obj", 
    "rot_mat": [
      [
        0.8892200251942809, 
        -0.45664525900305836, 
        0.02760777491441822
      ], 
      [
        -0.24857324101224604, 
        -0.5329419570562295, 
        -0.8088167143942808
      ], 
      [
        0.38405610843220156, 
        0.7123537949052481, 
        -0.5874125413319297
      ]
    ], 
    "trans_mat": [
      -0.02293270802862808, 
      0.07059348560429773, 
      0.741886061981396
    ]
  }, 
  {
    "img": "/media/hdd/YCBvideo/YCB_Video_Dataset/YCB_Video_Dataset/data/0022/000038-label.png", 
    "mask": "/media/hdd/YCBvideo/YCB_Video_Dataset/Generated_YCB_Video_Dataset/mask/0022/000038-mask-00.png", 
    "depth_minmax": [
      0.686, 
      0.814
    ], 
    "model": "/media/hdd/YCBvideo/YCB_Video_Dataset/YCB_Video_Dataset/models/025_mug/textured.obj", 
    "rot_mat": [
      [
        0.8905046547518665, 
        -0.45391433052240804, 
        0.03100403354744055
      ], 
      [
        -0.24485432521185055, 
        -0.5355684974663358, 
        -0.8082160788228627
      ], 
      [
        0.38346573283958635, 
        0.7121295766337804, 
        -0.5880700841928737
      ]
    ], 
    "trans_mat": [
      -0.023184235585955927, 
      0.06988948680379328, 
      0.7404647173711707
    ]
  }, 
  {
    "img": "/media/hdd/YCBvideo/YCB_Video_Dataset/YCB_Video_Dataset/data/0022/000039-label.png", 
    "mask": "/media/hdd/YCBvideo/YCB_Video_Dataset/Generated_YCB_Video_Dataset/mask/0022/000039-mask-00.png", 
    "depth_minmax": [
      0.684, 
      0.815
    ], 
    "model": "/media/hdd/YCBvideo/YCB_Video_Dataset/YCB_Video_Dataset/models/025_mug/textured.obj", 
    "rot_mat": [
      [
        0.8917909997271299, 
        -0.45083213973056324, 
        0.03818371562788041
      ], 
      [
        -0.23811897224843864, 
        -0.5394296831884902, 
        -0.8076605866432712
      ], 
      [
        0.38471699003032384, 
        0.7111732533267439, 
        -0.5884103055796005
      ]
    ], 
    "trans_mat": [
      -0.024188965638338465, 
      0.06808812837019251, 
      0.7390807531556934
    ]
  }, 
  {
    "img": "/media/hdd/YCBvideo/YCB_Video_Dataset/YCB_Video_Dataset/data/0022/000040-label.png", 
    "mask": "/media/hdd/YCBvideo/YCB_Video_Dataset/Generated_YCB_Video_Dataset/mask/0022/000040-mask-00.png", 
    "depth_minmax": [
      0.684, 
      0.803
    ], 
    "model": "/media/hdd/YCBvideo/YCB_Video_Dataset/YCB_Video_Dataset/models/025_mug/textured.obj", 
    "rot_mat": [
      [
        0.8936226458473678, 
        -0.44659299975009803, 
        0.044628446383709885
      ], 
      [
        -0.23430668141866076, 
        -0.5490169593323454, 
        -0.8022974343117858
      ], 
      [
        0.38280245210999003, 
        0.7064950638480625, 
        -0.5952545383288139
      ]
    ], 
    "trans_mat": [
      -0.025622134004435144, 
      0.0629036014666627, 
      0.7389036439633085
    ]
  }, 
  {
    "img": "/media/hdd/YCBvideo/YCB_Video_Dataset/YCB_Video_Dataset/data/0022/000041-label.png", 
    "mask": "/media/hdd/YCBvideo/YCB_Video_Dataset/Generated_YCB_Video_Dataset/mask/0022/000041-mask-00.png", 
    "depth_minmax": [
      0.684, 
      0.814
    ], 
    "model": "/media/hdd/YCBvideo/YCB_Video_Dataset/YCB_Video_Dataset/models/025_mug/textured.obj", 
    "rot_mat": [
      [
        0.8921415378025555, 
        -0.4493034526033642, 
        0.0470047568802241
      ], 
      [
        -0.23523965717331705, 
        -0.5508671038263742, 
        -0.800754353763495
      ], 
      [
        0.3856751028530925, 
        0.7033293639528292, 
        -0.5971461898373759
      ]
    ], 
    "trans_mat": [
      -0.025665670265059434, 
      0.061559783392047845, 
      0.7387372399195831
    ]
  }, 
  {
    "img": "/media/hdd/YCBvideo/YCB_Video_Dataset/YCB_Video_Dataset/data/0022/000042-label.png", 
    "mask": "/media/hdd/YCBvideo/YCB_Video_Dataset/Generated_YCB_Video_Dataset/mask/0022/000042-mask-00.png", 
    "depth_minmax": [
      0.684, 
      0.812
    ], 
    "model": "/media/hdd/YCBvideo/YCB_Video_Dataset/YCB_Video_Dataset/models/025_mug/textured.obj", 
    "rot_mat": [
      [
        0.8917458516706522, 
        -0.44986908504529466, 
        0.049065250373841456
      ], 
      [
        -0.23467055478464102, 
        -0.5524086352615515, 
        -0.7998591469359527
      ], 
      [
        0.3869357161154173, 
        0.7017568021933445, 
        -0.5981795362926865
      ]
    ], 
    "trans_mat": [
      -0.02666085314602983, 
      0.06296114342941946, 
      0.7397758127312262
    ]
  }, 
  {
    "img": "/media/hdd/YCBvideo/YCB_Video_Dataset/YCB_Video_Dataset/data/0022/000043-label.png", 
    "mask": "/media/hdd/YCBvideo/YCB_Video_Dataset/Generated_YCB_Video_Dataset/mask/0022/000043-mask-00.png", 
    "depth_minmax": [
      0.684, 
      0.816
    ], 
    "model": "/media/hdd/YCBvideo/YCB_Video_Dataset/YCB_Video_Dataset/models/025_mug/textured.obj", 
    "rot_mat": [
      [
        0.8900416972261692, 
        -0.45310105810723583, 
        0.05025259358783346
      ], 
      [
        -0.23474725458248855, 
        -0.5500122610082245, 
        -0.8014860931725467
      ], 
      [
        0.39079421551314864, 
        0.7015594439165842, 
        -0.5958986298831009
      ]
    ], 
    "trans_mat": [
      -0.027342141878495596, 
      0.06576986400138579, 
      0.7403124954803688
    ]
  }, 
  {
    "img": "/media/hdd/YCBvideo/YCB_Video_Dataset/YCB_Video_Dataset/data/0022/000044-label.png", 
    "mask": "/media/hdd/YCBvideo/YCB_Video_Dataset/Generated_YCB_Video_Dataset/mask/0022/000044-mask-00.png", 
    "depth_minmax": [
      0.684, 
      0.817
    ], 
    "model": "/media/hdd/YCBvideo/YCB_Video_Dataset/YCB_Video_Dataset/models/025_mug/textured.obj", 
    "rot_mat": [
      [
        0.8896035182846932, 
        -0.45404334686482345, 
        0.049491386295536746
      ], 
      [
        -0.23513518613245687, 
        -0.5481853401391104, 
        -0.8026242954302634
      ], 
      [
        0.39155659469071497, 
        0.7023804999132796, 
        -0.5944291110344709
      ]
    ], 
    "trans_mat": [
      -0.02662448070307288, 
      0.06724007746823779, 
      0.7404499197818435
    ]
  }, 
  {
    "img": "/media/hdd/YCBvideo/YCB_Video_Dataset/YCB_Video_Dataset/data/0022/000045-label.png", 
    "mask": "/media/hdd/YCBvideo/YCB_Video_Dataset/Generated_YCB_Video_Dataset/mask/0022/000045-mask-00.png", 
    "depth_minmax": [
      0.685, 
      0.817
    ], 
    "model": "/media/hdd/YCBvideo/YCB_Video_Dataset/YCB_Video_Dataset/models/025_mug/textured.obj", 
    "rot_mat": [
      [
        0.8892520234700716, 
        -0.4546895468021523, 
        0.049876459659051256
      ], 
      [
        -0.23474366150117065, 
        -0.5472234517901261, 
        -0.803393777404339
      ], 
      [
        0.39258846684354076, 
        0.7027117099479294, 
        -0.5933555008059387
      ]
    ], 
    "trans_mat": [
      -0.02618886796857139, 
      0.06882007007350673, 
      0.7399561594122624
    ]
  }, 
  {
    "img": "/media/hdd/YCBvideo/YCB_Video_Dataset/YCB_Video_Dataset/data/0022/000046-label.png", 
    "mask": "/media/hdd/YCBvideo/YCB_Video_Dataset/Generated_YCB_Video_Dataset/mask/0022/000046-mask-00.png", 
    "depth_minmax": [
      0.682, 
      0.814
    ], 
    "model": "/media/hdd/YCBvideo/YCB_Video_Dataset/YCB_Video_Dataset/models/025_mug/textured.obj", 
    "rot_mat": [
      [
        0.8891148362230443, 
        -0.45449839214702276, 
        0.05390465978382371
      ], 
      [
        -0.2332188218149528, 
        -0.5512459299993933, 
        -0.8010850787675893
      ], 
      [
        0.39380719057485414, 
        0.6996856968892179, 
        -0.596118386933898
      ]
    ], 
    "trans_mat": [
      -0.026670526173582725, 
      0.06541888212489239, 
      0.7393298155352718
    ]
  }, 
  {
    "img": "/media/hdd/YCBvideo/YCB_Video_Dataset/YCB_Video_Dataset/data/0022/000047-label.png", 
    "mask": "/media/hdd/YCBvideo/YCB_Video_Dataset/Generated_YCB_Video_Dataset/mask/0022/000047-mask-00.png", 
    "depth_minmax": [
      0.684, 
      0.813
    ], 
    "model": "/media/hdd/YCBvideo/YCB_Video_Dataset/YCB_Video_Dataset/models/025_mug/textured.obj", 
    "rot_mat": [
      [
        0.8900523364962898, 
        -0.4525536990513058, 
        0.05477705657565042
      ], 
      [
        -0.23253312455051744, 
        -0.5540808729495185, 
        -0.7993271436740107
      ], 
      [
        0.392089699963493, 
        0.6987059748354483, 
        -0.5983951568369887
      ]
    ], 
    "trans_mat": [
      -0.025070301107023633, 
      0.0632968056625597, 
      0.7389239817395415
    ]
  }, 
  {
    "img": "/media/hdd/YCBvideo/YCB_Video_Dataset/YCB_Video_Dataset/data/0022/000048-label.png", 
    "mask": "/media/hdd/YCBvideo/YCB_Video_Dataset/Generated_YCB_Video_Dataset/mask/0022/000048-mask-00.png", 
    "depth_minmax": [
      0.684, 
      0.815
    ], 
    "model": "/media/hdd/YCBvideo/YCB_Video_Dataset/YCB_Video_Dataset/models/025_mug/textured.obj", 
    "rot_mat": [
      [
        0.8900616569717534, 
        -0.45265703059847906, 
        0.05377649343528974
      ], 
      [
        -0.2344137612393552, 
        -0.5556912030636192, 
        -0.7976576839026734
      ], 
      [
        0.3909487482761592, 
        0.6973583319499891, 
        -0.6007087690108008
      ]
    ], 
    "trans_mat": [
      -0.023182375471242234, 
      0.06191040237660791, 
      0.7388444187631279
    ]
  }, 
  {
    "img": "/media/hdd/YCBvideo/YCB_Video_Dataset/YCB_Video_Dataset/data/0022/000049-label.png", 
    "mask": "/media/hdd/YCBvideo/YCB_Video_Dataset/Generated_YCB_Video_Dataset/mask/0022/000049-mask-00.png", 
    "depth_minmax": [
      0.682, 
      0.818
    ], 
    "model": "/media/hdd/YCBvideo/YCB_Video_Dataset/YCB_Video_Dataset/models/025_mug/textured.obj", 
    "rot_mat": [
      [
        0.8910744682128333, 
        -0.45009294262654465, 
