[
  {
    "img": "/media/hdd/YCBvideo/YCB_Video_Dataset/YCB_Video_Dataset/data/0023/000001-label.png", 
    "mask": "/media/hdd/YCBvideo/YCB_Video_Dataset/Generated_YCB_Video_Dataset/mask/0023/000001-mask-00.png", 
    "depth_minmax": [
      0.826, 
      0.863
    ], 
    "model": "/media/hdd/YCBvideo/YCB_Video_Dataset/YCB_Video_Dataset/models/011_banana/textured.obj", 
    "rot_mat": [
      [
        -0.4127759454628161, 
        0.020105595231176967, 
        -0.9106105634444254
      ], 
      [
        0.9107401135143427, 
        -0.005131010452753702, 
        -0.41294794335641727
      ], 
      [
        -0.012974043099853678, 
        -0.999784893015122, 
        -0.016193169578514056
      ]
    ], 
    "trans_mat": [
      0.05647860723910989, 
      -0.07120637178383804, 
      0.9012988123026325
    ]
  }, 
  {
    "img": "/media/hdd/YCBvideo/YCB_Video_Dataset/YCB_Video_Dataset/data/0023/000002-label.png", 
    "mask": "/media/hdd/YCBvideo/YCB_Video_Dataset/Generated_YCB_Video_Dataset/mask/0023/000002-mask-00.png", 
    "depth_minmax": [
      0.826, 
      0.863
    ], 
    "model": "/media/hdd/YCBvideo/YCB_Video_Dataset/YCB_Video_Dataset/models/011_banana/textured.obj", 
    "rot_mat": [
      [
        -0.4157675041509603, 
        0.023075078263424295, 
        -0.9091785118021025
      ], 
      [
        0.909391758945042, 
        -0.00260243361316955, 
        -0.4159311156441615
      ], 
      [
        -0.011963530988475992, 
        -0.9997307188412417, 
        -0.019902238284927702
      ]
    ], 
    "trans_mat": [
      0.05547388343090542, 
      -0.07240871265351394, 
      0.901346690486177
    ]
  }, 
  {
    "img": "/media/hdd/YCBvideo/YCB_Video_Dataset/YCB_Video_Dataset/data/0023/000003-label.png", 
    "mask": "/media/hdd/YCBvideo/YCB_Video_Dataset/Generated_YCB_Video_Dataset/mask/0023/000003-mask-00.png", 
    "depth_minmax": [
      0.826, 
      0.853
    ], 
    "model": "/media/hdd/YCBvideo/YCB_Video_Dataset/YCB_Video_Dataset/models/011_banana/textured.obj", 
    "rot_mat": [
      [
        -0.41514012733961353, 
        0.020617357975899538, 
        -0.9095242198799798
      ], 
      [
        0.9096652303099824, 
        -0.004849091119226224, 
        -0.4153145162048254
      ], 
      [
        -0.012972134601241922, 
        -0.9997757976215841, 
        -0.016741692039548055
      ]
    ], 
    "trans_mat": [
      0.055313351237040974, 
      -0.07201017414247601, 
      0.9013867490273654
    ]
  }, 
  {
    "img": "/media/hdd/YCBvideo/YCB_Video_Dataset/YCB_Video_Dataset/data/0023/000004-label.png", 
    "mask": "/media/hdd/YCBvideo/YCB_Video_Dataset/Generated_YCB_Video_Dataset/mask/0023/000004-mask-00.png", 
    "depth_minmax": [
      0.824, 
      0.868
    ], 
    "model": "/media/hdd/YCBvideo/YCB_Video_Dataset/YCB_Video_Dataset/models/011_banana/textured.obj", 
    "rot_mat": [
      [
        -0.4152904361142019, 
        0.023063701153276564, 
        -0.9093960871421579
      ], 
      [
        0.9095983621116925, 
        -0.003580001840676735, 
        -0.41547352250157377
      ], 
      [
        -0.012837273824731018, 
        -0.9997278835377915, 
        -0.019492501263335783
      ]
    ], 
    "trans_mat": [
      0.05605687671125376, 
      -0.07158750482910119, 
      0.901022285125574
    ]
  }, 
  {
    "img": "/media/hdd/YCBvideo/YCB_Video_Dataset/YCB_Video_Dataset/data/0023/000005-label.png", 
    "mask": "/media/hdd/YCBvideo/YCB_Video_Dataset/Generated_YCB_Video_Dataset/mask/0023/000005-mask-00.png", 
    "depth_minmax": [
      0.822, 
      0.862
    ], 
    "model": "/media/hdd/YCBvideo/YCB_Video_Dataset/YCB_Video_Dataset/models/011_banana/textured.obj", 
    "rot_mat": [
      [
        -0.41494283203098253, 
        0.022047257016880043, 
        -0.909580471770737
      ], 
      [
        0.9097881612209546, 
        -0.00131322903733912, 
        -0.4150695348606474
      ], 
      [
        -0.010344367420803701, 
        -0.9997561952540616, 
        -0.01951326269605245
      ]
    ], 
    "trans_mat": [
      0.05607045429495664, 
      -0.07149094313992038, 
      0.9004057728065802
    ]
  }, 
  {
    "img": "/media/hdd/YCBvideo/YCB_Video_Dataset/YCB_Video_Dataset/data/0023/000006-label.png", 
    "mask": "/media/hdd/YCBvideo/YCB_Video_Dataset/Generated_YCB_Video_Dataset/mask/0023/000006-mask-00.png", 
    "depth_minmax": [
      0.826, 
      0.862
    ], 
    "model": "/media/hdd/YCBvideo/YCB_Video_Dataset/YCB_Video_Dataset/models/011_banana/textured.obj", 
    "rot_mat": [
      [
        -0.41709748221906534, 
        0.021773822822492767, 
        -0.9086012922279882
      ], 
      [
        0.9088427443085292, 
        0.0035274370904206445, 
        -0.4171238320123592
      ], 
      [
        -0.005876352372181105, 
        -0.9997570874736065, 
        -0.021260055396586135
      ]
    ], 
    "trans_mat": [
      0.05714438811393468, 
      -0.0728413984598945, 
      0.899784458306344
    ]
  }, 
  {
    "img": "/media/hdd/YCBvideo/YCB_Video_Dataset/YCB_Video_Dataset/data/0023/000007-label.png", 
    "mask": "/media/hdd/YCBvideo/YCB_Video_Dataset/Generated_YCB_Video_Dataset/mask/0023/000007-mask-00.png", 
    "depth_minmax": [
      0.824, 
      0.862
    ], 
    "model": "/media/hdd/YCBvideo/YCB_Video_Dataset/YCB_Video_Dataset/models/011_banana/textured.obj", 
    "rot_mat": [
      [
        -0.41497773768025475, 
        0.019069532792800575, 
        -0.9096311242818811
      ], 
      [
        0.9098091027936481, 
        0.001769297115168422, 
        -0.4150221573971888
      ], 
      [
        -0.006304097627196182, 
        -0.9998162339054999, 
        -0.01808325797263595
      ]
    ], 
    "trans_mat": [
      0.05761081795929273, 
      -0.07478137085347748, 
      0.8996833311890093
    ]
  }, 
  {
    "img": "/media/hdd/YCBvideo/YCB_Video_Dataset/YCB_Video_Dataset/data/0023/000008-label.png", 
    "mask": "/media/hdd/YCBvideo/YCB_Video_Dataset/Generated_YCB_Video_Dataset/mask/0023/000008-mask-00.png", 
    "depth_minmax": [
      0.824, 
      0.857
    ], 
    "model": "/media/hdd/YCBvideo/YCB_Video_Dataset/YCB_Video_Dataset/models/011_banana/textured.obj", 
    "rot_mat": [
      [
        -0.4181986200665052, 
        0.019201530056434945, 
        -0.9081527394842621
      ], 
      [
        0.9083458650028184, 
        0.004315309495359096, 
        -0.41819641119113826
      ], 
      [
        -0.00411069991356024, 
        -0.9998065345631182, 
        -0.019245720691454075
      ]
    ], 
    "trans_mat": [
      0.05775976053254466, 
      -0.07480380559418442, 
      0.8994741584437416
    ]
  }, 
  {
    "img": "/media/hdd/YCBvideo/YCB_Video_Dataset/YCB_Video_Dataset/data/0023/000009-label.png", 
    "mask": "/media/hdd/YCBvideo/YCB_Video_Dataset/Generated_YCB_Video_Dataset/mask/0023/000009-mask-00.png", 
    "depth_minmax": [
      0.824, 
      0.867
    ], 
    "model": "/media/hdd/YCBvideo/YCB_Video_Dataset/YCB_Video_Dataset/models/011_banana/textured.obj", 
    "rot_mat": [
      [
        -0.41684120839402755, 
        0.021850090644986407, 
        -0.9087165064810249
      ], 
      [
        0.9089593417452617, 
        0.00338103347444913, 
        -0.4168715472716461
      ], 
      [
        -0.006035231655203584, 
        -0.9997553723700466, 
        -0.02126965687754042
      ]
    ], 
    "trans_mat": [
      0.05677227107778881, 
      -0.0758750419212685, 
      0.8997434083977393
    ]
  }, 
  {
    "img": "/media/hdd/YCBvideo/YCB_Video_Dataset/YCB_Video_Dataset/data/0023/000010-label.png", 
    "mask": "/media/hdd/YCBvideo/YCB_Video_Dataset/Generated_YCB_Video_Dataset/mask/0023/000010-mask-00.png", 
    "depth_minmax": [
      0.824, 
      0.862
    ], 
    "model": "/media/hdd/YCBvideo/YCB_Video_Dataset/YCB_Video_Dataset/models/011_banana/textured.obj", 
    "rot_mat": [
      [
        -0.41701899602346637, 
        0.022454804689850356, 
        -0.9086205990358073
      ], 
      [
        0.9088649690945906, 
        0.0018146468303082248, 
        -0.4170864296090514
      ], 
      [
        -0.007716471755587847, 
        -0.999746383014391, 
        -0.021165238091094402
      ]
    ], 
    "trans_mat": [
      0.05653083906868928, 
      -0.07592473511457719, 
      0.9000393570344603
    ]
  }, 
  {
    "img": "/media/hdd/YCBvideo/YCB_Video_Dataset/YCB_Video_Dataset/data/0023/000011-label.png", 
    "mask": "/media/hdd/YCBvideo/YCB_Video_Dataset/Generated_YCB_Video_Dataset/mask/0023/000011-mask-00.png", 
    "depth_minmax": [
      0.823, 
      0.857
    ], 
    "model": "/media/hdd/YCBvideo/YCB_Video_Dataset/YCB_Video_Dataset/models/011_banana/textured.obj", 
    "rot_mat": [
      [
        -0.41498953984651166, 
        0.023346167013407797, 
        -0.9095260631664064
      ], 
      [
        0.9098083527438448, 
        0.004443520584751506, 
        -0.4150042878865775
      ], 
      [
        -0.005645763027017711, 
        -0.9997175271518676, 
        -0.02308512382267651
      ]
    ], 
    "trans_mat": [
      0.05531998873270536, 
      -0.07580249934691301, 
      0.89968744823968
    ]
  }, 
  {
    "img": "/media/hdd/YCBvideo/YCB_Video_Dataset/YCB_Video_Dataset/data/0023/000012-label.png", 
    "mask": "/media/hdd/YCBvideo/YCB_Video_Dataset/Generated_YCB_Video_Dataset/mask/0023/000012-mask-00.png", 
    "depth_minmax": [
      0.824, 
      0.861
    ], 
    "model": "/media/hdd/YCBvideo/YCB_Video_Dataset/YCB_Video_Dataset/models/011_banana/textured.obj", 
    "rot_mat": [
      [
        -0.41796679124006697, 
        0.024967941510418062, 
        -0.9081194150467962
      ], 
      [
        0.9084564248028701, 
        0.007951266804276958, 
        -0.4179033713192358
      ], 
      [
        -0.003213374087055197, 
        -0.9996567813086551, 
        -0.026005443432748205
      ]
    ], 
    "trans_mat": [
      0.05505948120227331, 
      -0.07665191878426318, 
      0.8991445588215492
    ]
  }, 
  {
    "img": "/media/hdd/YCBvideo/YCB_Video_Dataset/YCB_Video_Dataset/data/0023/000013-label.png", 
    "mask": "/media/hdd/YCBvideo/YCB_Video_Dataset/Generated_YCB_Video_Dataset/mask/0023/000013-mask-00.png", 
    "depth_minmax": [
      0.823, 
      0.857
    ], 
    "model": "/media/hdd/YCBvideo/YCB_Video_Dataset/YCB_Video_Dataset/models/011_banana/textured.obj", 
    "rot_mat": [
      [
        -0.41709487645186927, 
        0.02354422516981665, 
        -0.9085579260827296
      ], 
      [
        0.9088581120999836, 
        0.007735873428214893, 
        -0.41703219328021685
      ], 
      [
        -0.002789151791549682, 
        -0.9996927108011554, 
        -0.02462547585371751
      ]
    ], 
    "trans_mat": [
      0.05570700706016201, 
      -0.0777775128001322, 
      0.8988493759948225
    ]
  }, 
  {
    "img": "/media/hdd/YCBvideo/YCB_Video_Dataset/YCB_Video_Dataset/data/0023/000014-label.png", 
    "mask": "/media/hdd/YCBvideo/YCB_Video_Dataset/Generated_YCB_Video_Dataset/mask/0023/000014-mask-00.png", 
    "depth_minmax": [
      0.823, 
      0.865
    ], 
    "model": "/media/hdd/YCBvideo/YCB_Video_Dataset/YCB_Video_Dataset/models/011_banana/textured.obj", 
    "rot_mat": [
      [
        -0.41914027883322774, 
        0.0224539356636387, 
        -0.9076431685312681
      ], 
      [
        0.9079198066911414, 
        0.008696447663638977, 
        -0.41905299120114664
      ], 
      [
        -0.0015158343025301545, 
        -0.9997097135209575, 
        -0.024031623486021347
      ]
    ], 
    "trans_mat": [
      0.05720136839653237, 
      -0.07769204603416248, 
      0.8982901709093786
    ]
  }, 
  {
    "img": "/media/hdd/YCBvideo/YCB_Video_Dataset/YCB_Video_Dataset/data/0023/000015-label.png", 
    "mask": "/media/hdd/YCBvideo/YCB_Video_Dataset/Generated_YCB_Video_Dataset/mask/0023/000015-mask-00.png", 
    "depth_minmax": [
      0.821, 
      0.859
    ], 
    "model": "/media/hdd/YCBvideo/YCB_Video_Dataset/YCB_Video_Dataset/models/011_banana/textured.obj", 
    "rot_mat": [
      [
        -0.4193283609085097, 
        0.022235611156391572, 
        -0.9075624920101302
      ], 
      [
        0.9078321547152042, 
        0.01266452661476621, 
        -0.4191429784134799
      ], 
      [
        0.0021743512575330814, 
        -0.9996725425888673, 
        -0.025495850297229422
      ]
    ], 
    "trans_mat": [
      0.057407665881164645, 
      -0.07900104972597585, 
      0.8973925026360274
    ]
  }, 
  {
    "img": "/media/hdd/YCBvideo/YCB_Video_Dataset/YCB_Video_Dataset/data/0023/000016-label.png", 
    "mask": "/media/hdd/YCBvideo/YCB_Video_Dataset/Generated_YCB_Video_Dataset/mask/0023/000016-mask-00.png", 
    "depth_minmax": [
      0.822, 
      0.863
    ], 
    "model": "/media/hdd/YCBvideo/YCB_Video_Dataset/YCB_Video_Dataset/models/011_banana/textured.obj", 
    "rot_mat": [
      [
        -0.4189553798110396, 
        0.0248417539956946, 
        -0.9076665767829237
      ], 
      [
        0.9080006346159342, 
        0.015062442104348723, 
        -0.4186974754961945
      ], 
      [
        0.003271812262727369, 
        -0.9995781082986598, 
        -0.028866532402997167
      ]
    ], 
    "trans_mat": [
      0.057494723627875936, 
      -0.07984636078297734, 
      0.8966368340532832
    ]
  }, 
  {
    "img": "/media/hdd/YCBvideo/YCB_Video_Dataset/YCB_Video_Dataset/data/0023/000017-label.png", 
    "mask": "/media/hdd/YCBvideo/YCB_Video_Dataset/Generated_YCB_Video_Dataset/mask/0023/000017-mask-00.png", 
    "depth_minmax": [
      0.82, 
      0.863
    ], 
    "model": "/media/hdd/YCBvideo/YCB_Video_Dataset/YCB_Video_Dataset/models/011_banana/textured.obj", 
    "rot_mat": [
      [
        -0.41621771765939464, 
        0.019161665774160206, 
        -0.909062643221586
      ], 
      [
        0.9092622457041339, 
        0.011113261680916637, 
        -0.41607521554152316
      ], 
      [
        0.0021313094730495744, 
        -0.9997548038990072, 
        -0.022047944168425544
      ]
    ], 
    "trans_mat": [
      0.05910377066894721, 
      -0.07927627373059888, 
      0.8957135036760513
    ]
  }, 
  {
    "img": "/media/hdd/YCBvideo/YCB_Video_Dataset/YCB_Video_Dataset/data/0023/000018-label.png", 
    "mask": "/media/hdd/YCBvideo/YCB_Video_Dataset/Generated_YCB_Video_Dataset/mask/0023/000018-mask-00.png", 
    "depth_minmax": [
      0.821, 
      0.857
    ], 
    "model": "/media/hdd/YCBvideo/YCB_Video_Dataset/YCB_Video_Dataset/models/011_banana/textured.obj", 
    "rot_mat": [
      [
        -0.415645874028099, 
        0.018158959070012397, 
        -0.9093454484623745
      ], 
      [
        0.9095228855440443, 
        0.011220325317940096, 
        -0.41550307599525294
      ], 
      [
        0.0026586979194189423, 
        -0.9997721817464335, 
        -0.021179821020581253
      ]
    ], 
    "trans_mat": [
      0.06080932338190915, 
      -0.07804578010651196, 
      0.8946855755184165
    ]
  }, 
  {
    "img": "/media/hdd/YCBvideo/YCB_Video_Dataset/YCB_Video_Dataset/data/0023/000019-label.png", 
    "mask": "/media/hdd/YCBvideo/YCB_Video_Dataset/Generated_YCB_Video_Dataset/mask/0023/000019-mask-00.png", 
    "depth_minmax": [
      0.816, 
      0.856
    ], 
    "model": "/media/hdd/YCBvideo/YCB_Video_Dataset/YCB_Video_Dataset/models/011_banana/textured.obj", 
    "rot_mat": [
      [
        -0.4174059246808235, 
        0.01789736966850083, 
        -0.9085435157078255
      ], 
      [
        0.9087184046832507, 
        0.009756419016822032, 
        -0.41729428524850304
      ], 
      [
        0.0013962515289738142, 
        -0.9997924334248274, 
        -0.020335719028483565
      ]
    ], 
    "trans_mat": [
      0.06283034796546103, 
      -0.07667413905052198, 
      0.8938620145850297
    ]
  }, 
  {
    "img": "/media/hdd/YCBvideo/YCB_Video_Dataset/YCB_Video_Dataset/data/0023/000020-label.png", 
    "mask": "/media/hdd/YCBvideo/YCB_Video_Dataset/Generated_YCB_Video_Dataset/mask/0023/000020-mask-00.png", 
    "depth_minmax": [
      0.817, 
      0.855
    ], 
    "model": "/media/hdd/YCBvideo/YCB_Video_Dataset/YCB_Video_Dataset/models/011_banana/textured.obj", 
    "rot_mat": [
      [
        -0.4196996473815218, 
        0.017295794332217906, 
        -0.9074977046903174
      ], 
      [
        0.9076624486747882, 
        0.00810946176163968, 
        -0.41962161253079405
      ], 
      [
        0.00010233319516820226, 
        -0.9998170456707081, 
        -0.01910175178469162
      ]
    ], 
    "trans_mat": [
      0.06354403242427115, 
      -0.07543298600800091, 
      0.8935506652155053
    ]
  }, 
  {
    "img": "/media/hdd/YCBvideo/YCB_Video_Dataset/YCB_Video_Dataset/data/0023/000021-label.png", 
    "mask": "/media/hdd/YCBvideo/YCB_Video_Dataset/Generated_YCB_Video_Dataset/mask/0023/000021-mask-00.png", 
    "depth_minmax": [
      0.819, 
      0.851
    ], 
    "model": "/media/hdd/YCBvideo/YCB_Video_Dataset/YCB_Video_Dataset/models/011_banana/textured.obj", 
    "rot_mat": [
      [
        -0.41951037419384923, 
        0.017655165348603973, 
        -0.9075790677341415
      ], 
      [
        0.9077504401461249, 
        0.007479088056380302, 
        -0.4194439563623199
      ], 
      [
        -0.0006161629923858414, 
        -0.9998159100806684, 
        -0.0191644770574627
      ]
    ], 
    "trans_mat": [
      0.06329629597491132, 
      -0.07420418721468178, 
      0.8931859709802076
    ]
  }, 
  {
    "img": "/media/hdd/YCBvideo/YCB_Video_Dataset/YCB_Video_Dataset/data/0023/000022-label.png", 
    "mask": "/media/hdd/YCBvideo/YCB_Video_Dataset/Generated_YCB_Video_Dataset/mask/0023/000022-mask-00.png", 
    "depth_minmax": [
      0.819, 
      0.85
    ], 
    "model": "/media/hdd/YCBvideo/YCB_Video_Dataset/YCB_Video_Dataset/models/011_banana/textured.obj", 
    "rot_mat": [
      [
        -0.42114647979739284, 
        0.020336380675217345, 
        -0.9067646086611849
      ], 
      [
        0.9069926225203179, 
        0.010199723384993866, 
        -0.4210237478192658
      ], 
      [
        0.0006869908192127987, 
        -0.9997408891669345, 
        -0.02274052310703171
      ]
    ], 
    "trans_mat": [
      0.06283887499258581, 
      -0.07443202974311351, 
      0.8931729254660504
    ]
  }, 
  {
    "img": "/media/hdd/YCBvideo/YCB_Video_Dataset/YCB_Video_Dataset/data/0023/000023-label.png", 
    "mask": "/media/hdd/YCBvideo/YCB_Video_Dataset/Generated_YCB_Video_Dataset/mask/0023/000023-mask-00.png", 
    "depth_minmax": [
      0.808, 
      0.851
    ], 
    "model": "/media/hdd/YCBvideo/YCB_Video_Dataset/YCB_Video_Dataset/models/011_banana/textured.obj", 
    "rot_mat": [
      [
        -0.41861147285144573, 
        0.019997716850605387, 
        -0.9079455114998041
      ], 
      [
        0.9081651797223176, 
        0.008179500201585182, 
        -0.41853278600498706
      ], 
      [
        -0.0009427762609133504, 
        -0.9997665244622702, 
        -0.021585256337178806
      ]
    ], 
    "trans_mat": [
      0.06167877839484131, 
      -0.07474057217066594, 
      0.8935783091192551
    ]
  }, 
  {
    "img": "/media/hdd/YCBvideo/YCB_Video_Dataset/YCB_Video_Dataset/data/0023/000024-label.png", 
    "mask": "/media/hdd/YCBvideo/YCB_Video_Dataset/Generated_YCB_Video_Dataset/mask/0023/000024-mask-00.png", 
    "depth_minmax": [
      0.82, 
      0.861
    ], 
    "model": "/media/hdd/YCBvideo/YCB_Video_Dataset/YCB_Video_Dataset/models/011_banana/textured.obj", 
    "rot_mat": [
      [
        -0.42120437756166595, 
        0.021848018056847655, 
        -0.9067024217402716
      ], 
      [
        0.9069651531046803, 
        0.011147548193519055, 
        -0.4210579606677084
      ], 
      [
        0.0009087929275316637, 
        -0.9996986428770409, 
        -0.02451046476626019
      ]
    ], 
    "trans_mat": [
      0.06142867886507388, 
      -0.07467571860624019, 
      0.8935808312673045
    ]
  }, 
  {
    "img": "/media/hdd/YCBvideo/YCB_Video_Dataset/YCB_Video_Dataset/data/0023/000025-label.png", 
    "mask": "/media/hdd/YCBvideo/YCB_Video_Dataset/Generated_YCB_Video_Dataset/mask/0023/000025-mask-00.png", 
    "depth_minmax": [
      0.818, 
      0.856
    ], 
    "model": "/media/hdd/YCBvideo/YCB_Video_Dataset/YCB_Video_Dataset/models/011_banana/textured.obj", 
    "rot_mat": [
      [
        -0.4218154967392794, 
        0.02191279943108189, 
        -0.9064169112265434
      ], 
      [
        0.9066809426345055, 
        0.011260681953062818, 
        -0.42166628321548805
      ], 
      [
        0.0009685880213660291, 
        -0.9996959845680053, 
        -0.02461753011402327
      ]
    ], 
    "trans_mat": [
      0.0613460536907258, 
      -0.07462870714942257, 
      0.8937318250216675
    ]
  }, 
  {
    "img": "/media/hdd/YCBvideo/YCB_Video_Dataset/YCB_Video_Dataset/data/0023/000026-label.png", 
    "mask": "/media/hdd/YCBvideo/YCB_Video_Dataset/Generated_YCB_Video_Dataset/mask/0023/000026-mask-00.png", 
    "depth_minmax": [
      0.82, 
      0.856
    ], 
    "model": "/media/hdd/YCBvideo/YCB_Video_Dataset/YCB_Video_Dataset/models/011_banana/textured.obj", 
    "rot_mat": [
      [
        -0.4214045165497106, 
        0.022318772423326944, 
        -0.9065976793556848
      ], 
      [
        0.9068717459169517, 
        0.011921878863253105, 
        -0.4212385322653951
      ], 
      [
        0.0014074891681668694, 
        -0.9996800226761636, 
        -0.0252641531816354
      ]
    ], 
    "trans_mat": [
      0.06159753971908758, 
      -0.07473939478166179, 
      0.8938491333621434
    ]
  }, 
  {
    "img": "/media/hdd/YCBvideo/YCB_Video_Dataset/YCB_Video_Dataset/data/0023/000027-label.png", 
    "mask": "/media/hdd/YCBvideo/YCB_Video_Dataset/Generated_YCB_Video_Dataset/mask/0023/000027-mask-00.png", 
    "depth_minmax": [
      0.82, 
      0.861
    ], 
    "model": "/media/hdd/YCBvideo/YCB_Video_Dataset/YCB_Video_Dataset/models/011_banana/textured.obj", 
    "rot_mat": [
      [
        -0.42142494970849137, 
        0.025384751139486093, 
        -0.9065074896761091
      ], 
      [
        0.9068585385843645, 
        0.015040407224936147, 
        -0.4211669826691849
      ], 
      [
        0.002943663105000318, 
        -0.9995647736141228, 
        -0.029359187290988572
      ]
    ], 
    "trans_mat": [
      0.060711396805714, 
      -0.07499613509338893, 
      0.8939533717747024
    ]
  }, 
  {
    "img": "/media/hdd/YCBvideo/YCB_Video_Dataset/YCB_Video_Dataset/data/0023/000028-label.png", 
    "mask": "/media/hdd/YCBvideo/YCB_Video_Dataset/Generated_YCB_Video_Dataset/mask/0023/000028-mask-00.png", 
    "depth_minmax": [
      0.82, 
      0.857
    ], 
    "model": "/media/hdd/YCBvideo/YCB_Video_Dataset/YCB_Video_Dataset/models/011_banana/textured.obj", 
    "rot_mat": [
      [
        -0.4250583621146224, 
        0.026308883332748154, 
        -0.9047831431823725
      ], 
      [
        0.9051659701199227, 
        0.012148733310235573, 
        -0.42488500982710653
      ], 
      [
        -0.00018544003459303334, 
        -0.9995799057933633, 
        -0.028977395145677005
      ]
    ], 
    "trans_mat": [
      0.05926855245245586, 
      -0.07530251673534956, 
      0.8948393133478371
    ]
  }, 
  {
    "img": "/media/hdd/YCBvideo/YCB_Video_Dataset/YCB_Video_Dataset/data/0023/000029-label.png", 
    "mask": "/media/hdd/YCBvideo/YCB_Video_Dataset/Generated_YCB_Video_Dataset/mask/0023/000029-mask-00.png", 
    "depth_minmax": [
      0.818, 
      0.861
    ], 
    "model": "/media/hdd/YCBvideo/YCB_Video_Dataset/YCB_Video_Dataset/models/011_banana/textured.obj", 
    "rot_mat": [
      [
        -0.42325366791573177, 
        0.025392091965060044, 
        -0.9056557326180603
      ], 
      [
        0.906009580326352, 
        0.010392903040672698, 
        -0.4231278962751283
      ], 
      [
        -0.0013309831731025084, 
        -0.9996232176749906, 
        -0.02740414396846278
      ]
    ], 
    "trans_mat": [
      0.05868430594989169, 
      -0.07469506617584357, 
      0.8950649763926011
    ]
  }, 
  {
    "img": "/media/hdd/YCBvideo/YCB_Video_Dataset/YCB_Video_Dataset/data/0023/000030-label.png", 
    "mask": "/media/hdd/YCBvideo/YCB_Video_Dataset/Generated_YCB_Video_Dataset/mask/0023/000030-mask-00.png", 
    "depth_minmax": [
      0.82, 
      0.862
    ], 
    "model": "/media/hdd/YCBvideo/YCB_Video_Dataset/YCB_Video_Dataset/models/011_banana/textured.obj", 
    "rot_mat": [
      [
        -0.419686314761074, 
        0.027042021519294815, 
        -0.9072659083854755
      ], 
      [
        0.9076688234163652, 
        0.011987098179119419, 
        -0.4195154575119891
      ], 
      [
        -0.00046845115041801587, 
        -0.9995627364211824, 
        -0.02957578939205784
      ]
    ], 
    "trans_mat": [
      0.05911399748698363, 
      -0.07369891004470963, 
      0.8947937995863998
    ]
  }, 
  {
    "img": "/media/hdd/YCBvideo/YCB_Video_Dataset/YCB_Video_Dataset/data/0023/000031-label.png", 
    "mask": "/media/hdd/YCBvideo/YCB_Video_Dataset/Generated_YCB_Video_Dataset/mask/0023/000031-mask-00.png", 
    "depth_minmax": [
      0.82, 
      0.858
    ], 
    "model": "/media/hdd/YCBvideo/YCB_Video_Dataset/YCB_Video_Dataset/models/011_banana/textured.obj", 
    "rot_mat": [
      [
        -0.41970524266010806, 
        0.03021329273388048, 
        -0.9071577005826434
      ], 
      [
        0.9076503181355438, 
        0.009326495009223496, 
        -0.41962285681691613
      ], 
      [
        -0.0042166813503509305, 
        -0.9995000194344226, 
        -0.03133654120296908
      ]
    ], 
    "trans_mat": [
      0.05877490888982951, 
      -0.07303634644376328, 
      0.8952643627919905
    ]
  }, 
  {
    "img": "/media/hdd/YCBvideo/YCB_Video_Dataset/YCB_Video_Dataset/data/0023/000032-label.png", 
    "mask": "/media/hdd/YCBvideo/YCB_Video_Dataset/Generated_YCB_Video_Dataset/mask/0023/000032-mask-00.png", 
    "depth_minmax": [
      0.817, 
      0.858
    ], 
    "model": "/media/hdd/YCBvideo/YCB_Video_Dataset/YCB_Video_Dataset/models/011_banana/textured.obj", 
    "rot_mat": [
      [
        -0.41962014092395333, 
        0.028204432291695333, 
        -0.9072611357462409
      ], 
      [
        0.9076996586567674, 
        0.012465485002553166, 
        -0.4194356900899511
      ], 
      [
        -0.0005198288460970064, 
        -0.9995242275063155, 
        -0.03083184973454639
      ]
    ], 
    "trans_mat": [
      0.058809323280423174, 
      -0.07325306144208119, 
      0.8948104456883745
    ]
  }, 
  {
    "img": "/media/hdd/YCBvideo/YCB_Video_Dataset/YCB_Video_Dataset/data/0023/000033-label.png", 
    "mask": "/media/hdd/YCBvideo/YCB_Video_Dataset/Generated_YCB_Video_Dataset/mask/0023/000033-mask-00.png", 
    "depth_minmax": [
      0.821, 
      0.857
    ], 
    "model": "/media/hdd/YCBvideo/YCB_Video_Dataset/YCB_Video_Dataset/models/011_banana/textured.obj", 
    "rot_mat": [
      [
        -0.42079003664418035, 
        0.026817581186442264, 
        -0.9067615058036466
      ], 
      [
        0.9071463268708256, 
        0.0074412403704658785, 
        -0.4207488205285936
      ], 
      [
        -0.004534687530169569, 
        -0.9996125727106886, 
        -0.027457921418970056
      ]
    ], 
    "trans_mat": [
      0.06027029934065697, 
      -0.07268318413852455, 
      0.8949899324774284
    ]
  }, 
  {
    "img": "/media/hdd/YCBvideo/YCB_Video_Dataset/YCB_Video_Dataset/data/0023/000034-label.png", 
    "mask": "/media/hdd/YCBvideo/YCB_Video_Dataset/Generated_YCB_Video_Dataset/mask/0023/000034-mask-00.png", 
    "depth_minmax": [
      0.82, 
      0.861
    ], 
    "model": "/media/hdd/YCBvideo/YCB_Video_Dataset/YCB_Video_Dataset/models/011_banana/textured.obj", 
    "rot_mat": [
      [
        -0.4254463422961218, 
        0.027941170897276046, 
        -0.9045523972524289
      ], 
      [
        0.9049654901847155, 
        0.0069428539376930765, 
        -0.42542637377220777
      ], 
      [
        -0.005605862383128366, 
        -0.9995853314935762, 
        -0.028238874865252204
      ]
    ], 
    "trans_mat": [
      0.060306351885672356, 
      -0.07241207654916773, 
      0.8949936072448175
    ]
  }, 
  {
    "img": "/media/hdd/YCBvideo/YCB_Video_Dataset/YCB_Video_Dataset/data/0023/000035-label.png", 
    "mask": "/media/hdd/YCBvideo/YCB_Video_Dataset/Generated_YCB_Video_Dataset/mask/0023/000035-mask-00.png", 
    "depth_minmax": [
      0.821, 
      0.857
    ], 
    "model": "/media/hdd/YCBvideo/YCB_Video_Dataset/YCB_Video_Dataset/models/011_banana/textured.obj", 
    "rot_mat": [
      [
        -0.4245617179079997, 
        0.029688521344067055, 
        -0.9049117946530812
      ], 
      [
        0.9053852287407662, 
        0.008429320071791334, 
        -0.4245075265057408
      ], 
      [
        -0.004973530692493764, 
        -0.9995236403749062, 
        -0.030457722995984156
      ]
    ], 
    "trans_mat": [
      0.060286186823721104, 
      -0.07221552422555999, 
      0.8948896829177718
    ]
  }, 
  {
    "img": "/media/hdd/YCBvideo/YCB_Video_Dataset/YCB_Video_Dataset/data/0023/000036-label.png", 
    "mask": "/media/hdd/YCBvideo/YCB_Video_Dataset/Generated_YCB_Video_Dataset/mask/0023/000036-mask-00.png", 
    "depth_minmax": [
      0.82, 
      0.857
    ], 
    "model": "/media/hdd/YCBvideo/YCB_Video_Dataset/YCB_Video_Dataset/models/011_banana/textured.obj", 
    "rot_mat": [
      [
        -0.4214408562888553, 
        0.0288879750627289, 
        -0.9063951863224814
      ], 
      [
        0.9068457786663235, 
        0.008844643738802272, 
        -0.4213686970585923
      ], 
      [
        -0.0041538506880158576, 
        -0.999543288519413, 
        -0.02992410119890738
      ]
    ], 
    "trans_mat": [
      0.05986458834663675, 
      -0.07212921560653655, 
      0.8949187542718751
    ]
  }, 
  {
    "img": "/media/hdd/YCBvideo/YCB_Video_Dataset/YCB_Video_Dataset/data/0023/000037-label.png", 
    "mask": "/media/hdd/YCBvideo/YCB_Video_Dataset/Generated_YCB_Video_Dataset/mask/0023/000037-mask-00.png", 
    "depth_minmax": [
      0.82, 
      0.857
    ], 
    "model": "/media/hdd/YCBvideo/YCB_Video_Dataset/YCB_Video_Dataset/models/011_banana/textured.obj", 
    "rot_mat": [
      [
        -0.4207141025063221, 
        0.02967175990016196, 
        -0.9067075740594513
      ], 
      [
        0.9071676548012189, 
        0.006341226219267918, 
        -0.42072034196573843
      ], 
      [
        -0.006733118452999338, 
        -0.999539740969351, 
        -0.029584852462628174
      ]
    ], 
    "trans_mat": [
      0.05865278723946405, 
      -0.07111370153476433, 
      0.8953528653804136
    ]
  }, 
  {
    "img": "/media/hdd/YCBvideo/YCB_Video_Dataset/YCB_Video_Dataset/data/0023/000038-label.png", 
    "mask": "/media/hdd/YCBvideo/YCB_Video_Dataset/Generated_YCB_Video_Dataset/mask/0023/000038-mask-00.png", 
    "depth_minmax": [
      0.821, 
      0.857
    ], 
    "model": "/media/hdd/YCBvideo/YCB_Video_Dataset/YCB_Video_Dataset/models/011_banana/textured.obj", 
    "rot_mat": [
      [
        -0.422630215110369, 
        0.029134536154042164, 
        -0.9058337112062542
      ], 
      [
        0.9062674726131162, 
        0.004907543035010448, 
        -0.4226750249159468
      ], 
      [
        -0.007868380090693738, 
        -0.9995633239021039, 
        -0.028477140037398225
      ]
    ], 
    "trans_mat": [
      0.0585167425204012, 
      -0.06995135285976266, 
      0.895501284792982
    ]
  }, 
  {
    "img": "/media/hdd/YCBvideo/YCB_Video_Dataset/YCB_Video_Dataset/data/0023/000039-label.png", 
    "mask": "/media/hdd/YCBvideo/YCB_Video_Dataset/Generated_YCB_Video_Dataset/mask/0023/000039-mask-00.png", 
    "depth_minmax": [
      0.82, 
      0.863
    ], 
    "model": "/media/hdd/YCBvideo/YCB_Video_Dataset/YCB_Video_Dataset/models/011_banana/textured.obj", 
    "rot_mat": [
      [
        -0.4228727147892089, 
        0.03256328857651084, 
        -0.9056035960283083
      ], 
      [
        0.9061629267749383, 
        0.0076284495849930235, 
        -0.42285959762829434
      ], 
      [
        -0.006861257301426586, 
        -0.9994405582139598, 
        -0.032732938979151006
      ]
    ], 
    "trans_mat": [
      0.05766243106933865, 
      -0.06931255353302998, 
      0.8955532674572699
    ]
  }, 
  {
    "img": "/media/hdd/YCBvideo/YCB_Video_Dataset/YCB_Video_Dataset/data/0023/000040-label.png", 
    "mask": "/media/hdd/YCBvideo/YCB_Video_Dataset/Generated_YCB_Video_Dataset/mask/0023/000040-mask-00.png", 
    "depth_minmax": [
      0.822, 
      0.858
    ], 
    "model": "/media/hdd/YCBvideo/YCB_Video_Dataset/YCB_Video_Dataset/models/011_banana/textured.obj", 
    "rot_mat": [
      [
        -0.425572171263783, 
        0.03780760726870309, 
        -0.9041342761558246
      ], 
      [
        0.9048847000607803, 
        0.008393965398058381, 
        -0.4255742916132208
      ], 
      [
        -0.00850007051856273, 
        -0.9992497320428496, 
        -0.037783654039502554
      ]
    ], 
    "trans_mat": [
      0.05460347973907744, 
      -0.06837009080262205, 
      0.8962002959492896
    ]
  }, 
  {
    "img": "/media/hdd/YCBvideo/YCB_Video_Dataset/YCB_Video_Dataset/data/0023/000041-label.png", 
    "mask": "/media/hdd/YCBvideo/YCB_Video_Dataset/Generated_YCB_Video_Dataset/mask/0023/000041-mask-00.png", 
    "depth_minmax": [
      0.822, 
      0.858
    ], 
    "model": "/media/hdd/YCBvideo/YCB_Video_Dataset/YCB_Video_Dataset/models/011_banana/textured.obj", 
    "rot_mat": [
      [
        -0.4238698674882336, 
        0.03949218291215713, 
        -0.9048621876147495
      ], 
      [
        0.905614988342751, 
        0.003043423673246983, 
        -0.42408983178993237
      ], 
      [
        -0.013993165561266275, 
        -0.9992153843375384, 
        -0.037055020446730993
      ]
    ], 
    "trans_mat": [
      0.0520077791579295, 
      -0.06749594020095719, 
      0.8968243594271998
    ]
  }, 
  {
    "img": "/media/hdd/YCBvideo/YCB_Video_Dataset/YCB_Video_Dataset/data/0023/000042-label.png", 
    "mask": "/media/hdd/YCBvideo/YCB_Video_Dataset/Generated_YCB_Video_Dataset/mask/0023/000042-mask-00.png", 
    "depth_minmax": [
      0.822, 
      0.853
    ], 
    "model": "/media/hdd/YCBvideo/YCB_Video_Dataset/YCB_Video_Dataset/models/011_banana/textured.obj", 
    "rot_mat": [
      [
        -0.4228854410510204, 
        0.042999574077681575, 
        -0.9051626001687647
      ], 
      [
        0.90606351001863, 
        0.003829539174051249, 
        -0.4231245627293331
      ], 
      [
        -0.014726854608822422, 
        -0.99906770182193, 
        -0.040580179840989744
      ]
    ], 
    "trans_mat": [
      0.05103076857233466, 
      -0.06666974291253296, 
      0.896597219206352
    ]
  }, 
  {
    "img": "/media/hdd/YCBvideo/YCB_Video_Dataset/YCB_Video_Dataset/data/0023/000043-label.png", 
    "mask": "/media/hdd/YCBvideo/YCB_Video_Dataset/Generated_YCB_Video_Dataset/mask/0023/000043-mask-00.png", 
    "depth_minmax": [
      0.822, 
      0.853
    ], 
    "model": "/media/hdd/YCBvideo/YCB_Video_Dataset/YCB_Video_Dataset/models/011_banana/textured.obj", 
    "rot_mat": [
      [
        -0.4208546482354399, 
        0.041557398044842056, 
        -0.9061756784075794
      ], 
      [
        0.9069867194877081, 
        0.0016710595091371063, 
        -0.4211550011712139
      ], 
      [
        -0.01598691534734847, 
        -0.999134330403257, 
        -0.038394804613065665
      ]
    ], 
    "trans_mat": [
      0.04963469807982999, 
      -0.06645066387035763, 
      0.896733014103613
    ]
  }, 
  {
    "img": "/media/hdd/YCBvideo/YCB_Video_Dataset/YCB_Video_Dataset/data/0023/000044-label.png", 
    "mask": "/media/hdd/YCBvideo/YCB_Video_Dataset/Generated_YCB_Video_Dataset/mask/0023/000044-mask-00.png", 
    "depth_minmax": [
      0.821, 
      0.857
    ], 
    "model": "/media/hdd/YCBvideo/YCB_Video_Dataset/YCB_Video_Dataset/models/011_banana/textured.obj", 
    "rot_mat": [
      [
        -0.4187778668321243, 
        0.04335821757867883, 
        -0.9070527586894742
      ], 
      [
        0.9079928287223783, 
        0.005497335295323039, 
        -0.41894901014857255
      ], 
      [
        -0.013177740429325078, 
        -0.9990440945171232, 
        -0.04167172237214365
      ]
    ], 
    "trans_mat": [
      0.04949798552578807, 
      -0.06744440099720983, 
      0.8960755161768923
    ]
  }, 
  {
    "img": "/media/hdd/YCBvideo/YCB_Video_Dataset/YCB_Video_Dataset/data/0023/000045-label.png", 
    "mask": "/media/hdd/YCBvideo/YCB_Video_Dataset/Generated_YCB_Video_Dataset/mask/0023/000045-mask-00.png", 
    "depth_minmax": [
      0.82, 
      0.856
    ], 
    "model": "/media/hdd/YCBvideo/YCB_Video_Dataset/YCB_Video_Dataset/models/011_banana/textured.obj", 
    "rot_mat": [
      [
        -0.4231389053686511, 
        0.04212129071680864, 
        -0.9050850602924704
      ], 
      [
        0.9059994483269224, 
        0.007723442050071444, 
        -0.42320715665399256
      ], 
      [
        -0.010834539427433834, 
        -0.9990829453599636, 
        -0.04142923698551498
      ]
    ], 
    "trans_mat": [
      0.052534741197016864, 
      -0.06792058043074203, 
      0.8948696980517558
    ]
  }, 
  {
    "img": "/media/hdd/YCBvideo/YCB_Video_Dataset/YCB_Video_Dataset/data/0023/000046-label.png", 
    "mask": "/media/hdd/YCBvideo/YCB_Video_Dataset/Generated_YCB_Video_Dataset/mask/0023/000046-mask-00.png", 
    "depth_minmax": [
      0.818, 
      0.861
    ], 
    "model": "/media/hdd/YCBvideo/YCB_Video_Dataset/YCB_Video_Dataset/models/011_banana/textured.obj", 
    "rot_mat": [
      [
        -0.4248045798150706, 
        0.039256420065597306, 
        -0.9044329059738255
      ], 
      [
        0.9052444153946564, 
        0.009053180614698713, 
        -0.4247927894247014
      ], 
      [
        -0.008486917779497916, 
        -0.9991885201179134, 
        -0.03938247245252518
      ]
    ], 
    "trans_mat": [
      0.052228073683609634, 
      -0.07008977397731846, 
      0.8940982609769998
    ]
  }, 
  {
    "img": "/media/hdd/YCBvideo/YCB_Video_Dataset/YCB_Video_Dataset/data/0023/000047-label.png", 
    "mask": "/media/hdd/YCBvideo/YCB_Video_Dataset/Generated_YCB_Video_Dataset/mask/0023/000047-mask-00.png", 
    "depth_minmax": [
      0.817, 
      0.85
    ], 
    "model": "/media/hdd/YCBvideo/YCB_Video_Dataset/YCB_Video_Dataset/models/011_banana/textured.obj", 
    "rot_mat": [
      [
        -0.4215818754445771, 
        0.04216346726848848, 
        -0.9058090772454466
      ], 
      [
        0.9067776565466283, 
        0.014453922233605324, 
        -0.4213600285982524
      ], 
      [
        -0.004673451164008699, 
        -0.9990062303916221, 
        -0.044326031364941856
      ]
    ], 
    "trans_mat": [
      0.05092267611786943, 
      -0.07401948399487167, 
      0.8930847824272128
    ]
  }, 
  {
    "img": "/media/hdd/YCBvideo/YCB_Video_Dataset/YCB_Video_Dataset/data/0023/000048-label.png", 
    "mask": "/media/hdd/YCBvideo/YCB_Video_Dataset/Generated_YCB_Video_Dataset/mask/0023/000048-mask-00.png", 
    "depth_minmax": [
      0.815, 
      0.854
    ], 
    "model": "/media/hdd/YCBvideo/YCB_Video_Dataset/YCB_Video_Dataset/models/011_banana/textured.obj", 
    "rot_mat": [
      [
        -0.42049458815763646, 
        0.0429664548967103, 
        -0.9062768283273074
      ], 
      [
        0.9072941159946274, 
        0.01866523687596456, 
        -0.420081780738202
      ], 
      [
        -0.0011320274681485434, 
        -0.9989020418052588, 
        -0.046831983123087347
      ]
    ], 
    "trans_mat": [
      0.050286960590673564, 
      -0.07724561710986641, 
      0.8918825284097505
    ]
  }, 
  {
