[
  {
    "img": "/media/hdd/YCBvideo/YCB_Video_Dataset/YCB_Video_Dataset/data/0024/000001-label.png", 
    "mask": "/media/hdd/YCBvideo/YCB_Video_Dataset/Generated_YCB_Video_Dataset/mask/0024/000001-mask-00.png", 
    "depth_minmax": [
      0.64, 
      0.712
    ], 
    "model": "/media/hdd/YCBvideo/YCB_Video_Dataset/YCB_Video_Dataset/models/006_mustard_bottle/textured.obj", 
    "rot_mat": [
      [
        -0.7322984788379052, 
        -0.680344105436437, 
        0.029514433157589448
      ], 
      [
        -0.29901093748256924, 
        0.2823005108244153, 
        -0.9115358113571751
      ], 
      [
        0.6118271827827705, 
        -0.6763414438054147, 
        -0.41015776210755006
      ]
    ], 
    "trans_mat": [
      -0.10378293975497965, 
      0.05578611075062063, 
      0.6969780093580336
    ]
  }, 
  {
    "img": "/media/hdd/YCBvideo/YCB_Video_Dataset/YCB_Video_Dataset/data/0024/000001-label.png", 
    "mask": "/media/hdd/YCBvideo/YCB_Video_Dataset/Generated_YCB_Video_Dataset/mask/0024/000001-mask-01.png", 
    "depth_minmax": [
      0.705, 
      0.795
    ], 
    "model": "/media/hdd/YCBvideo/YCB_Video_Dataset/YCB_Video_Dataset/models/008_pudding_box/textured.obj", 
    "rot_mat": [
      [
        -0.6757689499748228, 
        -0.34753376987139417, 
        -0.6500436608945526
      ], 
      [
        0.6485184444728551, 
        -0.6994972062642646, 
        -0.3002102602203442
      ], 
      [
        -0.3503711441059943, 
        -0.6244380183317046, 
        0.6980807558466388
      ]
    ], 
    "trans_mat": [
      0.05095851645251958, 
      0.07083539867698246, 
      0.7628269446751065
    ]
  }, 
  {
    "img": "/media/hdd/YCBvideo/YCB_Video_Dataset/YCB_Video_Dataset/data/0024/000002-label.png", 
    "mask": "/media/hdd/YCBvideo/YCB_Video_Dataset/Generated_YCB_Video_Dataset/mask/0024/000002-mask-00.png", 
    "depth_minmax": [
      0.64, 
      0.707
    ], 
    "model": "/media/hdd/YCBvideo/YCB_Video_Dataset/YCB_Video_Dataset/models/006_mustard_bottle/textured.obj", 
    "rot_mat": [
      [
        -0.7334210330748894, 
        -0.6792012778619243, 
        0.02790533959374102
      ], 
      [
        -0.2979965895596912, 
        0.28434631117616876, 
        -0.9112320445600958
      ], 
      [
        0.6109765210729933, 
        -0.676632778861656, 
        -0.41094502305786706
      ]
    ], 
    "trans_mat": [
      -0.10369387658031068, 
      0.055126302305038975, 
      0.6969054257021261
    ]
  }, 
  {
    "img": "/media/hdd/YCBvideo/YCB_Video_Dataset/YCB_Video_Dataset/data/0024/000002-label.png", 
    "mask": "/media/hdd/YCBvideo/YCB_Video_Dataset/Generated_YCB_Video_Dataset/mask/0024/000002-mask-01.png", 
    "depth_minmax": [
      0.704, 
      0.79
    ], 
    "model": "/media/hdd/YCBvideo/YCB_Video_Dataset/YCB_Video_Dataset/models/008_pudding_box/textured.obj", 
    "rot_mat": [
      [
        -0.6741086137939907, 
        -0.3485197842803344, 
        -0.6512379902570193
      ], 
      [
        0.6502641964520021, 
        -0.6982023121770595, 
        -0.2994473200322276
      ], 
      [
        -0.35033316058532077, 
        -0.6253373627196714, 
        0.6972946147630837
      ]
    ], 
    "trans_mat": [
      0.05102643730826507, 
      0.06978816733351047, 
      0.7628911868409959
    ]
  }, 
  {
    "img": "/media/hdd/YCBvideo/YCB_Video_Dataset/YCB_Video_Dataset/data/0024/000003-label.png", 
    "mask": "/media/hdd/YCBvideo/YCB_Video_Dataset/Generated_YCB_Video_Dataset/mask/0024/000003-mask-00.png", 
    "depth_minmax": [
      0.641, 
      0.712
    ], 
    "model": "/media/hdd/YCBvideo/YCB_Video_Dataset/YCB_Video_Dataset/models/006_mustard_bottle/textured.obj", 
    "rot_mat": [
      [
        -0.7327348486517895, 
        -0.6799478931774351, 
        0.027750469167248628
      ], 
      [
        -0.2979676104808256, 
        0.2839038180345415, 
        -0.9113797592710025
      ], 
      [
        0.611813606849356, 
        -0.6760687535390156, 
        -0.4106287194870058
      ]
    ], 
    "trans_mat": [
      -0.10310816375912021, 
      0.0551855845596717, 
      0.6969298198462811
    ]
  }, 
  {
    "img": "/media/hdd/YCBvideo/YCB_Video_Dataset/YCB_Video_Dataset/data/0024/000003-label.png", 
    "mask": "/media/hdd/YCBvideo/YCB_Video_Dataset/Generated_YCB_Video_Dataset/mask/0024/000003-mask-01.png", 
    "depth_minmax": [
      0.703, 
      0.79
    ], 
    "model": "/media/hdd/YCBvideo/YCB_Video_Dataset/YCB_Video_Dataset/models/008_pudding_box/textured.obj", 
    "rot_mat": [
      [
        -0.67463369170259, 
        -0.3489450309746529, 
        -0.6504661571380383
      ], 
      [
        0.6499464383823411, 
        -0.6985345757998211, 
        -0.29936311499015783
      ], 
      [
        -0.34991228687835374, 
        -0.6247294132055086, 
        0.69805101910645
      ]
    ], 
    "trans_mat": [
      0.05167323266210968, 
      0.06991495588495528, 
      0.7627571429404935
    ]
  }, 
  {
    "img": "/media/hdd/YCBvideo/YCB_Video_Dataset/YCB_Video_Dataset/data/0024/000004-label.png", 
    "mask": "/media/hdd/YCBvideo/YCB_Video_Dataset/Generated_YCB_Video_Dataset/mask/0024/000004-mask-00.png", 
    "depth_minmax": [
      0.64, 
      0.712
    ], 
    "model": "/media/hdd/YCBvideo/YCB_Video_Dataset/YCB_Video_Dataset/models/006_mustard_bottle/textured.obj", 
    "rot_mat": [
      [
        -0.7332035171408654, 
        -0.6794070327231798, 
        0.02860004933623668
      ], 
      [
        -0.2977955196413707, 
        0.2829956587567884, 
        -0.9117187648174667
      ], 
      [
        0.6113356698672086, 
        -0.676992525927586, 
        -0.40981750766165387
      ]
    ], 
    "trans_mat": [
      -0.10393347339363576, 
      0.05517236523823289, 
      0.6967474594354862
    ]
  }, 
  {
    "img": "/media/hdd/YCBvideo/YCB_Video_Dataset/YCB_Video_Dataset/data/0024/000004-label.png", 
    "mask": "/media/hdd/YCBvideo/YCB_Video_Dataset/Generated_YCB_Video_Dataset/mask/0024/000004-mask-01.png", 
    "depth_minmax": [
      0.703, 
      0.795
    ], 
    "model": "/media/hdd/YCBvideo/YCB_Video_Dataset/YCB_Video_Dataset/models/008_pudding_box/textured.obj", 
    "rot_mat": [
      [
        -0.6745955018134417, 
        -0.34798318793213506, 
        -0.6510205636440205
      ], 
      [
        0.6493207834848902, 
        -0.6992389774685096, 
        -0.29907733836574846
      ], 
      [
        -0.35114555562495187, 
        -0.6244778710034427, 
        0.6976565334922759
      ]
    ], 
    "trans_mat": [
      0.05077480729908324, 
      0.0700328494870259, 
      0.7627169727328459
    ]
  }, 
  {
    "img": "/media/hdd/YCBvideo/YCB_Video_Dataset/YCB_Video_Dataset/data/0024/000005-label.png", 
    "mask": "/media/hdd/YCBvideo/YCB_Video_Dataset/Generated_YCB_Video_Dataset/mask/0024/000005-mask-00.png", 
    "depth_minmax": [
      0.639, 
      0.707
    ], 
    "model": "/media/hdd/YCBvideo/YCB_Video_Dataset/YCB_Video_Dataset/models/006_mustard_bottle/textured.obj", 
    "rot_mat": [
      [
        -0.7331115979374971, 
        -0.6795867353962236, 
        0.026648168704739288
      ], 
      [
        -0.29624839386559126, 
        0.28382036652932874, 
        -0.911966428386776
      ], 
      [
        0.6121975621030326, 
        -0.6764671707188645, 
        -0.40939874068740545
      ]
    ], 
    "trans_mat": [
      -0.10281952677763254, 
      0.05581032001452085, 
      0.6966321834363985
    ]
  }, 
  {
    "img": "/media/hdd/YCBvideo/YCB_Video_Dataset/YCB_Video_Dataset/data/0024/000005-label.png", 
    "mask": "/media/hdd/YCBvideo/YCB_Video_Dataset/Generated_YCB_Video_Dataset/mask/0024/000005-mask-01.png", 
    "depth_minmax": [
      0.703, 
      0.79
    ], 
    "model": "/media/hdd/YCBvideo/YCB_Video_Dataset/YCB_Video_Dataset/models/008_pudding_box/textured.obj", 
    "rot_mat": [
      [
        -0.6738333645357618, 
        -0.3497830313715265, 
        -0.6508465163074842
      ], 
      [
        0.6502960748481297, 
        -0.6989510819033805, 
        -0.2976278560004464
      ], 
      [
        -0.3508044461305366, 
        -0.6237952116172983, 
        0.6984387369449715
      ]
    ], 
    "trans_mat": [
      0.05197836491760575, 
      0.0704397641783189, 
      0.7624432594962859
    ]
  }, 
  {
    "img": "/media/hdd/YCBvideo/YCB_Video_Dataset/YCB_Video_Dataset/data/0024/000006-label.png", 
    "mask": "/media/hdd/YCBvideo/YCB_Video_Dataset/Generated_YCB_Video_Dataset/mask/0024/000006-mask-00.png", 
    "depth_minmax": [
      0.639, 
      0.707
    ], 
    "model": "/media/hdd/YCBvideo/YCB_Video_Dataset/YCB_Video_Dataset/models/006_mustard_bottle/textured.obj", 
    "rot_mat": [
      [
        -0.731605157914533, 
        -0.6812012095952356, 
        0.026826608492292875
      ], 
      [
        -0.2956516161951599, 
        0.28157774726370965, 
        -0.9128544954043556
      ], 
      [
        0.6142840412754665, 
        -0.6757794524606502, 
        -0.40740182595713204
      ]
    ], 
    "trans_mat": [
      -0.1024407140170702, 
      0.05594994490903424, 
      0.6963541210136089
    ]
  }, 
  {
    "img": "/media/hdd/YCBvideo/YCB_Video_Dataset/YCB_Video_Dataset/data/0024/000006-label.png", 
    "mask": "/media/hdd/YCBvideo/YCB_Video_Dataset/Generated_YCB_Video_Dataset/mask/0024/000006-mask-01.png", 
    "depth_minmax": [
      0.702, 
      0.79
    ], 
    "model": "/media/hdd/YCBvideo/YCB_Video_Dataset/YCB_Video_Dataset/models/008_pudding_box/textured.obj", 
    "rot_mat": [
      [
        -0.6752067512218868, 
        -0.3502472166106345, 
        -0.6491713841921547
      ], 
      [
        0.6487897521720817, 
        -0.7007215075451475, 
        -0.2967499396777021
      ], 
      [
        -0.35095206364044224, 
        -0.621543456330147, 
        0.700367940176141
      ]
    ], 
    "trans_mat": [
      0.052468944946297454, 
      0.07089168167655549, 
      0.7618311199877682
    ]
  }, 
  {
    "img": "/media/hdd/YCBvideo/YCB_Video_Dataset/YCB_Video_Dataset/data/0024/000007-label.png", 
    "mask": "/media/hdd/YCBvideo/YCB_Video_Dataset/Generated_YCB_Video_Dataset/mask/0024/000007-mask-00.png", 
    "depth_minmax": [
      0.639, 
      0.707
    ], 
    "model": "/media/hdd/YCBvideo/YCB_Video_Dataset/YCB_Video_Dataset/models/006_mustard_bottle/textured.obj", 
    "rot_mat": [
      [
        -0.7315094132933662, 
        -0.681234422639513, 
        0.02851612245237954
      ], 
      [
        -0.29776498980800703, 
        0.28155635538996593, 
        -0.9121738425912238
      ], 
      [
        0.613376522890216, 
        -0.6757549892791609, 
        -0.408808209863099
      ]
    ], 
    "trans_mat": [
      -0.10214003350293954, 
      0.05578547066587912, 
      0.6959743801375716
    ]
  }, 
  {
    "img": "/media/hdd/YCBvideo/YCB_Video_Dataset/YCB_Video_Dataset/data/0024/000007-label.png", 
    "mask": "/media/hdd/YCBvideo/YCB_Video_Dataset/Generated_YCB_Video_Dataset/mask/0024/000007-mask-01.png", 
    "depth_minmax": [
      0.702, 
      0.789
    ], 
    "model": "/media/hdd/YCBvideo/YCB_Video_Dataset/YCB_Video_Dataset/models/008_pudding_box/textured.obj", 
    "rot_mat": [
      [
        -0.6760173373105767, 
        -0.3487620736935729, 
        -0.6491263347169659
      ], 
      [
        0.6482698198343598, 
        -0.7003025000038613, 
        -0.29886753057591725
      ], 
      [
        -0.3503517932596894, 
        -0.6228487428147635, 
        0.6995088673842736
      ]
    ], 
    "trans_mat": [
      0.05270594535095607, 
      0.07086955621046372, 
      0.7615690307534884
    ]
  }, 
  {
    "img": "/media/hdd/YCBvideo/YCB_Video_Dataset/YCB_Video_Dataset/data/0024/000008-label.png", 
    "mask": "/media/hdd/YCBvideo/YCB_Video_Dataset/Generated_YCB_Video_Dataset/mask/0024/000008-mask-00.png", 
    "depth_minmax": [
      0.639, 
      0.707
    ], 
    "model": "/media/hdd/YCBvideo/YCB_Video_Dataset/YCB_Video_Dataset/models/006_mustard_bottle/textured.obj", 
    "rot_mat": [
      [
        -0.7312208440555009, 
        -0.681656050273773, 
        0.025727411190401436
      ], 
      [
        -0.2958579608662084, 
        0.28293478500882385, 
        -0.9123679877268548
      ], 
      [
        0.6146422159651996, 
        -0.6747530793012811, 
        -0.40856086724672896
      ]
    ], 
    "trans_mat": [
      -0.10170055732730715, 
      0.05582248543559127, 
      0.6956459285694748
    ]
  }, 
  {
    "img": "/media/hdd/YCBvideo/YCB_Video_Dataset/YCB_Video_Dataset/data/0024/000008-label.png", 
    "mask": "/media/hdd/YCBvideo/YCB_Video_Dataset/Generated_YCB_Video_Dataset/mask/0024/000008-mask-01.png", 
    "depth_minmax": [
      0.702, 
      0.789
    ], 
    "model": "/media/hdd/YCBvideo/YCB_Video_Dataset/YCB_Video_Dataset/models/008_pudding_box/textured.obj", 
    "rot_mat": [
      [
        -0.6750598968327021, 
        -0.35139679361966353, 
        -0.6487026421145647
      ], 
      [
        0.6497384256186665, 
        -0.6996825149209653, 
        -0.297125883847174
      ], 
      [
        -0.34947632526971706, 
        -0.62206474165963, 
        0.7006428331696113
      ]
    ], 
    "trans_mat": [
      0.053285261759438644, 
      0.07056509013067164, 
      0.7609876645213224
    ]
  }, 
  {
    "img": "/media/hdd/YCBvideo/YCB_Video_Dataset/YCB_Video_Dataset/data/0024/000009-label.png", 
    "mask": "/media/hdd/YCBvideo/YCB_Video_Dataset/Generated_YCB_Video_Dataset/mask/0024/000009-mask-00.png", 
    "depth_minmax": [
      0.639, 
      0.705
    ], 
    "model": "/media/hdd/YCBvideo/YCB_Video_Dataset/YCB_Video_Dataset/models/006_mustard_bottle/textured.obj", 
    "rot_mat": [
      [
        -0.7309603296914787, 
        -0.6818521046820769, 
        0.02782202512862528
      ], 
      [
        -0.2975609731116817, 
        0.2817714225742423, 
        -0.9121743533702263
      ], 
      [
        0.6141292871923021, 
        -0.675041694274732, 
        -0.4088556625766819
      ]
    ], 
    "trans_mat": [
      -0.1013302408501679, 
      0.05510642747702885, 
      0.6951647871831805
    ]
  }, 
  {
    "img": "/media/hdd/YCBvideo/YCB_Video_Dataset/YCB_Video_Dataset/data/0024/000009-label.png", 
    "mask": "/media/hdd/YCBvideo/YCB_Video_Dataset/Generated_YCB_Video_Dataset/mask/0024/000009-mask-01.png", 
    "depth_minmax": [
      0.702, 
      0.789
    ], 
    "model": "/media/hdd/YCBvideo/YCB_Video_Dataset/YCB_Video_Dataset/models/008_pudding_box/textured.obj", 
    "rot_mat": [
      [
        -0.676188822937065, 
        -0.3496154267761559, 
        -0.6484882309547801
      ], 
      [
        0.6484769399674472, 
        -0.7001870897789982, 
        -0.2986896016561802
      ], 
      [
        -0.3496368778856473, 
        -0.6225001864712545, 
        0.7001760255353671
      ]
    ], 
    "trans_mat": [
      0.05358817966482458, 
      0.07014340800748743, 
      0.7605989617808969
    ]
  }, 
  {
    "img": "/media/hdd/YCBvideo/YCB_Video_Dataset/YCB_Video_Dataset/data/0024/000010-label.png", 
    "mask": "/media/hdd/YCBvideo/YCB_Video_Dataset/Generated_YCB_Video_Dataset/mask/0024/000010-mask-00.png", 
    "depth_minmax": [
      0.639, 
      0.706
    ], 
    "model": "/media/hdd/YCBvideo/YCB_Video_Dataset/YCB_Video_Dataset/models/006_mustard_bottle/textured.obj", 
    "rot_mat": [
      [
        -0.7316724746885149, 
        -0.6811888090083875, 
        0.02523289565418786
      ], 
      [
        -0.29666411698981454, 
        0.2848855820805547, 
        -0.9114985519480127
      ], 
      [
        0.613715257851154, 
        -0.6744043042500097, 
        -0.4105275209873883
      ]
    ], 
    "trans_mat": [
      -0.10157762037030518, 
      0.05403509470140125, 
      0.6948870933190446
    ]
  }, 
  {
    "img": "/media/hdd/YCBvideo/YCB_Video_Dataset/YCB_Video_Dataset/data/0024/000010-label.png", 
    "mask": "/media/hdd/YCBvideo/YCB_Video_Dataset/Generated_YCB_Video_Dataset/mask/0024/000010-mask-01.png", 
    "depth_minmax": [
      0.702, 
      0.788
    ], 
    "model": "/media/hdd/YCBvideo/YCB_Video_Dataset/YCB_Video_Dataset/models/008_pudding_box/textured.obj", 
    "rot_mat": [
      [
        -0.6744567907082284, 
        -0.35165500223290214, 
        -0.6491888738085331
      ], 
      [
        0.6509785813112936, 
        -0.698080256341316, 
        -0.29817764398226543
      ], 
      [
        -0.34833054512285444, 
        -0.6237169938097525, 
        0.6997451289527564
      ]
    ], 
    "trans_mat": [
      0.05339308019452906, 
      0.06852479254023502, 
      0.7603210384642869
    ]
  }, 
  {
    "img": "/media/hdd/YCBvideo/YCB_Video_Dataset/YCB_Video_Dataset/data/0024/000011-label.png", 
    "mask": "/media/hdd/YCBvideo/YCB_Video_Dataset/Generated_YCB_Video_Dataset/mask/0024/000011-mask-00.png", 
    "depth_minmax": [
      0.638, 
      0.705
    ], 
    "model": "/media/hdd/YCBvideo/YCB_Video_Dataset/YCB_Video_Dataset/models/006_mustard_bottle/textured.obj", 
    "rot_mat": [
      [
        -0.7317490732038078, 
        -0.6810422126729119, 
        0.026911688708382106
      ], 
      [
        -0.29875424498775616, 
        0.28500766518201903, 
        -0.9107776468683002
      ], 
      [
        0.6126088162574818, 
        -0.6745004608418547, 
        -0.41201762119778856
      ]
    ], 
    "trans_mat": [
      -0.10100760819504978, 
      0.053195198227688825, 
      0.6944410394241143
    ]
  }, 
  {
    "img": "/media/hdd/YCBvideo/YCB_Video_Dataset/YCB_Video_Dataset/data/0024/000011-label.png", 
    "mask": "/media/hdd/YCBvideo/YCB_Video_Dataset/Generated_YCB_Video_Dataset/mask/0024/000011-mask-01.png", 
    "depth_minmax": [
      0.701, 
      0.788
    ], 
    "model": "/media/hdd/YCBvideo/YCB_Video_Dataset/YCB_Video_Dataset/models/008_pudding_box/textured.obj", 
    "rot_mat": [
      [
        -0.6751190912334292, 
        -0.3501104479953927, 
        -0.6493352144039832
      ], 
      [
        0.6505680780972058, 
        -0.6975576035831005, 
        -0.30028988426650827
      ], 
      [
        -0.3478144921524962, 
        -0.6251681184068105, 
        0.6987050405677073
      ]
    ], 
    "trans_mat": [
      0.05388698740303894, 
      0.06780310214199749, 
      0.7600286436537943
    ]
  }, 
  {
    "img": "/media/hdd/YCBvideo/YCB_Video_Dataset/YCB_Video_Dataset/data/0024/000012-label.png", 
    "mask": "/media/hdd/YCBvideo/YCB_Video_Dataset/Generated_YCB_Video_Dataset/mask/0024/000012-mask-00.png", 
    "depth_minmax": [
      0.638, 
      0.705
    ], 
    "model": "/media/hdd/YCBvideo/YCB_Video_Dataset/YCB_Video_Dataset/models/006_mustard_bottle/textured.obj", 
    "rot_mat": [
      [
        -0.7307831942495042, 
        -0.6821140234253674, 
        0.025998468617551576
      ], 
      [
        -0.2978563244594213, 
        0.28437540362701813, 
        -0.9112697184022759
      ], 
      [
        0.614197178081628, 
        -0.6736839576733521, 
        -0.4109881891622845
      ]
    ], 
    "trans_mat": [
      -0.09995583363173238, 
      0.053141161363212466, 
      0.6941357215198185
    ]
  }, 
  {
    "img": "/media/hdd/YCBvideo/YCB_Video_Dataset/YCB_Video_Dataset/data/0024/000012-label.png", 
    "mask": "/media/hdd/YCBvideo/YCB_Video_Dataset/Generated_YCB_Video_Dataset/mask/0024/000012-mask-01.png", 
    "depth_minmax": [
      0.701, 
      0.787
    ], 
    "model": "/media/hdd/YCBvideo/YCB_Video_Dataset/YCB_Video_Dataset/models/008_pudding_box/textured.obj", 
    "rot_mat": [
      [
        -0.6755516181737641, 
        -0.35133287114123934, 
        -0.6482242357481858
      ], 
      [
        0.6503195450134034, 
        -0.6982107289881986, 
        -0.2993101863090025
      ], 
      [
        -0.34743974538853345, 
        -0.6237523547834761, 
        0.7001557224833516
      ]
    ], 
    "trans_mat": [
      0.05505291888783547, 
      0.06778927924444561, 
      0.7594441039686189
    ]
  }, 
  {
    "img": "/media/hdd/YCBvideo/YCB_Video_Dataset/YCB_Video_Dataset/data/0024/000013-label.png", 
    "mask": "/media/hdd/YCBvideo/YCB_Video_Dataset/Generated_YCB_Video_Dataset/mask/0024/000013-mask-00.png", 
    "depth_minmax": [
      0.638, 
      0.705
    ], 
    "model": "/media/hdd/YCBvideo/YCB_Video_Dataset/YCB_Video_Dataset/models/006_mustard_bottle/textured.obj", 
    "rot_mat": [
      [
        -0.730799290770565, 
        -0.6820610297811384, 
        0.02691970922700031
      ], 
      [
        -0.29921454809871495, 
        0.284649909939293, 
        -0.9107386043232951
      ], 
      [
        0.613517419532047, 
        -0.6736215510450286, 
        -0.4121047090485694
      ]
    ], 
    "trans_mat": [
      -0.10022075022014892, 
      0.051779043083904915, 
      0.6937284336417229
    ]
  }, 
  {
    "img": "/media/hdd/YCBvideo/YCB_Video_Dataset/YCB_Video_Dataset/data/0024/000013-label.png", 
    "mask": "/media/hdd/YCBvideo/YCB_Video_Dataset/Generated_YCB_Video_Dataset/mask/0024/000013-mask-01.png", 
    "depth_minmax": [
      0.699, 
      0.787
    ], 
    "model": "/media/hdd/YCBvideo/YCB_Video_Dataset/YCB_Video_Dataset/models/008_pudding_box/textured.obj", 
    "rot_mat": [
      [
        -0.6759369627995883, 
        -0.35049584118690524, 
        -0.6482756406756753
      ], 
      [
        0.650195221040973, 
        -0.6977257098008889, 
        -0.3007071490478288
      ], 
      [
        -0.3469218502681228, 
        -0.6247654618488846, 
        0.699509207630884
      ]
    ], 
    "trans_mat": [
      0.05474822467280865, 
      0.06647329870498413, 
      0.7591208052648949
    ]
  }, 
  {
    "img": "/media/hdd/YCBvideo/YCB_Video_Dataset/YCB_Video_Dataset/data/0024/000014-label.png", 
    "mask": "/media/hdd/YCBvideo/YCB_Video_Dataset/Generated_YCB_Video_Dataset/mask/0024/000014-mask-00.png", 
    "depth_minmax": [
      0.638, 
      0.708
    ], 
    "model": "/media/hdd/YCBvideo/YCB_Video_Dataset/YCB_Video_Dataset/models/006_mustard_bottle/textured.obj", 
    "rot_mat": [
      [
        -0.7315205040452439, 
        -0.6812987939812714, 
        0.02663377224892496
      ], 
      [
        -0.29950998713842053, 
        0.2860049748104318, 
        -0.9102167457008778
      ], 
      [
        0.6125130439000178, 
        -0.6738190911906186, 
        -0.4132744185844687
      ]
    ], 
    "trans_mat": [
      -0.1013206829824638, 
      0.050461140588193204, 
      0.6931551408721505
    ]
  }, 
  {
    "img": "/media/hdd/YCBvideo/YCB_Video_Dataset/YCB_Video_Dataset/data/0024/000014-label.png", 
    "mask": "/media/hdd/YCBvideo/YCB_Video_Dataset/Generated_YCB_Video_Dataset/mask/0024/000014-mask-01.png", 
    "depth_minmax": [
      0.7, 
      0.787
    ], 
    "model": "/media/hdd/YCBvideo/YCB_Video_Dataset/YCB_Video_Dataset/models/008_pudding_box/textured.obj", 
    "rot_mat": [
      [
        -0.6751951476841294, 
        -0.3504556915423711, 
        -0.6490700017952766
      ], 
      [
        0.6511179220733285, 
        -0.6966636662082291, 
        -0.30117245464461084
      ], 
      [
        -0.3466359037228335, 
        -0.6259719675659725, 
        0.6985718758258734
      ]
    ], 
    "trans_mat": [
      0.05360359064992124, 
      0.0649621804100398, 
      0.758696431356229
    ]
  }, 
  {
    "img": "/media/hdd/YCBvideo/YCB_Video_Dataset/YCB_Video_Dataset/data/0024/000015-label.png", 
    "mask": "/media/hdd/YCBvideo/YCB_Video_Dataset/Generated_YCB_Video_Dataset/mask/0024/000015-mask-00.png", 
    "depth_minmax": [
      0.636, 
      0.708
    ], 
    "model": "/media/hdd/YCBvideo/YCB_Video_Dataset/YCB_Video_Dataset/models/006_mustard_bottle/textured.obj", 
    "rot_mat": [
      [
        -0.7320031294085746, 
        -0.6808664597634877, 
        0.024351821346042767
      ], 
      [
        -0.2983061172600752, 
        0.28816540359860815, 
        -0.9099308435390076
      ], 
      [
        0.6125245347171756, 
        -0.6733358084651967, 
        -0.4140444181869074
      ]
    ], 
    "trans_mat": [
      -0.1013082994963862, 
      0.04797833204759588, 
      0.692486253470333
    ]
  }, 
  {
    "img": "/media/hdd/YCBvideo/YCB_Video_Dataset/YCB_Video_Dataset/data/0024/000015-label.png", 
    "mask": "/media/hdd/YCBvideo/YCB_Video_Dataset/Generated_YCB_Video_Dataset/mask/0024/000015-mask-01.png", 
    "depth_minmax": [
      0.699, 
      0.786
    ], 
    "model": "/media/hdd/YCBvideo/YCB_Video_Dataset/YCB_Video_Dataset/models/008_pudding_box/textured.obj", 
    "rot_mat": [
      [
        -0.6737900143719739, 
        -0.3523116948939358, 
        -0.6495260645226909
      ], 
      [
        0.6529892837707791, 
        -0.6953162097462755, 
        -0.3002339104611148
      ], 
      [
        -0.3458498280235885, 
        -0.6264283664872339, 
        0.6985524125605491
      ]
    ], 
    "trans_mat": [
      0.053672972470756745, 
      0.06206121563393778, 
      0.7579841465415941
    ]
  }, 
  {
    "img": "/media/hdd/YCBvideo/YCB_Video_Dataset/YCB_Video_Dataset/data/0024/000016-label.png", 
    "mask": "/media/hdd/YCBvideo/YCB_Video_Dataset/Generated_YCB_Video_Dataset/mask/0024/000016-mask-00.png", 
    "depth_minmax": [
      0.634, 
      0.702
    ], 
    "model": "/media/hdd/YCBvideo/YCB_Video_Dataset/YCB_Video_Dataset/models/006_mustard_bottle/textured.obj", 
    "rot_mat": [
      [
        -0.7324565330129181, 
        -0.6803839984812832, 
        0.024170396043084876
      ], 
      [
        -0.300952850242335, 
        0.2917319635238305, 
        -0.9079198842640672
      ], 
      [
        0.610684194896714, 
        -0.6722863796564437, 
        -0.41844489277440966
      ]
    ], 
    "trans_mat": [
      -0.10145430527337565, 
      0.044443421026613666, 
      0.6916149530650856
    ]
  }, 
  {
    "img": "/media/hdd/YCBvideo/YCB_Video_Dataset/YCB_Video_Dataset/data/0024/000016-label.png", 
    "mask": "/media/hdd/YCBvideo/YCB_Video_Dataset/Generated_YCB_Video_Dataset/mask/0024/000016-mask-01.png", 
    "depth_minmax": [
      0.699, 
      0.785
    ], 
    "model": "/media/hdd/YCBvideo/YCB_Video_Dataset/YCB_Video_Dataset/models/008_pudding_box/textured.obj", 
    "rot_mat": [
      [
        -0.6733200051108782, 
        -0.3522864182883808, 
        -0.6500257754048344
      ], 
      [
        0.6549580967515461, 
        -0.6921102790575455, 
        -0.30333476323183445
      ], 
      [
        -0.34302916080827767, 
        -0.6299821709405476, 
        0.6967450281543293
      ]
    ], 
    "trans_mat": [
      0.05349844895896428, 
      0.05813961896044525, 
      0.7572618830604304
    ]
  }, 
  {
    "img": "/media/hdd/YCBvideo/YCB_Video_Dataset/YCB_Video_Dataset/data/0024/000017-label.png", 
    "mask": "/media/hdd/YCBvideo/YCB_Video_Dataset/Generated_YCB_Video_Dataset/mask/0024/000017-mask-00.png", 
    "depth_minmax": [
      0.634, 
      0.701
    ], 
    "model": "/media/hdd/YCBvideo/YCB_Video_Dataset/YCB_Video_Dataset/models/006_mustard_bottle/textured.obj", 
    "rot_mat": [
      [
        -0.7315412151430897, 
        -0.6814177780240138, 
        0.022750649849841372
      ], 
      [
        -0.30103046035286946, 
        0.2928732504888635, 
        -0.9075269648502645
      ], 
      [
        0.611743021139474, 
        -0.6707420546101751, 
        -0.41937599573821727
      ]
    ], 
    "trans_mat": [
      -0.10086217449487056, 
      0.04253542356440901, 
      0.6908098913194811
    ]
  }, 
  {
    "img": "/media/hdd/YCBvideo/YCB_Video_Dataset/YCB_Video_Dataset/data/0024/000017-label.png", 
    "mask": "/media/hdd/YCBvideo/YCB_Video_Dataset/Generated_YCB_Video_Dataset/mask/0024/000017-mask-01.png", 
    "depth_minmax": [
      0.697, 
      0.784
    ], 
    "model": "/media/hdd/YCBvideo/YCB_Video_Dataset/YCB_Video_Dataset/models/008_pudding_box/textured.obj", 
    "rot_mat": [
      [
        -0.673486706657436, 
        -0.35394292890312434, 
        -0.6489532221557023
      ], 
      [
        0.6557718401076822, 
        -0.6912429916017739, 
        -0.3035551729357239
      ], 
      [
        -0.34114359662983196, 
        -0.6300059637256862, 
        0.6976489572746752
      ]
    ], 
    "trans_mat": [
      0.05422143624479273, 
      0.05605729878003334, 
      0.756183599737544
    ]
  }, 
  {
    "img": "/media/hdd/YCBvideo/YCB_Video_Dataset/YCB_Video_Dataset/data/0024/000018-label.png", 
    "mask": "/media/hdd/YCBvideo/YCB_Video_Dataset/Generated_YCB_Video_Dataset/mask/0024/000018-mask-00.png", 
    "depth_minmax": [
      0.634, 
      0.7
    ], 
    "model": "/media/hdd/YCBvideo/YCB_Video_Dataset/YCB_Video_Dataset/models/006_mustard_bottle/textured.obj", 
    "rot_mat": [
      [
        -0.7315438958071434, 
        -0.6814918498890404, 
        0.020296566726401136
      ], 
      [
        -0.29889808596536527, 
        0.2938096101494827, 
        -0.9079291888390335
      ], 
      [
        0.6127839843094831, 
        -0.6702565373107116, 
        -0.4186312888061866
      ]
    ], 
    "trans_mat": [
      -0.0997237775877945, 
      0.042348881069505365, 
      0.6900957864842917
    ]
  }, 
  {
    "img": "/media/hdd/YCBvideo/YCB_Video_Dataset/YCB_Video_Dataset/data/0024/000018-label.png", 
    "mask": "/media/hdd/YCBvideo/YCB_Video_Dataset/Generated_YCB_Video_Dataset/mask/0024/000018-mask-01.png", 
    "depth_minmax": [
      0.696, 
      0.782
    ], 
    "model": "/media/hdd/YCBvideo/YCB_Video_Dataset/YCB_Video_Dataset/models/008_pudding_box/textured.obj", 
    "rot_mat": [
      [
        -0.6724051034738762, 
        -0.3561454496482792, 
        -0.6488692133067113
      ], 
      [
        0.6569682756586492, 
        -0.6909923804483276, 
        -0.3015324753283319
      ], 
      [
        -0.34097437175906664, 
        -0.6290391071065412, 
        0.6986031430268222
      ]
    ], 
    "trans_mat": [
      0.05545956149762856, 
      0.055583678857007136, 
      0.7552911877746917
    ]
  }, 
  {
    "img": "/media/hdd/YCBvideo/YCB_Video_Dataset/YCB_Video_Dataset/data/0024/000019-label.png", 
    "mask": "/media/hdd/YCBvideo/YCB_Video_Dataset/Generated_YCB_Video_Dataset/mask/0024/000019-mask-00.png", 
    "depth_minmax": [
      0.633, 
      0.699
    ], 
    "model": "/media/hdd/YCBvideo/YCB_Video_Dataset/YCB_Video_Dataset/models/006_mustard_bottle/textured.obj", 
    "rot_mat": [
      [
        -0.7316359050852793, 
        -0.6814390576049818, 
        0.01868844439444564
      ], 
      [
        -0.29688708632630023, 
        0.2938385100732909, 
        -0.9085790870339472
      ], 
      [
        0.6136510873886957, 
        -0.6702976726397818, 
        -0.41729281364146786
      ]
    ], 
    "trans_mat": [
      -0.0993418963918703, 
      0.04245130371543833, 
      0.6893925488176879
    ]
  }, 
  {
    "img": "/media/hdd/YCBvideo/YCB_Video_Dataset/YCB_Video_Dataset/data/0024/000019-label.png", 
    "mask": "/media/hdd/YCBvideo/YCB_Video_Dataset/Generated_YCB_Video_Dataset/mask/0024/000019-mask-01.png", 
    "depth_minmax": [
      0.695, 
      0.782
    ], 
    "model": "/media/hdd/YCBvideo/YCB_Video_Dataset/YCB_Video_Dataset/models/008_pudding_box/textured.obj", 
    "rot_mat": [
      [
        -0.6716150093860331, 
        -0.35754934784208503, 
        -0.6489153913544005
      ], 
      [
        0.6574715753898396, 
        -0.6913891078699631, 
        -0.29951837156339317
      ], 
      [
        -0.34156107007555786, 
        -0.6278048057843595, 
        0.6994261622279238
      ]
    ], 
    "trans_mat": [
      0.05589904007204916, 
      0.0555494846533198, 
      0.754478314237372
    ]
  }, 
  {
    "img": "/media/hdd/YCBvideo/YCB_Video_Dataset/YCB_Video_Dataset/data/0024/000020-label.png", 
    "mask": "/media/hdd/YCBvideo/YCB_Video_Dataset/Generated_YCB_Video_Dataset/mask/0024/000020-mask-00.png", 
    "depth_minmax": [
      0.633, 
      0.699
    ], 
    "model": "/media/hdd/YCBvideo/YCB_Video_Dataset/YCB_Video_Dataset/models/006_mustard_bottle/textured.obj", 
    "rot_mat": [
      [
        -0.7307975569506143, 
        -0.6823354814933213, 
        0.01881745875731763
      ], 
      [
        -0.2974848806471482, 
        0.29355895323722125, 
        -0.908474549130283
      ], 
      [
        0.6143608432201014, 
        -0.6695081914557922, 
        -0.41751539389753123
      ]
    ], 
    "trans_mat": [
      -0.09915140059045685, 
      0.042393534399844966, 
      0.6886735241986545
    ]
  }, 
  {
    "img": "/media/hdd/YCBvideo/YCB_Video_Dataset/YCB_Video_Dataset/data/0024/000020-label.png", 
    "mask": "/media/hdd/YCBvideo/YCB_Video_Dataset/Generated_YCB_Video_Dataset/mask/0024/000020-mask-01.png", 
    "depth_minmax": [
      0.695, 
      0.781
    ], 
    "model": "/media/hdd/YCBvideo/YCB_Video_Dataset/YCB_Video_Dataset/models/008_pudding_box/textured.obj", 
    "rot_mat": [
      [
        -0.6723913982198524, 
        -0.35778047835515236, 
        -0.6479843455471976
      ], 
      [
        0.6571250014220891, 
        -0.6914744970392896, 
        -0.30008320169844427
      ], 
      [
        -0.34070099753047317, 
        -0.6275793355463936, 
        0.7000474626787442
      ]
    ], 
    "trans_mat": [
      0.056150363217478454, 
      0.055574975281078944, 
      0.7535973904178523
    ]
  }, 
  {
    "img": "/media/hdd/YCBvideo/YCB_Video_Dataset/YCB_Video_Dataset/data/0024/000021-label.png", 
    "mask": "/media/hdd/YCBvideo/YCB_Video_Dataset/Generated_YCB_Video_Dataset/mask/0024/000021-mask-00.png", 
    "depth_minmax": [
      0.633, 
      0.703
    ], 
    "model": "/media/hdd/YCBvideo/YCB_Video_Dataset/YCB_Video_Dataset/models/006_mustard_bottle/textured.obj", 
    "rot_mat": [
      [
        -0.7304314481883398, 
        -0.6827443939447406, 
        0.01817773680747592
      ], 
      [
        -0.297039876776949, 
        0.29359507687237135, 
        -0.9086076245102176
      ], 
      [
        0.6150104237956223, 
        -0.669074440756099, 
        -0.41725381603604994
      ]
    ], 
    "trans_mat": [
      -0.09926613294734205, 
      0.04146427868984553, 
      0.6881259444675786
    ]
  }, 
  {
    "img": "/media/hdd/YCBvideo/YCB_Video_Dataset/YCB_Video_Dataset/data/0024/000021-label.png", 
    "mask": "/media/hdd/YCBvideo/YCB_Video_Dataset/Generated_YCB_Video_Dataset/mask/0024/000021-mask-01.png", 
    "depth_minmax": [
      0.695, 
      0.78
    ], 
    "model": "/media/hdd/YCBvideo/YCB_Video_Dataset/YCB_Video_Dataset/models/008_pudding_box/textured.obj", 
    "rot_mat": [
      [
        -0.6724204646110756, 
        -0.3585044169403355, 
        -0.6475535816988607
      ], 
      [
        0.6572575108533627, 
        -0.691539086659167, 
        -0.2996412609777032
      ], 
      [
        -0.340385396784507, 
        -0.6270951336141874, 
        0.700634371578956
      ]
    ], 
    "trans_mat": [
      0.05608990247484915, 
      0.054610772624227984, 
      0.7529268519926648
    ]
  }, 
  {
    "img": "/media/hdd/YCBvideo/YCB_Video_Dataset/YCB_Video_Dataset/data/0024/000022-label.png", 
    "mask": "/media/hdd/YCBvideo/YCB_Video_Dataset/Generated_YCB_Video_Dataset/mask/0024/000022-mask-00.png", 
    "depth_minmax": [
      0.632, 
      0.698
    ], 
    "model": "/media/hdd/YCBvideo/YCB_Video_Dataset/YCB_Video_Dataset/models/006_mustard_bottle/textured.obj", 
    "rot_mat": [
      [
        -0.7305468554689467, 
        -0.6826226184068188, 
        0.018096077224322455
      ], 
      [
        -0.29821775230340375, 
        0.2950901124308505, 
        -0.9077371729577011
      ], 
      [
        0.6143028608978608, 
        -0.6685408784838262, 
        -0.4191471395825412
      ]
    ], 
    "trans_mat": [
      -0.099776968728324, 
      0.040298016528002086, 
      0.6876078468315155
    ]
  }, 
  {
    "img": "/media/hdd/YCBvideo/YCB_Video_Dataset/YCB_Video_Dataset/data/0024/000022-label.png", 
    "mask": "/media/hdd/YCBvideo/YCB_Video_Dataset/Generated_YCB_Video_Dataset/mask/0024/000022-mask-01.png", 
    "depth_minmax": [
      0.694, 
      0.78
    ], 
    "model": "/media/hdd/YCBvideo/YCB_Video_Dataset/YCB_Video_Dataset/models/008_pudding_box/textured.obj", 
    "rot_mat": [
      [
        -0.6722851519496283, 
        -0.3585298035696445, 
        -0.6476795276905655
      ], 
      [
        0.6580640263411865, 
        -0.690176512154405, 
        -0.3010098849380665
      ], 
      [
        -0.3390923176201687, 
        -0.6285794519432546, 
        0.6999309844242917
      ]
    ], 
    "trans_mat": [
      0.05557324050533006, 
      0.05328672889888873, 
      0.7524544039319134
    ]
  }, 
  {
    "img": "/media/hdd/YCBvideo/YCB_Video_Dataset/YCB_Video_Dataset/data/0024/000023-label.png", 
    "mask": "/media/hdd/YCBvideo/YCB_Video_Dataset/Generated_YCB_Video_Dataset/mask/0024/000023-mask-00.png", 
    "depth_minmax": [
      0.632, 
      0.697
    ], 
    "model": "/media/hdd/YCBvideo/YCB_Video_Dataset/YCB_Video_Dataset/models/006_mustard_bottle/textured.obj", 
    "rot_mat": [
      [
        -0.7314968569931601, 
        -0.6816137577238109, 
        0.017763495003219373
      ], 
      [
        -0.29766130335425817, 
        0.29578950992991376, 
        -0.907692267943451
      ], 
      [
        0.6134423031022431, 
        -0.6692615171165245, 
        -0.419258506301847
      ]
    ], 
    "trans_mat": [
      -0.10107447460388969, 
      0.03941930841357131, 
      0.6872005743786835
    ]
  }, 
  {
    "img": "/media/hdd/YCBvideo/YCB_Video_Dataset/YCB_Video_Dataset/data/0024/000023-label.png", 
    "mask": "/media/hdd/YCBvideo/YCB_Video_Dataset/Generated_YCB_Video_Dataset/mask/0024/000023-mask-01.png", 
    "depth_minmax": [
      0.695, 
      0.781
    ], 
    "model": "/media/hdd/YCBvideo/YCB_Video_Dataset/YCB_Video_Dataset/models/008_pudding_box/textured.obj", 
    "rot_mat": [
      [
        -0.6713243634713113, 
        -0.35843576483468453, 
        -0.6487278381002548
      ], 
      [
        0.6587065501892664, 
        -0.6897687914775207, 
        -0.30053899652629207
      ], 
      [
        -0.3397487971536267, 
        -0.6290805064188658, 
        0.6991626998857373
      ]
    ], 
    "trans_mat": [
      0.05421455759394677, 
      0.052261448213435494, 
      0.7522227763709654
    ]
  }, 
  {
    "img": "/media/hdd/YCBvideo/YCB_Video_Dataset/YCB_Video_Dataset/data/0024/000024-label.png", 
    "mask": "/media/hdd/YCBvideo/YCB_Video_Dataset/Generated_YCB_Video_Dataset/mask/0024/000024-mask-00.png", 
    "depth_minmax": [
      0.631, 
      0.697
    ], 
    "model": "/media/hdd/YCBvideo/YCB_Video_Dataset/YCB_Video_Dataset/models/006_mustard_bottle/textured.obj", 
    "rot_mat": [
      [
        -0.7313511300302862, 
        -0.681755621965787, 
        0.01828855275476402
      ], 
      [
        -0.297888632369886, 
        0.2952060074008877, 
        -0.9078080277494607
      ], 
      [
        0.6135052182842788, 
        -0.6693742014594126, 
        -0.4189858356808857
      ]
    ], 
    "trans_mat": [
      -0.10119899633870325, 
      0.0398741001155044, 
      0.68709631227244
    ]
  }, 
  {
    "img": "/media/hdd/YCBvideo/YCB_Video_Dataset/YCB_Video_Dataset/data/0024/000024-label.png", 
    "mask": "/media/hdd/YCBvideo/YCB_Video_Dataset/Generated_YCB_Video_Dataset/mask/0024/000024-mask-01.png", 
    "depth_minmax": [
      0.695, 
      0.78
    ], 
    "model": "/media/hdd/YCBvideo/YCB_Video_Dataset/YCB_Video_Dataset/models/008_pudding_box/textured.obj", 
    "rot_mat": [
      [
        -0.6716819631193699, 
        -0.3580254377975906, 
        -0.64858361013202
      ], 
      [
        0.658227604152291, 
        -0.690158788999812, 
        -0.30069413179226645
      ], 
      [
        -0.33996993219629734, 
        -0.6288864553650799, 
        0.6992293995153457
      ]
    ], 
    "trans_mat": [
      0.05408040260885987, 
      0.05282298804453097, 
      0.7521201798797758
    ]
  }, 
  {
