[
  {
    "img": "/media/hdd/YCBvideo/YCB_Video_Dataset/YCB_Video_Dataset/data/0025/000001-label.png", 
    "mask": "/media/hdd/YCBvideo/YCB_Video_Dataset/Generated_YCB_Video_Dataset/mask/0025/000001-mask-00.png", 
    "depth_minmax": [
      0.674, 
      0.848
    ], 
    "model": "/media/hdd/YCBvideo/YCB_Video_Dataset/YCB_Video_Dataset/models/003_cracker_box/textured.obj", 
    "rot_mat": [
      [
        0.949302585067067, 
        -0.1460051700207416, 
        0.27840222941850873
      ], 
      [
        0.28641043782578507, 
        0.7667720193518862, 
        -0.5744819501042727
      ], 
      [
        -0.12959432840822666, 
        0.6250941364123658, 
        0.7697161649037916
      ]
    ], 
    "trans_mat": [
      -0.10772795152381942, 
      -0.022241449367112465, 
      0.8071641210322313
    ]
  }, 
  {
    "img": "/media/hdd/YCBvideo/YCB_Video_Dataset/YCB_Video_Dataset/data/0025/000001-label.png", 
    "mask": "/media/hdd/YCBvideo/YCB_Video_Dataset/Generated_YCB_Video_Dataset/mask/0025/000001-mask-01.png", 
    "depth_minmax": [
      0.726, 
      0.821
    ], 
    "model": "/media/hdd/YCBvideo/YCB_Video_Dataset/YCB_Video_Dataset/models/004_sugar_box/textured.obj", 
    "rot_mat": [
      [
        0.351681324329961, 
        0.09621247972161188, 
        -0.9311625977334382
      ], 
      [
        0.6016459386481263, 
        -0.7852892715614446, 
        0.14608967733061123
      ], 
      [
        -0.717176244447093, 
        -0.611607295977731, 
        -0.33405773020238333
      ]
    ], 
    "trans_mat": [
      0.10132170779698357, 
      0.07011222041800158, 
      0.7868233607439329
    ]
  }, 
  {
    "img": "/media/hdd/YCBvideo/YCB_Video_Dataset/YCB_Video_Dataset/data/0025/000002-label.png", 
    "mask": "/media/hdd/YCBvideo/YCB_Video_Dataset/Generated_YCB_Video_Dataset/mask/0025/000002-mask-00.png", 
    "depth_minmax": [
      0.674, 
      0.849
    ], 
    "model": "/media/hdd/YCBvideo/YCB_Video_Dataset/YCB_Video_Dataset/models/003_cracker_box/textured.obj", 
    "rot_mat": [
      [
        0.9497109029052317, 
        -0.14615814092193186, 
        0.2769228777638455
      ], 
      [
        0.28542379352268277, 
        0.7677730941431424, 
        -0.5736362715392217
      ], 
      [
        -0.1287730696682663, 
        0.6238288628143133, 
        0.7708801531039234
      ]
    ], 
    "trans_mat": [
      -0.10915229776136423, 
      -0.022099515668458275, 
      0.8072469104009092
    ]
  }, 
  {
    "img": "/media/hdd/YCBvideo/YCB_Video_Dataset/YCB_Video_Dataset/data/0025/000002-label.png", 
    "mask": "/media/hdd/YCBvideo/YCB_Video_Dataset/Generated_YCB_Video_Dataset/mask/0025/000002-mask-01.png", 
    "depth_minmax": [
      0.727, 
      0.826
    ], 
    "model": "/media/hdd/YCBvideo/YCB_Video_Dataset/YCB_Video_Dataset/models/004_sugar_box/textured.obj", 
    "rot_mat": [
      [
        0.3531149221307787, 
        0.09633245429734802, 
        -0.9306067148688286
      ], 
      [
        0.6003401347097147, 
        -0.7862291965341316, 
        0.14640937065902435
      ], 
      [
        -0.7175666253970735, 
        -0.6103802032875477, 
        -0.3354620445623933
      ]
    ], 
    "trans_mat": [
      0.10000160212353626, 
      0.07004837161763494, 
      0.7870458893829883
    ]
  }, 
  {
    "img": "/media/hdd/YCBvideo/YCB_Video_Dataset/YCB_Video_Dataset/data/0025/000003-label.png", 
    "mask": "/media/hdd/YCBvideo/YCB_Video_Dataset/Generated_YCB_Video_Dataset/mask/0025/000003-mask-00.png", 
    "depth_minmax": [
      0.674, 
      0.848
    ], 
    "model": "/media/hdd/YCBvideo/YCB_Video_Dataset/YCB_Video_Dataset/models/003_cracker_box/textured.obj", 
    "rot_mat": [
      [
        0.950002056962377, 
        -0.14790664351329286, 
        0.27499180244729776
      ], 
      [
        0.28566893160766144, 
        0.7672467622987501, 
        -0.5742167536499242
      ], 
      [
        -0.12605697305825758, 
        0.6240634751274582, 
        0.7711380287111784
      ]
    ], 
    "trans_mat": [
      -0.11019905054321158, 
      -0.02255101957636482, 
      0.8069652168336656
    ]
  }, 
  {
    "img": "/media/hdd/YCBvideo/YCB_Video_Dataset/YCB_Video_Dataset/data/0025/000003-label.png", 
    "mask": "/media/hdd/YCBvideo/YCB_Video_Dataset/Generated_YCB_Video_Dataset/mask/0025/000003-mask-01.png", 
    "depth_minmax": [
      0.726, 
      0.826
    ], 
    "model": "/media/hdd/YCBvideo/YCB_Video_Dataset/YCB_Video_Dataset/models/004_sugar_box/textured.obj", 
    "rot_mat": [
      [
        0.3549007385119204, 
        0.09804869561643399, 
        -0.9297485445256065
      ], 
      [
        0.6009714099828686, 
        -0.7857211252392414, 
        0.14654140062551477
      ], 
      [
        -0.7161546098645202, 
        -0.6107601550806946, 
        -0.33777733436735796
      ]
    ], 
    "trans_mat": [
      0.09899317917000114, 
      0.06964423341629947, 
      0.787385970786365
    ]
  }, 
  {
    "img": "/media/hdd/YCBvideo/YCB_Video_Dataset/YCB_Video_Dataset/data/0025/000004-label.png", 
    "mask": "/media/hdd/YCBvideo/YCB_Video_Dataset/Generated_YCB_Video_Dataset/mask/0025/000004-mask-00.png", 
    "depth_minmax": [
      0.674, 
      0.842
    ], 
    "model": "/media/hdd/YCBvideo/YCB_Video_Dataset/YCB_Video_Dataset/models/003_cracker_box/textured.obj", 
    "rot_mat": [
      [
        0.950010736837184, 
        -0.14843868358809637, 
        0.2746752658167766
      ], 
      [
        0.2859188686069039, 
        0.7670344565416934, 
        -0.5743774520798385
      ], 
      [
        -0.12542645751723316, 
        0.6241986644104065, 
        0.771132164770744
      ]
    ], 
    "trans_mat": [
      -0.11075515881441719, 
      -0.022764541933569957, 
      0.8066756580382685
    ]
  }, 
  {
    "img": "/media/hdd/YCBvideo/YCB_Video_Dataset/YCB_Video_Dataset/data/0025/000004-label.png", 
    "mask": "/media/hdd/YCBvideo/YCB_Video_Dataset/Generated_YCB_Video_Dataset/mask/0025/000004-mask-01.png", 
    "depth_minmax": [
      0.726, 
      0.826
    ], 
    "model": "/media/hdd/YCBvideo/YCB_Video_Dataset/YCB_Video_Dataset/models/004_sugar_box/textured.obj", 
    "rot_mat": [
      [
        0.3551794782001337, 
        0.0985771997984296, 
        -0.9295862950494921
      ], 
      [
        0.6012578045408691, 
        -0.785523864879713, 
        0.14642989922159025
      ], 
      [
        -0.7157773526961995, 
        -0.610929432638724, 
        -0.33827219004059983
      ]
    ], 
    "trans_mat": [
      0.09842770127453068, 
      0.0694834158003797, 
      0.7872436681596355
    ]
  }, 
  {
    "img": "/media/hdd/YCBvideo/YCB_Video_Dataset/YCB_Video_Dataset/data/0025/000005-label.png", 
    "mask": "/media/hdd/YCBvideo/YCB_Video_Dataset/Generated_YCB_Video_Dataset/mask/0025/000005-mask-00.png", 
    "depth_minmax": [
      0.674, 
      0.848
    ], 
    "model": "/media/hdd/YCBvideo/YCB_Video_Dataset/YCB_Video_Dataset/models/003_cracker_box/textured.obj", 
    "rot_mat": [
      [
        0.9503271360074395, 
        -0.14857156100148694, 
        0.27350528018744924
      ], 
      [
        0.2853516804166375, 
        0.7668261615733025, 
        -0.5749364200426272
      ], 
      [
        -0.12431244348354971, 
        0.6244229021839508, 
        0.7711311823872953
      ]
    ], 
    "trans_mat": [
      -0.11137778871853299, 
      -0.02309214557239592, 
      0.806329586039761
    ]
  }, 
  {
    "img": "/media/hdd/YCBvideo/YCB_Video_Dataset/YCB_Video_Dataset/data/0025/000005-label.png", 
    "mask": "/media/hdd/YCBvideo/YCB_Video_Dataset/Generated_YCB_Video_Dataset/mask/0025/000005-mask-01.png", 
    "depth_minmax": [
      0.726, 
      0.826
    ], 
    "model": "/media/hdd/YCBvideo/YCB_Video_Dataset/YCB_Video_Dataset/models/004_sugar_box/textured.obj", 
    "rot_mat": [
      [
        0.35630982178679427, 
        0.09868431801359631, 
        -0.9291419092956532
      ], 
      [
        0.6013730120746474, 
        -0.7852890735449618, 
        0.14721037019367553
      ], 
      [
        -0.715117743198025, 
        -0.6112138534563898, 
        -0.33915271815943554
      ]
    ], 
    "trans_mat": [
      0.0978856989475369, 
      0.06902688692952931, 
      0.7871572711111281
    ]
  }, 
  {
    "img": "/media/hdd/YCBvideo/YCB_Video_Dataset/YCB_Video_Dataset/data/0025/000006-label.png", 
    "mask": "/media/hdd/YCBvideo/YCB_Video_Dataset/Generated_YCB_Video_Dataset/mask/0025/000006-mask-00.png", 
    "depth_minmax": [
      0.673, 
      0.847
    ], 
    "model": "/media/hdd/YCBvideo/YCB_Video_Dataset/YCB_Video_Dataset/models/003_cracker_box/textured.obj", 
    "rot_mat": [
      [
        0.9502901269847144, 
        -0.14903668179975824, 
        0.2733820521125254
      ], 
      [
        0.2855793057619453, 
        0.767056412829243, 
        -0.5745161352182071
      ], 
      [
        -0.12407635794435815, 
        0.6240291955049835, 
        0.771488203463977
      ]
    ], 
    "trans_mat": [
      -0.11151126579675097, 
      -0.022431077168414842, 
      0.8059694029378758
    ]
  }, 
  {
    "img": "/media/hdd/YCBvideo/YCB_Video_Dataset/YCB_Video_Dataset/data/0025/000006-label.png", 
    "mask": "/media/hdd/YCBvideo/YCB_Video_Dataset/Generated_YCB_Video_Dataset/mask/0025/000006-mask-01.png", 
    "depth_minmax": [
      0.726, 
      0.821
    ], 
    "model": "/media/hdd/YCBvideo/YCB_Video_Dataset/YCB_Video_Dataset/models/004_sugar_box/textured.obj", 
    "rot_mat": [
      [
        0.3564040261036538, 
        0.09914986863720175, 
        -0.9290565842545229
      ], 
      [
        0.6011644388679589, 
        -0.7855283357407664, 
        0.1467852594103935
      ], 
      [
        -0.7152467399795067, 
        -0.610831007206641, 
        -0.3395710410438263
      ]
    ], 
    "trans_mat": [
      0.09773226962685472, 
      0.06974168037334776, 
      0.7868361961796289
    ]
  }, 
  {
    "img": "/media/hdd/YCBvideo/YCB_Video_Dataset/YCB_Video_Dataset/data/0025/000007-label.png", 
    "mask": "/media/hdd/YCBvideo/YCB_Video_Dataset/Generated_YCB_Video_Dataset/mask/0025/000007-mask-00.png", 
    "depth_minmax": [
      0.673, 
      0.847
    ], 
    "model": "/media/hdd/YCBvideo/YCB_Video_Dataset/YCB_Video_Dataset/models/003_cracker_box/textured.obj", 
    "rot_mat": [
      [
        0.950817532085298, 
        -0.14954097434905284, 
        0.27126151697274753
      ], 
      [
        0.28445300146218905, 
        0.7681815696280712, 
        -0.5735714824315596
      ], 
      [
        -0.12260659735690019, 
        0.6225228042957547, 
        0.7729384923744778
      ]
    ], 
    "trans_mat": [
      -0.11342512029225588, 
      -0.02072913387007932, 
      0.8056969157711644
    ]
  }, 
  {
    "img": "/media/hdd/YCBvideo/YCB_Video_Dataset/YCB_Video_Dataset/data/0025/000007-label.png", 
    "mask": "/media/hdd/YCBvideo/YCB_Video_Dataset/Generated_YCB_Video_Dataset/mask/0025/000007-mask-01.png", 
    "depth_minmax": [
      0.726, 
      0.821
    ], 
    "model": "/media/hdd/YCBvideo/YCB_Video_Dataset/YCB_Video_Dataset/models/004_sugar_box/textured.obj", 
    "rot_mat": [
      [
        0.3584352194038331, 
        0.09960957980609131, 
        -0.9282246883141401
      ], 
      [
        0.5996910533940067, 
        -0.786583861767211, 
        0.1471619608511411
      ], 
      [
        -0.7154683241789341, 
        -0.6093963365481072, 
        -0.34167469755457963
      ]
    ], 
    "trans_mat": [
      0.09594680438460645, 
      0.07120844456874996, 
      0.7868413483177903
    ]
  }, 
  {
    "img": "/media/hdd/YCBvideo/YCB_Video_Dataset/YCB_Video_Dataset/data/0025/000008-label.png", 
    "mask": "/media/hdd/YCBvideo/YCB_Video_Dataset/Generated_YCB_Video_Dataset/mask/0025/000008-mask-00.png", 
    "depth_minmax": [
      0.673, 
      0.848
    ], 
    "model": "/media/hdd/YCBvideo/YCB_Video_Dataset/YCB_Video_Dataset/models/003_cracker_box/textured.obj", 
    "rot_mat": [
      [
        0.9519407630790655, 
        -0.15065895010691366, 
        0.2666665001132314
      ], 
      [
        0.2824695284886873, 
        0.7684404168624602, 
        -0.5742040598874358
      ], 
      [
        -0.11840864593330452, 
        0.6219330542647998, 
        0.7740659130673926
      ]
    ], 
    "trans_mat": [
      -0.1170760007893894, 
      -0.021370511413874867, 
      0.8052999678340312
    ]
  }, 
  {
    "img": "/media/hdd/YCBvideo/YCB_Video_Dataset/YCB_Video_Dataset/data/0025/000008-label.png", 
    "mask": "/media/hdd/YCBvideo/YCB_Video_Dataset/Generated_YCB_Video_Dataset/mask/0025/000008-mask-01.png", 
    "depth_minmax": [
      0.726, 
      0.826
    ], 
    "model": "/media/hdd/YCBvideo/YCB_Video_Dataset/YCB_Video_Dataset/models/004_sugar_box/textured.obj", 
    "rot_mat": [
      [
        0.3628258578379974, 
        0.10063197890824471, 
        -0.926407363692702
      ], 
      [
        0.5989987157631278, 
        -0.7867391057102194, 
        0.14913626778071692
      ], 
      [
        -0.7138323370088117, 
        -0.6090274351449717, 
        -0.3457279837665322
      ]
    ], 
    "trans_mat": [
      0.09256897479854626, 
      0.07012953902884289, 
      0.7873714797536105
    ]
  }, 
  {
    "img": "/media/hdd/YCBvideo/YCB_Video_Dataset/YCB_Video_Dataset/data/0025/000009-label.png", 
    "mask": "/media/hdd/YCBvideo/YCB_Video_Dataset/Generated_YCB_Video_Dataset/mask/0025/000009-mask-00.png", 
    "depth_minmax": [
      0.673, 
      0.846
    ], 
    "model": "/media/hdd/YCBvideo/YCB_Video_Dataset/YCB_Video_Dataset/models/003_cracker_box/textured.obj", 
    "rot_mat": [
      [
        0.9526372008199294, 
        -0.15127916238616834, 
        0.26381154068044715
      ], 
      [
        0.2814049309404961, 
        0.7674066784351412, 
        -0.5761061344931452
      ], 
      [
        -0.1152985473776566, 
        0.6230584934065367, 
        0.7736305659335049
      ]
    ], 
    "trans_mat": [
      -0.11977632998517926, 
      -0.023793476220447866, 
      0.804651325976681
    ]
  }, 
  {
    "img": "/media/hdd/YCBvideo/YCB_Video_Dataset/YCB_Video_Dataset/data/0025/000009-label.png", 
    "mask": "/media/hdd/YCBvideo/YCB_Video_Dataset/Generated_YCB_Video_Dataset/mask/0025/000009-mask-01.png", 
    "depth_minmax": [
      0.726, 
      0.826
    ], 
    "model": "/media/hdd/YCBvideo/YCB_Video_Dataset/YCB_Video_Dataset/models/004_sugar_box/textured.obj", 
    "rot_mat": [
      [
        0.3655501169062844, 
        0.10119299804212845, 
        -0.9252741632027128
      ], 
      [
        0.5999217008352854, 
        -0.7856627035148851, 
        0.1510880181762212
      ], 
      [
        -0.7116640080036356, 
        -0.6103232387785931, 
        -0.34790699361842686
      ]
    ], 
    "trans_mat": [
      0.09004001987987797, 
      0.06745582493388805, 
      0.7874661170043618
    ]
  }, 
  {
    "img": "/media/hdd/YCBvideo/YCB_Video_Dataset/YCB_Video_Dataset/data/0025/000010-label.png", 
    "mask": "/media/hdd/YCBvideo/YCB_Video_Dataset/Generated_YCB_Video_Dataset/mask/0025/000010-mask-00.png", 
    "depth_minmax": [
      0.673, 
      0.845
    ], 
    "model": "/media/hdd/YCBvideo/YCB_Video_Dataset/YCB_Video_Dataset/models/003_cracker_box/textured.obj", 
    "rot_mat": [
      [
        0.9526857819775266, 
        -0.15161513466011037, 
        0.2634434045079621
      ], 
      [
        0.2814268667068983, 
        0.7674443636406382, 
        -0.5760446695910778
      ], 
      [
        -0.11484201712238525, 
        0.6229295962359002, 
        0.7738026920749299
      ]
    ], 
    "trans_mat": [
      -0.11988130272723183, 
      -0.023530873684792133, 
      0.8041704612074211
    ]
  }, 
  {
    "img": "/media/hdd/YCBvideo/YCB_Video_Dataset/YCB_Video_Dataset/data/0025/000010-label.png", 
    "mask": "/media/hdd/YCBvideo/YCB_Video_Dataset/Generated_YCB_Video_Dataset/mask/0025/000010-mask-01.png", 
    "depth_minmax": [
      0.726, 
      0.826
    ], 
    "model": "/media/hdd/YCBvideo/YCB_Video_Dataset/YCB_Video_Dataset/models/004_sugar_box/textured.obj", 
    "rot_mat": [
      [
        0.3658865142987925, 
        0.10152319222762891, 
        -0.9251051359072717
      ], 
      [
        0.5998842421229942, 
        -0.7857010837894723, 
        0.15103507398855381
      ], 
      [
        -0.7115232134274239, 
        -0.6102181019535211, 
        -0.34838005265558325
      ]
    ], 
    "trans_mat": [
      0.08994070597520346, 
      0.06772381181600304, 
      0.7870837663155875
    ]
  }, 
  {
    "img": "/media/hdd/YCBvideo/YCB_Video_Dataset/YCB_Video_Dataset/data/0025/000011-label.png", 
    "mask": "/media/hdd/YCBvideo/YCB_Video_Dataset/Generated_YCB_Video_Dataset/mask/0025/000011-mask-00.png", 
    "depth_minmax": [
      0.671, 
      0.845
    ], 
    "model": "/media/hdd/YCBvideo/YCB_Video_Dataset/YCB_Video_Dataset/models/003_cracker_box/textured.obj", 
    "rot_mat": [
      [
        0.9526882291579261, 
        -0.1501900433549345, 
        0.26425097226682537
      ], 
      [
        0.28068188819103845, 
        0.7683229469384252, 
        -0.5752376667611083
      ], 
      [
        -0.11663573326413182, 
        0.6221915362826579, 
        0.7741279130603335
      ]
    ], 
    "trans_mat": [
      -0.11904177996169998, 
      -0.022216610567655243, 
      0.8040526680700781
    ]
  }, 
  {
    "img": "/media/hdd/YCBvideo/YCB_Video_Dataset/YCB_Video_Dataset/data/0025/000011-label.png", 
    "mask": "/media/hdd/YCBvideo/YCB_Video_Dataset/Generated_YCB_Video_Dataset/mask/0025/000011-mask-01.png", 
    "depth_minmax": [
      0.726, 
      0.821
    ], 
    "model": "/media/hdd/YCBvideo/YCB_Video_Dataset/YCB_Video_Dataset/models/004_sugar_box/textured.obj", 
    "rot_mat": [
      [
        0.36518751439681635, 
        0.10010588780515181, 
        -0.9255360697669204
      ], 
      [
        0.5987588479532705, 
        -0.7865321052270541, 
        0.1511801403277015
      ], 
      [
        -0.7128296567393085, 
        -0.6093813891670371, 
        -0.3471713210152565
      ]
    ], 
    "trans_mat": [
      0.09081159614123924, 
      0.06888430925393293, 
      0.7865340618600992
    ]
  }, 
  {
    "img": "/media/hdd/YCBvideo/YCB_Video_Dataset/YCB_Video_Dataset/data/0025/000012-label.png", 
    "mask": "/media/hdd/YCBvideo/YCB_Video_Dataset/Generated_YCB_Video_Dataset/mask/0025/000012-mask-00.png", 
    "depth_minmax": [
      0.672, 
      0.846
    ], 
    "model": "/media/hdd/YCBvideo/YCB_Video_Dataset/YCB_Video_Dataset/models/003_cracker_box/textured.obj", 
    "rot_mat": [
      [
        0.9533006187810673, 
        -0.14865835041386855, 
        0.2629046225127576
      ], 
      [
        0.2783388108825137, 
        0.7703373403481877, 
        -0.5736790020268998
      ], 
      [
        -0.11724387226751157, 
        0.6200651238514032, 
        0.775740477389024
      ]
    ], 
    "trans_mat": [
      -0.11862364990667698, 
      -0.020698920047228495, 
      0.8040770511903699
    ]
  }, 
  {
    "img": "/media/hdd/YCBvideo/YCB_Video_Dataset/YCB_Video_Dataset/data/0025/000012-label.png", 
    "mask": "/media/hdd/YCBvideo/YCB_Video_Dataset/Generated_YCB_Video_Dataset/mask/0025/000012-mask-01.png", 
    "depth_minmax": [
      0.726, 
      0.825
    ], 
    "model": "/media/hdd/YCBvideo/YCB_Video_Dataset/YCB_Video_Dataset/models/004_sugar_box/textured.obj", 
    "rot_mat": [
      [
        0.3665724421089572, 
        0.0985335956399382, 
        -0.9251570817878659
      ], 
      [
        0.5960313469150406, 
        -0.788405043431867, 
        0.15219505573136
      ], 
      [
        -0.7144021500260866, 
        -0.6072135965303244, 
        -0.3477367972832222
      ]
    ], 
    "trans_mat": [
      0.0914254608357098, 
      0.0699080262289179, 
      0.7863444784264334
    ]
  }, 
  {
    "img": "/media/hdd/YCBvideo/YCB_Video_Dataset/YCB_Video_Dataset/data/0025/000013-label.png", 
    "mask": "/media/hdd/YCBvideo/YCB_Video_Dataset/Generated_YCB_Video_Dataset/mask/0025/000013-mask-00.png", 
    "depth_minmax": [
      0.673, 
      0.841
    ], 
    "model": "/media/hdd/YCBvideo/YCB_Video_Dataset/YCB_Video_Dataset/models/003_cracker_box/textured.obj", 
    "rot_mat": [
      [
        0.9536841678720966, 
        -0.1474612397478023, 
        0.26218898653107503
      ], 
      [
        0.27678636265938744, 
        0.7714955217846047, 
        -0.5728738091895168
      ], 
      [
        -0.11780158421505794, 
        0.6189103990045345, 
        0.7765773139957524
      ]
    ], 
    "trans_mat": [
      -0.11854324195390589, 
      -0.020407507751205575, 
      0.8041824079181653
    ]
  }, 
  {
    "img": "/media/hdd/YCBvideo/YCB_Video_Dataset/YCB_Video_Dataset/data/0025/000013-label.png", 
    "mask": "/media/hdd/YCBvideo/YCB_Video_Dataset/Generated_YCB_Video_Dataset/mask/0025/000013-mask-01.png", 
    "depth_minmax": [
      0.726, 
      0.821
    ], 
    "model": "/media/hdd/YCBvideo/YCB_Video_Dataset/YCB_Video_Dataset/models/004_sugar_box/textured.obj", 
    "rot_mat": [
      [
        0.3673286799546435, 
        0.09731232739976509, 
        -0.9249870049732578
      ], 
      [
        0.5944129211909935, 
        -0.7894713945523605, 
        0.15299717982994102
      ], 
      [
        -0.715361284989134, 
        -0.6060243226198767, 
        -0.347838845514498
      ]
    ], 
    "trans_mat": [
      0.09163367651917856, 
      0.06986967212108207, 
      0.7862822935121394
    ]
  }, 
  {
    "img": "/media/hdd/YCBvideo/YCB_Video_Dataset/YCB_Video_Dataset/data/0025/000014-label.png", 
    "mask": "/media/hdd/YCBvideo/YCB_Video_Dataset/Generated_YCB_Video_Dataset/mask/0025/000014-mask-00.png", 
    "depth_minmax": [
      0.673, 
      0.846
    ], 
    "model": "/media/hdd/YCBvideo/YCB_Video_Dataset/YCB_Video_Dataset/models/003_cracker_box/textured.obj", 
    "rot_mat": [
      [
        0.9521097245437684, 
        -0.15066077066898703, 
        0.26606064635739257
      ], 
      [
        0.281260868507292, 
        0.7728350857664357, 
        -0.5688752716231632
      ], 
      [
        -0.11991420719223193, 
        0.6164637118075699, 
        0.7781983738578808
      ]
    ], 
    "trans_mat": [
      -0.11652088617470202, 
      -0.017520894552054942, 
      0.8045706106251796
    ]
  }, 
  {
    "img": "/media/hdd/YCBvideo/YCB_Video_Dataset/YCB_Video_Dataset/data/0025/000014-label.png", 
    "mask": "/media/hdd/YCBvideo/YCB_Video_Dataset/Generated_YCB_Video_Dataset/mask/0025/000014-mask-01.png", 
    "depth_minmax": [
      0.726, 
      0.821
    ], 
    "model": "/media/hdd/YCBvideo/YCB_Video_Dataset/YCB_Video_Dataset/models/004_sugar_box/textured.obj", 
    "rot_mat": [
      [
        0.3634116842209154, 
        0.10062028305706656, 
        -0.9261787148541785
      ], 
      [
        0.5938444868070426, 
        -0.7910233846685302, 
        0.14707500457331624
      ], 
      [
        -0.7178296505173402, 
        -0.6034549524749461, 
        -0.3472201484678363
      ]
    ], 
    "trans_mat": [
      0.09316885321204549, 
      0.07376931467577026, 
      0.7861052804710701
    ]
  }, 
  {
    "img": "/media/hdd/YCBvideo/YCB_Video_Dataset/YCB_Video_Dataset/data/0025/000015-label.png", 
    "mask": "/media/hdd/YCBvideo/YCB_Video_Dataset/Generated_YCB_Video_Dataset/mask/0025/000015-mask-00.png", 
    "depth_minmax": [
      0.673, 
      0.841
    ], 
    "model": "/media/hdd/YCBvideo/YCB_Video_Dataset/YCB_Video_Dataset/models/003_cracker_box/textured.obj", 
    "rot_mat": [
      [
        0.9513070474491188, 
        -0.15374843347228495, 
        0.26716493737600094
      ], 
      [
        0.28358853074930446, 
        0.7762133457556858, 
        -0.5630894090900178
      ], 
      [
        -0.12080355618572076, 
        0.6114351838272372, 
        0.7820191773819984
      ]
    ], 
    "trans_mat": [
      -0.11592065534001839, 
      -0.012204288087092514, 
      0.8055783939126572
    ]
  }, 
  {
    "img": "/media/hdd/YCBvideo/YCB_Video_Dataset/YCB_Video_Dataset/data/0025/000015-label.png", 
    "mask": "/media/hdd/YCBvideo/YCB_Video_Dataset/Generated_YCB_Video_Dataset/mask/0025/000015-mask-01.png", 
    "depth_minmax": [
      0.726, 
      0.821
    ], 
    "model": "/media/hdd/YCBvideo/YCB_Video_Dataset/YCB_Video_Dataset/models/004_sugar_box/textured.obj", 
    "rot_mat": [
      [
        0.3621659707340361, 
        0.10375481206561366, 
        -0.9263213140917984
      ], 
      [
        0.590482315252204, 
        -0.7944816020318227, 
        0.1418746774288811
      ], 
      [
        -0.7212254315650093, 
        -0.5983583249474763, 
        -0.34900021074590953
      ]
    ], 
    "trans_mat": [
      0.09348968721040926, 
      0.07964789411434749, 
      0.7867318660911394
    ]
  }, 
  {
    "img": "/media/hdd/YCBvideo/YCB_Video_Dataset/YCB_Video_Dataset/data/0025/000016-label.png", 
    "mask": "/media/hdd/YCBvideo/YCB_Video_Dataset/Generated_YCB_Video_Dataset/mask/0025/000016-mask-00.png", 
    "depth_minmax": [
      0.674, 
      0.846
    ], 
    "model": "/media/hdd/YCBvideo/YCB_Video_Dataset/YCB_Video_Dataset/models/003_cracker_box/textured.obj", 
    "rot_mat": [
      [
        0.9524184735380289, 
        -0.15408790364689823, 
        0.26297511708574545
      ], 
      [
        0.2806450432208871, 
        0.7799272621944986, 
        -0.5594204807697993
      ], 
      [
        -0.11890232482600183, 
        0.6066047193304112, 
        0.7860622808344213
      ]
    ], 
    "trans_mat": [
      -0.11841367263243346, 
      -0.008977275677001764, 
      0.8068962258575271
    ]
  }, 
  {
    "img": "/media/hdd/YCBvideo/YCB_Video_Dataset/YCB_Video_Dataset/data/0025/000016-label.png", 
    "mask": "/media/hdd/YCBvideo/YCB_Video_Dataset/Generated_YCB_Video_Dataset/mask/0025/000016-mask-01.png", 
    "depth_minmax": [
      0.726, 
      0.826
    ], 
    "model": "/media/hdd/YCBvideo/YCB_Video_Dataset/YCB_Video_Dataset/models/004_sugar_box/textured.obj", 
    "rot_mat": [
      [
        0.36619564603805593, 
        0.10400341591116226, 
        -0.9247073143682304
      ], 
      [
        0.5856422909350328, 
        -0.7980037945333176, 
        0.14216897946640136
      ], 
      [
        -0.7231347208090402, 
        -0.5936094558042394, 
        -0.3531351372038867
      ]
    ], 
    "trans_mat": [
      0.09128424417871964, 
      0.08226900118313966, 
      0.7883065893066195
    ]
  }, 
  {
    "img": "/media/hdd/YCBvideo/YCB_Video_Dataset/YCB_Video_Dataset/data/0025/000017-label.png", 
    "mask": "/media/hdd/YCBvideo/YCB_Video_Dataset/Generated_YCB_Video_Dataset/mask/0025/000017-mask-00.png", 
    "depth_minmax": [
      0.675, 
      0.844
    ], 
    "model": "/media/hdd/YCBvideo/YCB_Video_Dataset/YCB_Video_Dataset/models/003_cracker_box/textured.obj", 
    "rot_mat": [
      [
        0.9522332256595502, 
        -0.1576434974234633, 
        0.2615358910024894
      ], 
      [
        0.2821124680754956, 
        0.781980831081401, 
        -0.5558037770028762
      ], 
      [
        -0.11689823026527475, 
        0.603036645976202, 
        0.7891021722392592
      ]
    ], 
    "trans_mat": [
      -0.11998065124597981, 
      -0.007059808360255571, 
      0.8080809291919125
    ]
  }, 
  {
    "img": "/media/hdd/YCBvideo/YCB_Video_Dataset/YCB_Video_Dataset/data/0025/000017-label.png", 
    "mask": "/media/hdd/YCBvideo/YCB_Video_Dataset/Generated_YCB_Video_Dataset/mask/0025/000017-mask-01.png", 
    "depth_minmax": [
      0.727, 
      0.829
    ], 
    "model": "/media/hdd/YCBvideo/YCB_Video_Dataset/YCB_Video_Dataset/models/004_sugar_box/textured.obj", 
    "rot_mat": [
      [
        0.36737194547045743, 
        0.1075534320072361, 
        -0.9238345937691167
      ], 
      [
        0.583550289257497, 
        -0.8001081061787219, 
        0.1389060923328707
      ], 
      [
        -0.724228447704269, 
        -0.5901338485950167, 
        -0.3567005830095977
      ]
    ], 
    "trans_mat": [
      0.08959219109499925, 
      0.08453897594148882, 
      0.7898169481436703
    ]
  }, 
  {
    "img": "/media/hdd/YCBvideo/YCB_Video_Dataset/YCB_Video_Dataset/data/0025/000018-label.png", 
    "mask": "/media/hdd/YCBvideo/YCB_Video_Dataset/Generated_YCB_Video_Dataset/mask/0025/000018-mask-00.png", 
    "depth_minmax": [
      0.678, 
      0.841
    ], 
    "model": "/media/hdd/YCBvideo/YCB_Video_Dataset/YCB_Video_Dataset/models/003_cracker_box/textured.obj", 
    "rot_mat": [
      [
        0.9501999009517373, 
        -0.16403246141184, 
        0.2649770932243091
      ], 
      [
        0.28857033971159984, 
        0.7841694047436077, 
        -0.549369066120933
      ], 
      [
        -0.11767319836933596, 
        0.5984742981000972, 
        0.7924529429746564
      ]
    ], 
    "trans_mat": [
      -0.12050106697362659, 
      -0.0021548183758376307, 
      0.8094115920612708
    ]
  }, 
  {
    "img": "/media/hdd/YCBvideo/YCB_Video_Dataset/YCB_Video_Dataset/data/0025/000018-label.png", 
    "mask": "/media/hdd/YCBvideo/YCB_Video_Dataset/Generated_YCB_Video_Dataset/mask/0025/000018-mask-01.png", 
    "depth_minmax": [
      0.729, 
      0.83
    ], 
    "model": "/media/hdd/YCBvideo/YCB_Video_Dataset/YCB_Video_Dataset/models/004_sugar_box/textured.obj", 
    "rot_mat": [
      [
        0.36364651951443894, 
        0.11406787588771884, 
        -0.924526219225289
      ], 
      [
        0.5821892491211612, 
        -0.8025981321063036, 
        0.12997038641821257
      ], 
      [
        -0.7271976604877877, 
        -0.5855122778521419, 
        -0.35827160447253054
      ]
    ], 
    "trans_mat": [
      0.08839675306029543, 
      0.09090609070290383, 
      0.7908102362901919
    ]
  }, 
  {
    "img": "/media/hdd/YCBvideo/YCB_Video_Dataset/YCB_Video_Dataset/data/0025/000019-label.png", 
    "mask": "/media/hdd/YCBvideo/YCB_Video_Dataset/Generated_YCB_Video_Dataset/mask/0025/000019-mask-00.png", 
    "depth_minmax": [
      0.678, 
      0.847
    ], 
    "model": "/media/hdd/YCBvideo/YCB_Video_Dataset/YCB_Video_Dataset/models/003_cracker_box/textured.obj", 
    "rot_mat": [
      [
        0.9509634335748379, 
        -0.16140724647653096, 
        0.2638483094487975
      ], 
      [
        0.28540566272826384, 
        0.7867001453066836, 
        -0.5473999880375662
      ], 
      [
        -0.11921563390947834, 
        0.595860447184872, 
        0.7941896866438273
      ]
    ], 
    "trans_mat": [
      -0.11940451828428575, 
      -0.0002865554340602166, 
      0.8110303083973953
    ]
  }, 
  {
    "img": "/media/hdd/YCBvideo/YCB_Video_Dataset/YCB_Video_Dataset/data/0025/000019-label.png", 
    "mask": "/media/hdd/YCBvideo/YCB_Video_Dataset/Generated_YCB_Video_Dataset/mask/0025/000019-mask-01.png", 
    "depth_minmax": [
      0.73, 
      0.831
    ], 
    "model": "/media/hdd/YCBvideo/YCB_Video_Dataset/YCB_Video_Dataset/models/004_sugar_box/textured.obj", 
    "rot_mat": [
      [
        0.3649060921892581, 
        0.11139705117738197, 
        -0.9243557546189931
      ], 
      [
        0.5786215032788847, 
        -0.8049390758231476, 
        0.13141546167834936
      ], 
      [
        -0.7294105320610658, 
        -0.5828061395526095, 
        -0.3581843745397546
      ]
    ], 
    "trans_mat": [
      0.0897512962410863, 
      0.09210335976561934, 
      0.7919876503650392
    ]
  }, 
  {
    "img": "/media/hdd/YCBvideo/YCB_Video_Dataset/YCB_Video_Dataset/data/0025/000020-label.png", 
    "mask": "/media/hdd/YCBvideo/YCB_Video_Dataset/Generated_YCB_Video_Dataset/mask/0025/000020-mask-00.png", 
    "depth_minmax": [
      0.679, 
      0.847
    ], 
    "model": "/media/hdd/YCBvideo/YCB_Video_Dataset/YCB_Video_Dataset/models/003_cracker_box/textured.obj", 
    "rot_mat": [
      [
        0.9509971349537683, 
        -0.158359857484305, 
        0.2655699355255074
      ], 
      [
        0.2837566394492813, 
        0.78817651928953, 
        -0.5461310600406355
      ], 
      [
        -0.1228314947315611, 
        0.5947260190627909, 
        0.7944892132560941
      ]
    ], 
    "trans_mat": [
      -0.11554988254927037, 
      0.0005540857353735873, 
      0.8124147121599454
    ]
  }, 
  {
    "img": "/media/hdd/YCBvideo/YCB_Video_Dataset/YCB_Video_Dataset/data/0025/000020-label.png", 
    "mask": "/media/hdd/YCBvideo/YCB_Video_Dataset/Generated_YCB_Video_Dataset/mask/0025/000020-mask-01.png", 
    "depth_minmax": [
      0.73, 
      0.832
    ], 
    "model": "/media/hdd/YCBvideo/YCB_Video_Dataset/YCB_Video_Dataset/models/004_sugar_box/textured.obj", 
    "rot_mat": [
      [
        0.3634326276048784, 
        0.10836472946360977, 
        -0.9252968380694048
      ], 
      [
        0.5765621528587308, 
        -0.8063145769481763, 
        0.13202881340538727
      ], 
      [
        -0.7317729019861543, 
        -0.5814748596163641, 
        -0.35552017097518634
      ]
    ], 
    "trans_mat": [
      0.09367954040552753, 
      0.09259615998540192, 
      0.7925148746299701
    ]
  }, 
  {
    "img": "/media/hdd/YCBvideo/YCB_Video_Dataset/YCB_Video_Dataset/data/0025/000021-label.png", 
    "mask": "/media/hdd/YCBvideo/YCB_Video_Dataset/Generated_YCB_Video_Dataset/mask/0025/000021-mask-00.png", 
    "depth_minmax": [
      0.682, 
      0.849
    ], 
    "model": "/media/hdd/YCBvideo/YCB_Video_Dataset/YCB_Video_Dataset/models/003_cracker_box/textured.obj", 
    "rot_mat": [
      [
        0.949748479145441, 
        -0.15733384851291374, 
        0.2705985913752634
      ], 
      [
        0.2856045126370107, 
        0.7893540341495993, 
        -0.5434617050820392
      ], 
      [
        -0.12809332201680784, 
        0.593435670919215, 
        0.794623685517745
      ]
    ], 
    "trans_mat": [
      -0.11045882629375889, 
      0.002818834014055019, 
      0.8139894549411061
    ]
  }, 
  {
    "img": "/media/hdd/YCBvideo/YCB_Video_Dataset/YCB_Video_Dataset/data/0025/000021-label.png", 
    "mask": "/media/hdd/YCBvideo/YCB_Video_Dataset/Generated_YCB_Video_Dataset/mask/0025/000021-mask-01.png", 
    "depth_minmax": [
      0.732, 
      0.828
    ], 
    "model": "/media/hdd/YCBvideo/YCB_Video_Dataset/YCB_Video_Dataset/models/004_sugar_box/textured.obj", 
    "rot_mat": [
      [
        0.3586235687224602, 
        0.10744407535259776, 
        -0.9272778823043234
      ], 
      [
        0.575489295862032, 
        -0.8075715958637077, 
        0.1289964020915997
      ], 
      [
        -0.7349834105281668, 
        -0.5798996667774078, 
        -0.3514481588282696
      ]
    ], 
    "trans_mat": [
      0.0984619121679148, 
      0.09528578190836257, 
      0.7928553528387351
    ]
  }, 
  {
    "img": "/media/hdd/YCBvideo/YCB_Video_Dataset/YCB_Video_Dataset/data/0025/000022-label.png", 
    "mask": "/media/hdd/YCBvideo/YCB_Video_Dataset/Generated_YCB_Video_Dataset/mask/0025/000022-mask-00.png", 
    "depth_minmax": [
      0.684, 
      0.847
    ], 
    "model": "/media/hdd/YCBvideo/YCB_Video_Dataset/YCB_Video_Dataset/models/003_cracker_box/textured.obj", 
    "rot_mat": [
      [
        0.9505515300288487, 
        -0.15466419096239578, 
        0.2693159447204805
      ], 
      [
        0.28263666147260225, 
        0.7902188196500973, 
        -0.5437562131299869
      ], 
      [
        -0.12871934529080534, 
        0.5929864869986397, 
        0.7948579157863369
      ]
    ], 
    "trans_mat": [
      -0.10897267585433415, 
      0.00277956607219355, 
      0.8155081661163677
    ]
  }, 
  {
    "img": "/media/hdd/YCBvideo/YCB_Video_Dataset/YCB_Video_Dataset/data/0025/000022-label.png", 
    "mask": "/media/hdd/YCBvideo/YCB_Video_Dataset/Generated_YCB_Video_Dataset/mask/0025/000022-mask-01.png", 
    "depth_minmax": [
      0.732, 
      0.833
    ], 
    "model": "/media/hdd/YCBvideo/YCB_Video_Dataset/YCB_Video_Dataset/models/004_sugar_box/textured.obj", 
    "rot_mat": [
      [
        0.3600281654174386, 
        0.10472562705297053, 
        -0.9270448826972031
      ], 
      [
        0.5739136144509331, 
        -0.8082759775222803, 
        0.1315778352568433
      ], 
      [
        -0.7355285780690571, 
        -0.5794154759335279, 
        -0.35110627278895856
      ]
    ], 
    "trans_mat": [
      0.10021789203644896, 
      0.09459815844535704, 
      0.7942167703453727
    ]
  }, 
  {
    "img": "/media/hdd/YCBvideo/YCB_Video_Dataset/YCB_Video_Dataset/data/0025/000023-label.png", 
    "mask": "/media/hdd/YCBvideo/YCB_Video_Dataset/Generated_YCB_Video_Dataset/mask/0025/000023-mask-00.png", 
    "depth_minmax": [
      0.684, 
      0.852
    ], 
    "model": "/media/hdd/YCBvideo/YCB_Video_Dataset/YCB_Video_Dataset/models/003_cracker_box/textured.obj", 
    "rot_mat": [
      [
        0.950802791958304, 
        -0.1547842729191867, 
        0.2683591744041725
      ], 
      [
        0.2822150404244136, 
        0.7900651628459875, 
        -0.5441980252366053
      ], 
      [
        -0.127788317617223, 
        0.593159106513687, 
        0.7948791518679267
      ]
    ], 
    "trans_mat": [
      -0.10935609885958128, 
      0.001977348213703365, 
      0.8165479686684933
    ]
  }, 
  {
    "img": "/media/hdd/YCBvideo/YCB_Video_Dataset/YCB_Video_Dataset/data/0025/000023-label.png", 
    "mask": "/media/hdd/YCBvideo/YCB_Video_Dataset/Generated_YCB_Video_Dataset/mask/0025/000023-mask-01.png", 
    "depth_minmax": [
      0.735, 
      0.834
    ], 
    "model": "/media/hdd/YCBvideo/YCB_Video_Dataset/YCB_Video_Dataset/models/004_sugar_box/textured.obj", 
    "rot_mat": [
      [
        0.3609484758080541, 
        0.10482503312327632, 
        -0.9266759547208132
      ], 
      [
        0.5740202437287895, 
        -0.8081028110180278, 
        0.13217383557403817
      ], 
      [
        -0.7349943885615111, 
        -0.5796382572688481, 
        -0.35185598625570813
      ]
    ], 
    "trans_mat": [
      0.09989838691019703, 
      0.09370041265096878, 
      0.7954729544082421
    ]
  }, 
  {
    "img": "/media/hdd/YCBvideo/YCB_Video_Dataset/YCB_Video_Dataset/data/0025/000024-label.png", 
    "mask": "/media/hdd/YCBvideo/YCB_Video_Dataset/Generated_YCB_Video_Dataset/mask/0025/000024-mask-00.png", 
    "depth_minmax": [
      0.685, 
      0.853
    ], 
    "model": "/media/hdd/YCBvideo/YCB_Video_Dataset/YCB_Video_Dataset/models/003_cracker_box/textured.obj", 
    "rot_mat": [
      [
        0.9510642850788595, 
        -0.15544523102633268, 
        0.26704546445375416
      ], 
      [
        0.28178141037618076, 
        0.7909473642784878, 
        -0.5431402630246084
      ], 
      [
        -0.12679146023000015, 
        0.5918097623078886, 
        0.7960441693882592
      ]
    ], 
    "trans_mat": [
      -0.1090006664128334, 
      0.0021830528375086588, 
      0.8178872168005427
    ]
  }, 
  {
    "img": "/media/hdd/YCBvideo/YCB_Video_Dataset/YCB_Video_Dataset/data/0025/000024-label.png", 
    "mask": "/media/hdd/YCBvideo/YCB_Video_Dataset/Generated_YCB_Video_Dataset/mask/0025/000024-mask-01.png", 
    "depth_minmax": [
      0.737, 
      0.836
    ], 
    "model": "/media/hdd/YCBvideo/YCB_Video_Dataset/YCB_Video_Dataset/models/004_sugar_box/textured.obj", 
    "rot_mat": [
      [
        0.3621811061339473, 
        0.10546139277067607, 
        -0.9261221088031218
      ], 
      [
        0.572880698883189, 
        -0.8089525629425706, 
        0.1319198026708606
      ], 
      [
        -0.7352771677413591, 
        -0.5783367513317841, 
        -0.3534044821274818
      ]
    ], 
    "trans_mat": [
      0.10030890164379985, 
      0.09382065904586961, 
      0.7969895679795553
    ]
  }, 
  {
    "img": "/media/hdd/YCBvideo/YCB_Video_Dataset/YCB_Video_Dataset/data/0025/000025-label.png", 
    "mask": "/media/hdd/YCBvideo/YCB_Video_Dataset/Generated_YCB_Video_Dataset/mask/0025/000025-mask-00.png", 
    "depth_minmax": [
      0.686, 
      0.854
    ], 
