[
  {
    "img": "/media/hdd/YCBvideo/YCB_Video_Dataset/YCB_Video_Dataset/data/0026/000001-label.png", 
    "mask": "/media/hdd/YCBvideo/YCB_Video_Dataset/Generated_YCB_Video_Dataset/mask/0026/000001-mask-00.png", 
    "depth_minmax": [
      1.286, 
      1.336
    ], 
    "model": "/media/hdd/YCBvideo/YCB_Video_Dataset/YCB_Video_Dataset/models/010_potted_meat_can/textured.obj", 
    "rot_mat": [
      [
        -0.8926442750403494, 
        0.44857996173616244, 
        0.04430777301912392
      ], 
      [
        0.15687694896226356, 
        0.40130867862764963, 
        -0.9024080764055905
      ], 
      [
        -0.42258310091247636, 
        -0.7985782098068368, 
        -0.42859735430483586
      ]
    ], 
    "trans_mat": [
      0.13233240001942267, 
      0.15016243625789977, 
      1.3245351639723824
    ]
  }, 
  {
    "img": "/media/hdd/YCBvideo/YCB_Video_Dataset/YCB_Video_Dataset/data/0026/000001-label.png", 
    "mask": "/media/hdd/YCBvideo/YCB_Video_Dataset/Generated_YCB_Video_Dataset/mask/0026/000001-mask-01.png", 
    "depth_minmax": [
      1.218, 
      1.327
    ], 
    "model": "/media/hdd/YCBvideo/YCB_Video_Dataset/YCB_Video_Dataset/models/019_pitcher_base/textured.obj", 
    "rot_mat": [
      [
        0.4877387481058886, 
        0.869571568621231, 
        0.07718168393529888
      ], 
      [
        0.3881534854708598, 
        -0.13682089402462633, 
        -0.9113814323607287
      ], 
      [
        -0.7819509250210339, 
        0.47447398194330237, 
        -0.40425987467873326
      ]
    ], 
    "trans_mat": [
      0.02727216149892797, 
      -0.15251011742237633, 
      1.2997417323233467
    ]
  }, 
  {
    "img": "/media/hdd/YCBvideo/YCB_Video_Dataset/YCB_Video_Dataset/data/0026/000002-label.png", 
    "mask": "/media/hdd/YCBvideo/YCB_Video_Dataset/Generated_YCB_Video_Dataset/mask/0026/000002-mask-00.png", 
    "depth_minmax": [
      1.282, 
      1.336
    ], 
    "model": "/media/hdd/YCBvideo/YCB_Video_Dataset/YCB_Video_Dataset/models/010_potted_meat_can/textured.obj", 
    "rot_mat": [
      [
        -0.8892790621176566, 
        0.45523963958787184, 
        0.044041105927560296
      ], 
      [
        0.1591900875799375, 
        0.39835394513313077, 
        -0.903312681517814
      ], 
      [
        -0.42876773739285085, 
        -0.7962853246613469, 
        -0.4267173786139261
      ]
    ], 
    "trans_mat": [
      0.13263392256779272, 
      0.14981690378351226, 
      1.325433917726177
    ]
  }, 
  {
    "img": "/media/hdd/YCBvideo/YCB_Video_Dataset/YCB_Video_Dataset/data/0026/000002-label.png", 
    "mask": "/media/hdd/YCBvideo/YCB_Video_Dataset/Generated_YCB_Video_Dataset/mask/0026/000002-mask-01.png", 
    "depth_minmax": [
      1.218, 
      1.335
    ], 
    "model": "/media/hdd/YCBvideo/YCB_Video_Dataset/YCB_Video_Dataset/models/019_pitcher_base/textured.obj", 
    "rot_mat": [
      [
        0.4942418730457632, 
        0.8659321934755727, 
        0.07672194422398175
      ], 
      [
        0.385093938065931, 
        -0.13896318062771204, 
        -0.91235567412254
      ], 
      [
        -0.7793757291553134, 
        0.4804693509683458, 
        -0.40214675617932133
      ]
    ], 
    "trans_mat": [
      0.026699403068051013, 
      -0.1525371538718029, 
      1.3004728911827874
    ]
  }, 
  {
    "img": "/media/hdd/YCBvideo/YCB_Video_Dataset/YCB_Video_Dataset/data/0026/000003-label.png", 
    "mask": "/media/hdd/YCBvideo/YCB_Video_Dataset/Generated_YCB_Video_Dataset/mask/0026/000003-mask-00.png", 
    "depth_minmax": [
      1.277, 
      1.339
    ], 
    "model": "/media/hdd/YCBvideo/YCB_Video_Dataset/YCB_Video_Dataset/models/010_potted_meat_can/textured.obj", 
    "rot_mat": [
      [
        -0.890557793886148, 
        0.45292977591145406, 
        0.041961336480962855
      ], 
      [
        0.16001510812575576, 
        0.398298906840764, 
        -0.9031905886941889
      ], 
      [
        -0.4257954933831831, 
        -0.7976296032737877, 
        -0.4271841868031737
      ]
    ], 
    "trans_mat": [
      0.1336116313199809, 
      0.14940462194481235, 
      1.3248176817109147
    ]
  }, 
  {
    "img": "/media/hdd/YCBvideo/YCB_Video_Dataset/YCB_Video_Dataset/data/0026/000003-label.png", 
    "mask": "/media/hdd/YCBvideo/YCB_Video_Dataset/Generated_YCB_Video_Dataset/mask/0026/000003-mask-01.png", 
    "depth_minmax": [
      1.218, 
      1.336
    ], 
    "model": "/media/hdd/YCBvideo/YCB_Video_Dataset/YCB_Video_Dataset/models/019_pitcher_base/textured.obj", 
    "rot_mat": [
      [
        0.49197714483304716, 
        0.8673956619508024, 
        0.0747156221896464
      ], 
      [
        0.3850034074873474, 
        -0.13978934728246978, 
        -0.912267088459261
      ], 
      [
        -0.7808526120778838, 
        0.47758060492459475, 
        -0.40272398311943153
      ]
    ], 
    "trans_mat": [
      0.027367727262150685, 
      -0.15286032797342297, 
      1.300095139146285
    ]
  }, 
  {
    "img": "/media/hdd/YCBvideo/YCB_Video_Dataset/YCB_Video_Dataset/data/0026/000004-label.png", 
    "mask": "/media/hdd/YCBvideo/YCB_Video_Dataset/Generated_YCB_Video_Dataset/mask/0026/000004-mask-00.png", 
    "depth_minmax": [
      1.286, 
      1.338
    ], 
    "model": "/media/hdd/YCBvideo/YCB_Video_Dataset/YCB_Video_Dataset/models/010_potted_meat_can/textured.obj", 
    "rot_mat": [
      [
        -0.8895608804872711, 
        0.4544108877820124, 
        0.04681581277160672
      ], 
      [
        0.15805645518547198, 
        0.4023162390221509, 
        -0.9017543710724456
      ], 
      [
        -0.4286018599475566, 
        -0.7947663537551045, 
        -0.42970756537361193
      ]
    ], 
    "trans_mat": [
      0.13129678844083148, 
      0.14773698057250842, 
      1.3258804658169654
    ]
  }, 
  {
    "img": "/media/hdd/YCBvideo/YCB_Video_Dataset/YCB_Video_Dataset/data/0026/000004-label.png", 
    "mask": "/media/hdd/YCBvideo/YCB_Video_Dataset/Generated_YCB_Video_Dataset/mask/0026/000004-mask-01.png", 
    "depth_minmax": [
      1.218, 
      1.34
    ], 
    "model": "/media/hdd/YCBvideo/YCB_Video_Dataset/YCB_Video_Dataset/models/019_pitcher_base/textured.obj", 
    "rot_mat": [
      [
        0.4934443358160302, 
        0.8661349847717126, 
        0.07951265350659073
      ], 
      [
        0.38911233136281603, 
        -0.1380693699172054, 
        -0.9107850561827865
      ], 
      [
        -0.7778849469760253, 
        0.4803610125097458, 
        -0.405153720436925
      ]
    ], 
    "trans_mat": [
      0.026244017965182227, 
      -0.15483607066506544, 
      1.2998682657418155
    ]
  }, 
  {
    "img": "/media/hdd/YCBvideo/YCB_Video_Dataset/YCB_Video_Dataset/data/0026/000005-label.png", 
    "mask": "/media/hdd/YCBvideo/YCB_Video_Dataset/Generated_YCB_Video_Dataset/mask/0026/000005-mask-00.png", 
    "depth_minmax": [
      1.281, 
      1.336
    ], 
    "model": "/media/hdd/YCBvideo/YCB_Video_Dataset/YCB_Video_Dataset/models/010_potted_meat_can/textured.obj", 
    "rot_mat": [
      [
        -0.8913368092782374, 
        0.45117192104618753, 
        0.04430734553993402
      ], 
      [
        0.15864576829130314, 
        0.40198334145259523, 
        -0.9017989675907894
      ], 
      [
        -0.4246771124753698, 
        -0.7967777480266505, 
        -0.4298792236619792
      ]
    ], 
    "trans_mat": [
      0.13016209971383236, 
      0.14695899131726617, 
      1.3253002634731026
    ]
  }, 
  {
    "img": "/media/hdd/YCBvideo/YCB_Video_Dataset/YCB_Video_Dataset/data/0026/000005-label.png", 
    "mask": "/media/hdd/YCBvideo/YCB_Video_Dataset/Generated_YCB_Video_Dataset/mask/0026/000005-mask-01.png", 
    "depth_minmax": [
      1.218, 
      1.328
    ], 
    "model": "/media/hdd/YCBvideo/YCB_Video_Dataset/YCB_Video_Dataset/models/019_pitcher_base/textured.obj", 
    "rot_mat": [
      [
        0.4902705469838013, 
        0.868153119155021, 
        0.07710611522679725
      ], 
      [
        0.38875351863769814, 
        -0.1386412085328267, 
        -0.9108510375528355
      ], 
      [
        -0.7800683244492551, 
        0.4765384626464175, 
        -0.4054696138185277
      ]
    ], 
    "trans_mat": [
      0.02479030816896967, 
      -0.15554351507192749, 
      1.2997622674900673
    ]
  }, 
  {
    "img": "/media/hdd/YCBvideo/YCB_Video_Dataset/YCB_Video_Dataset/data/0026/000006-label.png", 
    "mask": "/media/hdd/YCBvideo/YCB_Video_Dataset/Generated_YCB_Video_Dataset/mask/0026/000006-mask-00.png", 
    "depth_minmax": [
      1.276, 
      1.336
    ], 
    "model": "/media/hdd/YCBvideo/YCB_Video_Dataset/YCB_Video_Dataset/models/010_potted_meat_can/textured.obj", 
    "rot_mat": [
      [
        -0.8926764384677488, 
        0.44862492862062797, 
        0.04317226377773335
      ], 
      [
        0.1582511680183625, 
        0.4016891923154494, 
        -0.901999303576718
      ], 
      [
        -0.42200207599207407, 
        -0.7983618215003605, 
        -0.4295740445256644
      ]
    ], 
    "trans_mat": [
      0.13188249232274382, 
      0.1465438254367915, 
      1.3243749999215295
    ]
  }, 
  {
    "img": "/media/hdd/YCBvideo/YCB_Video_Dataset/YCB_Video_Dataset/data/0026/000006-label.png", 
    "mask": "/media/hdd/YCBvideo/YCB_Video_Dataset/Generated_YCB_Video_Dataset/mask/0026/000006-mask-01.png", 
    "depth_minmax": [
      1.218, 
      1.332
    ], 
    "model": "/media/hdd/YCBvideo/YCB_Video_Dataset/YCB_Video_Dataset/models/019_pitcher_base/textured.obj", 
    "rot_mat": [
      [
        0.4877777289578947, 
        0.8696486730753145, 
        0.07604811741239212
      ], 
      [
        0.3884757431893903, 
        -0.13822617166860804, 
        -0.9110325662013693
      ], 
      [
        -0.7817666714712735, 
        0.47392494327236645, 
        -0.4052613459149249
      ]
    ], 
    "trans_mat": [
      0.02649680970691816, 
      -0.1559932323297023, 
      1.299309759631186
    ]
  }, 
  {
    "img": "/media/hdd/YCBvideo/YCB_Video_Dataset/YCB_Video_Dataset/data/0026/000007-label.png", 
    "mask": "/media/hdd/YCBvideo/YCB_Video_Dataset/Generated_YCB_Video_Dataset/mask/0026/000007-mask-00.png", 
    "depth_minmax": [
      1.281, 
      1.338
    ], 
    "model": "/media/hdd/YCBvideo/YCB_Video_Dataset/YCB_Video_Dataset/models/010_potted_meat_can/textured.obj", 
    "rot_mat": [
      [
        -0.894739049469223, 
        0.44457328539284047, 
        0.04237945715402205
      ], 
      [
        0.15700581420552256, 
        0.4019798806168029, 
        -0.9020873601307843
      ], 
      [
        -0.4180794985103929, 
        -0.8004793440902153, 
        -0.4294671899229207
      ]
    ], 
    "trans_mat": [
      0.13451808567803622, 
      0.1462388653159715, 
      1.3236332223918796
    ]
  }, 
  {
    "img": "/media/hdd/YCBvideo/YCB_Video_Dataset/YCB_Video_Dataset/data/0026/000007-label.png", 
    "mask": "/media/hdd/YCBvideo/YCB_Video_Dataset/Generated_YCB_Video_Dataset/mask/0026/000007-mask-01.png", 
    "depth_minmax": [
      1.219, 
      1.33
    ], 
    "model": "/media/hdd/YCBvideo/YCB_Video_Dataset/YCB_Video_Dataset/models/019_pitcher_base/textured.obj", 
    "rot_mat": [
      [
        0.4838158138966955, 
        0.8719175542471492, 
        0.0753742370712145
      ], 
      [
        0.3888204242228506, 
        -0.13699214932305104, 
        -0.9110718497370713
      ], 
      [
        -0.7840541716841367, 
        0.47009768186311335, 
        -0.40529800175713515
      ]
    ], 
    "trans_mat": [
      0.029396877035468685, 
      -0.15643672861260197, 
      1.2991355887534572
    ]
  }, 
  {
    "img": "/media/hdd/YCBvideo/YCB_Video_Dataset/YCB_Video_Dataset/data/0026/000008-label.png", 
    "mask": "/media/hdd/YCBvideo/YCB_Video_Dataset/Generated_YCB_Video_Dataset/mask/0026/000008-mask-01.png", 
    "depth_minmax": [
      1.276, 
      1.336
    ], 
    "model": "/media/hdd/YCBvideo/YCB_Video_Dataset/YCB_Video_Dataset/models/010_potted_meat_can/textured.obj", 
    "rot_mat": [
      [
        -0.8944373084797069, 
        0.4455650269447649, 
        0.03813860026214468
      ], 
      [
        0.16143229244934904, 
        0.401238864785315, 
        -0.9016359229722533
      ], 
      [
        -0.4170396295626412, 
        -0.8002992664655227, 
        -0.43081206515970494
      ]
    ], 
    "trans_mat": [
      0.13845902572299612, 
      0.14324798136079525, 
      1.3227656380267911
    ]
  }, 
  {
    "img": "/media/hdd/YCBvideo/YCB_Video_Dataset/YCB_Video_Dataset/data/0026/000008-label.png", 
    "mask": "/media/hdd/YCBvideo/YCB_Video_Dataset/Generated_YCB_Video_Dataset/mask/0026/000008-mask-02.png", 
    "depth_minmax": [
      1.218, 
      1.326
    ], 
    "model": "/media/hdd/YCBvideo/YCB_Video_Dataset/YCB_Video_Dataset/models/019_pitcher_base/textured.obj", 
    "rot_mat": [
      [
        0.4847658011257074, 
        0.8717483892449166, 
        0.07111649450572001
      ], 
      [
        0.38788810432507925, 
        -0.14139685863697615, 
        -0.9107963148521097
      ], 
      [
        -0.7839287884225752, 
        0.46910744829798173, 
        -0.4066858637625797
      ]
    ], 
    "trans_mat": [
      0.032023736414859685, 
      -0.15894003660653486, 
      1.2979248874229325
    ]
  }, 
  {
    "img": "/media/hdd/YCBvideo/YCB_Video_Dataset/YCB_Video_Dataset/data/0026/000008-label.png", 
    "mask": "/media/hdd/YCBvideo/YCB_Video_Dataset/Generated_YCB_Video_Dataset/mask/0026/000008-mask-00.png", 
    "depth_minmax": [
      1.154, 
      1.275
    ], 
    "model": "/media/hdd/YCBvideo/YCB_Video_Dataset/YCB_Video_Dataset/models/006_mustard_bottle/textured.obj", 
    "rot_mat": [
      [
        0.9079321070210888, 
        -0.369293305274211, 
        -0.19819768764952123
      ], 
      [
        0.2445706477417918, 
        0.8508581194131359, 
        -0.465001643429992
      ], 
      [
        0.34035966335355744, 
        0.3737174776531814, 
        0.8628388650983561
      ]
    ], 
    "trans_mat": [
      -0.027273786292502867, 
      0.20145463285126977, 
      1.2380732586564935
    ]
  }, 
  {
    "img": "/media/hdd/YCBvideo/YCB_Video_Dataset/YCB_Video_Dataset/data/0026/000009-label.png", 
    "mask": "/media/hdd/YCBvideo/YCB_Video_Dataset/Generated_YCB_Video_Dataset/mask/0026/000009-mask-01.png", 
    "depth_minmax": [
      1.281, 
      1.339
    ], 
    "model": "/media/hdd/YCBvideo/YCB_Video_Dataset/YCB_Video_Dataset/models/010_potted_meat_can/textured.obj", 
    "rot_mat": [
      [
        -0.8990043096476807, 
        0.4362266501244512, 
        0.03869694941662663
      ], 
      [
        0.15603934087131985, 
        0.40162712422114927, 
        -0.9024119492582489
      ], 
      [
        -0.40919905116511174, 
        -0.8052337172386883, 
        -0.4291329191010544
      ]
    ], 
    "trans_mat": [
      0.14197372159196991, 
      0.14360235183558331, 
      1.3217559014590603
    ]
  }, 
  {
    "img": "/media/hdd/YCBvideo/YCB_Video_Dataset/YCB_Video_Dataset/data/0026/000009-label.png", 
    "mask": "/media/hdd/YCBvideo/YCB_Video_Dataset/Generated_YCB_Video_Dataset/mask/0026/000009-mask-02.png", 
    "depth_minmax": [
      1.218, 
      1.336
    ], 
    "model": "/media/hdd/YCBvideo/YCB_Video_Dataset/YCB_Video_Dataset/models/019_pitcher_base/textured.obj", 
    "rot_mat": [
      [
        0.47564145642422645, 
        0.8766924753402219, 
        0.07193918451656539
      ], 
      [
        0.3885084826217773, 
        -0.13599857389139877, 
        -0.9113535687757334
      ], 
      [
        -0.7891928032914733, 
        0.4614274734143746, 
        -0.40528903764773266
      ]
    ], 
    "trans_mat": [
      0.036824463398937655, 
      -0.1591662216757699, 
      1.2985631832338336
    ]
  }, 
  {
    "img": "/media/hdd/YCBvideo/YCB_Video_Dataset/YCB_Video_Dataset/data/0026/000009-label.png", 
    "mask": "/media/hdd/YCBvideo/YCB_Video_Dataset/Generated_YCB_Video_Dataset/mask/0026/000009-mask-00.png", 
    "depth_minmax": [
      1.157, 
      1.271
    ], 
    "model": "/media/hdd/YCBvideo/YCB_Video_Dataset/YCB_Video_Dataset/models/006_mustard_bottle/textured.obj", 
    "rot_mat": [
      [
        0.9097727153054961, 
        -0.37010199861683457, 
        -0.1879833481069505
      ], 
      [
        0.24985022165526138, 
        0.8498602936479404, 
        -0.4640181204519698
      ], 
      [
        0.3314943945689933, 
        0.37518322523173403, 
        0.8656498382385699
      ]
    ], 
    "trans_mat": [
      -0.02481422645015875, 
      0.20079244179072067, 
      1.2384536085900049
    ]
  }, 
  {
    "img": "/media/hdd/YCBvideo/YCB_Video_Dataset/YCB_Video_Dataset/data/0026/000010-label.png", 
    "mask": "/media/hdd/YCBvideo/YCB_Video_Dataset/Generated_YCB_Video_Dataset/mask/0026/000010-mask-01.png", 
    "depth_minmax": [
      1.276, 
      1.333
    ], 
    "model": "/media/hdd/YCBvideo/YCB_Video_Dataset/YCB_Video_Dataset/models/010_potted_meat_can/textured.obj", 
    "rot_mat": [
      [
        -0.8977298028755152, 
        0.43875271975817803, 
        0.03970840159184481
      ], 
      [
        0.15753899850565053, 
        0.4038951046473623, 
        -0.9011387770413156
      ], 
      [
        -0.41141543251684437, 
        -0.8027238266377344, 
        -0.4317090757847444
      ]
    ], 
    "trans_mat": [
      0.14631679437878345, 
      0.14266304459403134, 
      1.3224300875160158
    ]
  }, 
  {
    "img": "/media/hdd/YCBvideo/YCB_Video_Dataset/YCB_Video_Dataset/data/0026/000010-label.png", 
    "mask": "/media/hdd/YCBvideo/YCB_Video_Dataset/Generated_YCB_Video_Dataset/mask/0026/000010-mask-02.png", 
    "depth_minmax": [
      1.218, 
      1.327
    ], 
    "model": "/media/hdd/YCBvideo/YCB_Video_Dataset/YCB_Video_Dataset/models/019_pitcher_base/textured.obj", 
    "rot_mat": [
      [
        0.47811543960563574, 
        0.8752679543751752, 
        0.07287650701801339
      ], 
      [
        0.3907164117049473, 
        -0.13764737355929127, 
        -0.9101618556850462
      ], 
      [
        -0.7866044745917389, 
        0.46363660488215913, 
        -0.40779278871508123
      ]
    ], 
    "trans_mat": [
      0.04114633729233077, 
      -0.16000249500931932, 
      1.2980190557737918
    ]
  }, 
  {
    "img": "/media/hdd/YCBvideo/YCB_Video_Dataset/YCB_Video_Dataset/data/0026/000010-label.png", 
    "mask": "/media/hdd/YCBvideo/YCB_Video_Dataset/Generated_YCB_Video_Dataset/mask/0026/000010-mask-00.png", 
    "depth_minmax": [
      1.157, 
      1.267
    ], 
    "model": "/media/hdd/YCBvideo/YCB_Video_Dataset/YCB_Video_Dataset/models/006_mustard_bottle/textured.obj", 
    "rot_mat": [
      [
        0.90885250407114, 
        -0.3709664013901463, 
        -0.190709967403666
      ], 
      [
        0.24857763849521092, 
        0.8488510364325177, 
        -0.46654311750704475
      ], 
      [
        0.33495598993005427, 
        0.3766127279184503, 
        0.8636947530157432
      ]
    ], 
    "trans_mat": [
      -0.020204129292600275, 
      0.20015330006328344, 
      1.2388010176770254
    ]
  }, 
  {
    "img": "/media/hdd/YCBvideo/YCB_Video_Dataset/YCB_Video_Dataset/data/0026/000011-label.png", 
    "mask": "/media/hdd/YCBvideo/YCB_Video_Dataset/Generated_YCB_Video_Dataset/mask/0026/000011-mask-01.png", 
    "depth_minmax": [
      1.272, 
      1.332
    ], 
    "model": "/media/hdd/YCBvideo/YCB_Video_Dataset/YCB_Video_Dataset/models/010_potted_meat_can/textured.obj", 
    "rot_mat": [
      [
        -0.8977628849548005, 
        0.43867002606937167, 
        0.03988945107257548
      ], 
      [
        0.156666275920999, 
        0.40263430949678825, 
        -0.9018543863382634
      ], 
      [
        -0.4116775769924923, 
        -0.8034016665497435, 
        -0.4301951672523012
      ]
    ], 
    "trans_mat": [
      0.14954141653131803, 
      0.14448555326644935, 
      1.322439536223621
    ]
  }, 
  {
    "img": "/media/hdd/YCBvideo/YCB_Video_Dataset/YCB_Video_Dataset/data/0026/000011-label.png", 
    "mask": "/media/hdd/YCBvideo/YCB_Video_Dataset/Generated_YCB_Video_Dataset/mask/0026/000011-mask-02.png", 
    "depth_minmax": [
      1.218, 
      1.327
    ], 
    "model": "/media/hdd/YCBvideo/YCB_Video_Dataset/YCB_Video_Dataset/models/019_pitcher_base/textured.obj", 
    "rot_mat": [
      [
        0.4780354582180151, 
        0.8752971050343362, 
        0.07305944087015127
      ], 
      [
        0.38949066875963284, 
        -0.1366914878795905, 
        -0.9108305717378486
      ], 
      [
        -0.7872602860667617, 
        0.46386530540422943, 
        -0.4062638306974544
      ]
    ], 
    "trans_mat": [
      0.04443191740952419, 
      -0.15824166881643345, 
      1.2985370197053856
    ]
  }, 
  {
    "img": "/media/hdd/YCBvideo/YCB_Video_Dataset/YCB_Video_Dataset/data/0026/000011-label.png", 
    "mask": "/media/hdd/YCBvideo/YCB_Video_Dataset/Generated_YCB_Video_Dataset/mask/0026/000011-mask-00.png", 
    "depth_minmax": [
      1.157, 
      1.275
    ], 
    "model": "/media/hdd/YCBvideo/YCB_Video_Dataset/YCB_Video_Dataset/models/006_mustard_bottle/textured.obj", 
    "rot_mat": [
      [
        0.9088035141446867, 
        -0.3711372027107028, 
        -0.1906143718934739
      ], 
      [
        0.24932339793302163, 
        0.8494073046888084, 
        -0.46512969789748493
      ], 
      [
        0.3345362375021198, 
        0.375187362576181, 
        0.8644772162528547
      ]
    ], 
    "trans_mat": [
      -0.01699136039541727, 
      0.20180158419267893, 
      1.2387143814729413
    ]
  }, 
  {
    "img": "/media/hdd/YCBvideo/YCB_Video_Dataset/YCB_Video_Dataset/data/0026/000012-label.png", 
    "mask": "/media/hdd/YCBvideo/YCB_Video_Dataset/Generated_YCB_Video_Dataset/mask/0026/000012-mask-00.png", 
    "depth_minmax": [
      1.276, 
      1.332
    ], 
    "model": "/media/hdd/YCBvideo/YCB_Video_Dataset/YCB_Video_Dataset/models/010_potted_meat_can/textured.obj", 
    "rot_mat": [
      [
        -0.9010105282490909, 
        0.4316615555206919, 
        0.04298158043587967
      ], 
      [
        0.150491518457868, 
        0.4039678468538818, 
        -0.9023092898096783
      ], 
      [
        -0.4068557479021596, 
        -0.8065220676315886, 
        -0.42894101152440867
      ]
    ], 
    "trans_mat": [
      0.14893754195850212, 
      0.14683825861269617, 
      1.322402280772755
    ]
  }, 
  {
    "img": "/media/hdd/YCBvideo/YCB_Video_Dataset/YCB_Video_Dataset/data/0026/000012-label.png", 
    "mask": "/media/hdd/YCBvideo/YCB_Video_Dataset/Generated_YCB_Video_Dataset/mask/0026/000012-mask-01.png", 
    "depth_minmax": [
      1.218, 
      1.338
    ], 
    "model": "/media/hdd/YCBvideo/YCB_Video_Dataset/YCB_Video_Dataset/models/019_pitcher_base/textured.obj", 
    "rot_mat": [
      [
        0.47119701705371453, 
        0.8787175150590529, 
        0.07634023228180954
      ], 
      [
        0.39109190308883757, 
        -0.1305674440469622, 
        -0.9110427377034088
      ], 
      [
        -0.7905818432992795, 
        0.4591368356333216, 
        -0.40518278016962866
      ]
    ], 
    "trans_mat": [
      0.045549499929237965, 
      -0.15656493101880659, 
      1.299587867244373
    ]
  }, 
  {
    "img": "/media/hdd/YCBvideo/YCB_Video_Dataset/YCB_Video_Dataset/data/0026/000013-label.png", 
    "mask": "/media/hdd/YCBvideo/YCB_Video_Dataset/Generated_YCB_Video_Dataset/mask/0026/000013-mask-00.png", 
    "depth_minmax": [
      1.276, 
      1.335
    ], 
    "model": "/media/hdd/YCBvideo/YCB_Video_Dataset/YCB_Video_Dataset/models/010_potted_meat_can/textured.obj", 
    "rot_mat": [
      [
        -0.9015519201186074, 
        0.430514225859203, 
        0.04314341050009328
      ], 
      [
        0.15057814302841527, 
        0.4056756015829377, 
        -0.9015286641643314
      ], 
      [
        -0.40562286085013505, 
        -0.8062785346630639, 
        -0.43056334140250585
      ]
    ], 
    "trans_mat": [
      0.14619061804863176, 
      0.14751458982288174, 
      1.323223307961377
    ]
  }, 
  {
    "img": "/media/hdd/YCBvideo/YCB_Video_Dataset/YCB_Video_Dataset/data/0026/000013-label.png", 
    "mask": "/media/hdd/YCBvideo/YCB_Video_Dataset/Generated_YCB_Video_Dataset/mask/0026/000013-mask-01.png", 
    "depth_minmax": [
      1.218, 
      1.339
    ], 
    "model": "/media/hdd/YCBvideo/YCB_Video_Dataset/YCB_Video_Dataset/models/019_pitcher_base/textured.obj", 
    "rot_mat": [
      [
        0.47007571940972825, 
        0.8793014158880994, 
        0.07653364882295399
      ], 
      [
        0.3927992073676702, 
        -0.13076089682349545, 
        -0.9102805084550898
      ], 
      [
        -0.7904033670020146, 
        0.45796263441752066, 
        -0.4068563004725349
      ]
    ], 
    "trans_mat": [
      0.042987720730298655, 
      -0.15591990728347094, 
      1.299989855375796
    ]
  }, 
  {
    "img": "/media/hdd/YCBvideo/YCB_Video_Dataset/YCB_Video_Dataset/data/0026/000014-label.png", 
    "mask": "/media/hdd/YCBvideo/YCB_Video_Dataset/Generated_YCB_Video_Dataset/mask/0026/000014-mask-00.png", 
    "depth_minmax": [
      1.281, 
      1.337
    ], 
    "model": "/media/hdd/YCBvideo/YCB_Video_Dataset/YCB_Video_Dataset/models/010_potted_meat_can/textured.obj", 
    "rot_mat": [
      [
        -0.8964624226792992, 
        0.44078970062859185, 
        0.04537245308398739
      ], 
      [
        0.15157883565803118, 
        0.4012593611622501, 
        -0.9033355490970997
      ], 
      [
        -0.41638762809866636, 
        -0.8029297539897207, 
        -0.4265282771369488
      ]
    ], 
    "trans_mat": [
      0.14150266830273886, 
      0.14905212597058465, 
      1.3248654112035447
    ]
  }, 
  {
    "img": "/media/hdd/YCBvideo/YCB_Video_Dataset/YCB_Video_Dataset/data/0026/000014-label.png", 
    "mask": "/media/hdd/YCBvideo/YCB_Video_Dataset/Generated_YCB_Video_Dataset/mask/0026/000014-mask-01.png", 
    "depth_minmax": [
      1.223, 
      1.338
    ], 
    "model": "/media/hdd/YCBvideo/YCB_Video_Dataset/YCB_Video_Dataset/models/019_pitcher_base/textured.obj", 
    "rot_mat": [
      [
        0.4801312816794876, 
        0.8736795019940756, 
        0.07846669645707847
      ], 
      [
        0.38833156227256077, 
        -0.13149187179049324, 
        -0.9120902643071873
      ], 
      [
        -0.7865576259332872, 
        0.46839450418032114, 
        -0.40241078137816294
      ]
    ], 
    "trans_mat": [
      0.03768194831114035, 
      -0.15417275965407395, 
      1.3016487082945476
    ]
  }, 
  {
    "img": "/media/hdd/YCBvideo/YCB_Video_Dataset/YCB_Video_Dataset/data/0026/000015-label.png", 
    "mask": "/media/hdd/YCBvideo/YCB_Video_Dataset/Generated_YCB_Video_Dataset/mask/0026/000015-mask-00.png", 
    "depth_minmax": [
      1.281, 
      1.34
    ], 
    "model": "/media/hdd/YCBvideo/YCB_Video_Dataset/YCB_Video_Dataset/models/010_potted_meat_can/textured.obj", 
    "rot_mat": [
      [
        -0.8977892105323854, 
        0.4383460205174197, 
        0.0427430817095115
      ], 
      [
        0.15307752035014746, 
        0.4015691898001757, 
        -0.9029452762816362
      ], 
      [
        -0.4129661444854499, 
        -0.8041115096694604, 
        -0.42762515123882033
      ]
    ], 
    "trans_mat": [
      0.13606549569761595, 
      0.14893699056941007, 
      1.325251209382616
    ]
  }, 
  {
    "img": "/media/hdd/YCBvideo/YCB_Video_Dataset/YCB_Video_Dataset/data/0026/000015-label.png", 
    "mask": "/media/hdd/YCBvideo/YCB_Video_Dataset/Generated_YCB_Video_Dataset/mask/0026/000015-mask-01.png", 
    "depth_minmax": [
      1.223, 
      1.333
    ], 
    "model": "/media/hdd/YCBvideo/YCB_Video_Dataset/YCB_Video_Dataset/models/019_pitcher_base/textured.obj", 
    "rot_mat": [
      [
        0.477731424952107, 
        0.8752195248430269, 
        0.07591433578326094
      ], 
      [
        0.3885776030688317, 
        -0.13301753234741306, 
        -0.9117644036647601
      ], 
      [
        -0.7878960166613145, 
        0.4650762849734199, 
        -0.403637304547505
      ]
    ], 
    "trans_mat": [
      0.031799176644331906, 
      -0.1541399784316553, 
      1.3020984592003189
    ]
  }, 
  {
    "img": "/media/hdd/YCBvideo/YCB_Video_Dataset/YCB_Video_Dataset/data/0026/000016-label.png", 
    "mask": "/media/hdd/YCBvideo/YCB_Video_Dataset/Generated_YCB_Video_Dataset/mask/0026/000016-mask-00.png", 
    "depth_minmax": [
      1.286, 
      1.338
    ], 
    "model": "/media/hdd/YCBvideo/YCB_Video_Dataset/YCB_Video_Dataset/models/010_potted_meat_can/textured.obj", 
    "rot_mat": [
      [
        -0.8931968259170444, 
        0.44764064902988915, 
        0.04263923153133143
      ], 
      [
        0.1569730982515345, 
        0.3992566715702105, 
        -0.9033015555492951
      ], 
      [
        -0.4213785266250113, 
        -0.8001323271885851, 
        -0.42688211632726253
      ]
    ], 
    "trans_mat": [
      0.13009997791115607, 
      0.14932211195474407, 
      1.3273813488606658
    ]
  }, 
  {
    "img": "/media/hdd/YCBvideo/YCB_Video_Dataset/YCB_Video_Dataset/data/0026/000016-label.png", 
    "mask": "/media/hdd/YCBvideo/YCB_Video_Dataset/Generated_YCB_Video_Dataset/mask/0026/000016-mask-01.png", 
    "depth_minmax": [
      1.223, 
      1.339
    ], 
    "model": "/media/hdd/YCBvideo/YCB_Video_Dataset/YCB_Video_Dataset/models/019_pitcher_base/textured.obj", 
    "rot_mat": [
      [
        0.48681389186022755, 
        0.8702332161980718, 
        0.07554506725913679
      ], 
      [
        0.386093488682677, 
        -0.13679015814057033, 
        -0.9122610628285052
      ], 
      [
        -0.7835454420044855, 
        0.4732686253622541, 
        -0.40258268922095874
      ]
    ], 
    "trans_mat": [
      0.02468243167691142, 
      -0.15328903258463286, 
      1.3033662838607976
    ]
  }, 
  {
    "img": "/media/hdd/YCBvideo/YCB_Video_Dataset/YCB_Video_Dataset/data/0026/000017-label.png", 
    "mask": "/media/hdd/YCBvideo/YCB_Video_Dataset/Generated_YCB_Video_Dataset/mask/0026/000017-mask-00.png", 
    "depth_minmax": [
      1.291, 
      1.344
    ], 
    "model": "/media/hdd/YCBvideo/YCB_Video_Dataset/YCB_Video_Dataset/models/010_potted_meat_can/textured.obj", 
    "rot_mat": [
      [
        -0.8875865709901364, 
        0.45850412782397415, 
        0.04431605684749666
      ], 
      [
        0.1597358092976725, 
        0.39659555334279656, 
        -0.9039893436890514
      ], 
      [
        -0.4320593796948762, 
        -0.7952900064780976, 
        -0.4252526277575853
      ]
    ], 
    "trans_mat": [
      0.12247460942471311, 
      0.14863638795956846, 
      1.3299704548085098
    ]
  }, 
  {
    "img": "/media/hdd/YCBvideo/YCB_Video_Dataset/YCB_Video_Dataset/data/0026/000017-label.png", 
    "mask": "/media/hdd/YCBvideo/YCB_Video_Dataset/Generated_YCB_Video_Dataset/mask/0026/000017-mask-01.png", 
    "depth_minmax": [
      1.223, 
      1.347
    ], 
    "model": "/media/hdd/YCBvideo/YCB_Video_Dataset/YCB_Video_Dataset/models/019_pitcher_base/textured.obj", 
    "rot_mat": [
      [
        0.4974303599371953, 
        0.8640886104112823, 
        0.07690013697022924
      ], 
      [
        0.3833088689336773, 
        -0.1394030123790204, 
        -0.9130395608725366
      ], 
      [
        -0.778226926066528, 
        0.4836509033000916, 
        -0.40055646155268637
      ]
    ], 
    "trans_mat": [
      0.01622718896377736, 
      -0.15361390868896857, 
      1.3050832646623303
    ]
  }, 
  {
    "img": "/media/hdd/YCBvideo/YCB_Video_Dataset/YCB_Video_Dataset/data/0026/000018-label.png", 
    "mask": "/media/hdd/YCBvideo/YCB_Video_Dataset/Generated_YCB_Video_Dataset/mask/0026/000018-mask-00.png", 
    "depth_minmax": [
      1.291, 
      1.349
    ], 
    "model": "/media/hdd/YCBvideo/YCB_Video_Dataset/YCB_Video_Dataset/models/010_potted_meat_can/textured.obj", 
    "rot_mat": [
      [
        -0.8867008125444075, 
        0.46027901315530023, 
        0.043633384069081294
      ], 
      [
        0.16150497232309327, 
        0.39678829062040605, 
        -0.9035898527287977
      ], 
      [
        -0.43321701906409366, 
        -0.794167643511408, 
        -0.4261706669141012
      ]
    ], 
    "trans_mat": [
      0.11547410017776594, 
      0.1483306663592998, 
      1.3309407629094085
    ]
  }, 
  {
    "img": "/media/hdd/YCBvideo/YCB_Video_Dataset/YCB_Video_Dataset/data/0026/000018-label.png", 
    "mask": "/media/hdd/YCBvideo/YCB_Video_Dataset/Generated_YCB_Video_Dataset/mask/0026/000018-mask-01.png", 
    "depth_minmax": [
      1.218, 
      1.34
    ], 
    "model": "/media/hdd/YCBvideo/YCB_Video_Dataset/YCB_Video_Dataset/models/019_pitcher_base/textured.obj", 
    "rot_mat": [
      [
        0.4991600482548509, 
        0.8631550609685299, 
        0.07616700022604062
      ], 
      [
        0.3834260810013297, 
        -0.14119392034554817, 
        -0.9127146191114316
      ], 
      [
        -0.7770606367595648, 
        0.4847953218872147, 
        -0.4014354940237892
      ]
    ], 
    "trans_mat": [
      0.008822340426858345, 
      -0.153736361644396, 
      1.3055646159603642
    ]
  }, 
  {
    "img": "/media/hdd/YCBvideo/YCB_Video_Dataset/YCB_Video_Dataset/data/0026/000019-label.png", 
    "mask": "/media/hdd/YCBvideo/YCB_Video_Dataset/Generated_YCB_Video_Dataset/mask/0026/000019-mask-00.png", 
    "depth_minmax": [
      1.291, 
      1.344
    ], 
    "model": "/media/hdd/YCBvideo/YCB_Video_Dataset/YCB_Video_Dataset/models/010_potted_meat_can/textured.obj", 
    "rot_mat": [
      [
        -0.8869112941297707, 
        0.4604609526353543, 
        0.03693744772052761
      ], 
      [
        0.1672756824218597, 
        0.3946709135038462, 
        -0.9034674892107508
      ], 
      [
        -0.4305903959755339, 
        -0.795116788256973, 
        -0.42706232814113054
      ]
    ], 
    "trans_mat": [
      0.11134954267014807, 
      0.14658720508650377, 
      1.3317982897641638
    ]
  }, 
  {
    "img": "/media/hdd/YCBvideo/YCB_Video_Dataset/YCB_Video_Dataset/data/0026/000019-label.png", 
    "mask": "/media/hdd/YCBvideo/YCB_Video_Dataset/Generated_YCB_Video_Dataset/mask/0026/000019-mask-01.png", 
    "depth_minmax": [
      1.218, 
      1.339
    ], 
    "model": "/media/hdd/YCBvideo/YCB_Video_Dataset/YCB_Video_Dataset/models/019_pitcher_base/textured.obj", 
    "rot_mat": [
      [
        0.49930768843108614, 
        0.8636341558591101, 
        0.06948406405653038
      ], 
      [
        0.38105742562567907, 
        -0.14686661004202473, 
        -0.9128116226731103
      ], 
      [
        -0.778130307821942, 
        0.48225185913672486, 
        -0.4024262938743382
      ]
    ], 
    "trans_mat": [
      0.002789886592569596, 
      -0.15480297922012326, 
      1.3064636314339002
    ]
  }, 
  {
    "img": "/media/hdd/YCBvideo/YCB_Video_Dataset/YCB_Video_Dataset/data/0026/000020-label.png", 
    "mask": "/media/hdd/YCBvideo/YCB_Video_Dataset/Generated_YCB_Video_Dataset/mask/0026/000020-mask-00.png", 
    "depth_minmax": [
      1.292, 
      1.338
    ], 
    "model": "/media/hdd/YCBvideo/YCB_Video_Dataset/YCB_Video_Dataset/models/010_potted_meat_can/textured.obj", 
    "rot_mat": [
      [
        -0.8855835324144603, 
        0.4627152030914656, 
        0.04046299817179959
      ], 
      [
        0.16562509558917543, 
        0.3959692117107535, 
        -0.9032035861924859
      ], 
      [
        -0.43394836298444583, 
        -0.7931601018956919, 
        -0.4273008573504753
      ]
    ], 
    "trans_mat": [
      0.10797445776902001, 
      0.14579771646454126, 
      1.3327641176716674
    ]
  }, 
  {
    "img": "/media/hdd/YCBvideo/YCB_Video_Dataset/YCB_Video_Dataset/data/0026/000020-label.png", 
    "mask": "/media/hdd/YCBvideo/YCB_Video_Dataset/Generated_YCB_Video_Dataset/mask/0026/000020-mask-01.png", 
    "depth_minmax": [
      1.218, 
      1.332
    ], 
    "model": "/media/hdd/YCBvideo/YCB_Video_Dataset/YCB_Video_Dataset/models/019_pitcher_base/textured.obj", 
    "rot_mat": [
      [
        0.5015240676829582, 
        0.8620643794085658, 
        0.07293334844066295
      ], 
      [
        0.3824288465360091, 
        -0.14528672030846493, 
        -0.9124909786803543
      ], 
      [
        -0.7760292058565306, 
        0.4855280154256197, 
        -0.4025430337933229
      ]
    ], 
    "trans_mat": [
      0.00013877071180401837, 
      -0.1558057034864219, 
      1.306881089405304
    ]
  }, 
  {
    "img": "/media/hdd/YCBvideo/YCB_Video_Dataset/YCB_Video_Dataset/data/0026/000021-label.png", 
    "mask": "/media/hdd/YCBvideo/YCB_Video_Dataset/Generated_YCB_Video_Dataset/mask/0026/000021-mask-01.png", 
    "depth_minmax": [
      1.291, 
      1.345
    ], 
    "model": "/media/hdd/YCBvideo/YCB_Video_Dataset/YCB_Video_Dataset/models/010_potted_meat_can/textured.obj", 
    "rot_mat": [
      [
        -0.8830438285099621, 
        0.4678346308730975, 
        0.0369263066685314
      ], 
      [
        0.17145105126058338, 
        0.39485974588016465, 
        -0.9026021298109698
      ], 
      [
        -0.4368488297818277, 
        -0.7907063665712407, 
        -0.42888952840536243
      ]
    ], 
    "trans_mat": [
      0.10901541062794332, 
      0.14306097935910086, 
      1.3342712552456992
    ]
  }, 
  {
    "img": "/media/hdd/YCBvideo/YCB_Video_Dataset/YCB_Video_Dataset/data/0026/000021-label.png", 
    "mask": "/media/hdd/YCBvideo/YCB_Video_Dataset/Generated_YCB_Video_Dataset/mask/0026/000021-mask-02.png", 
    "depth_minmax": [
      1.227, 
      1.34
    ], 
    "model": "/media/hdd/YCBvideo/YCB_Video_Dataset/YCB_Video_Dataset/models/019_pitcher_base/textured.obj", 
    "rot_mat": [
      [
        0.5065036397988789, 
        0.8594516395618651, 
        0.06925309639299358
      ], 
      [
        0.3810677741634579, 
        -0.1510784575788801, 
        -0.9121199320527656
      ], 
      [
        -0.7734604473189636, 
        0.4883816040157175, 
        -0.4040316267045196
      ]
    ], 
    "trans_mat": [
      -0.00042493022852061954, 
      -0.1578787133303253, 
      1.3074150421375357
    ]
  }, 
  {
    "img": "/media/hdd/YCBvideo/YCB_Video_Dataset/YCB_Video_Dataset/data/0026/000021-label.png", 
    "mask": "/media/hdd/YCBvideo/YCB_Video_Dataset/Generated_YCB_Video_Dataset/mask/0026/000021-mask-00.png", 
    "depth_minmax": [
      1.168, 
      1.273
    ], 
    "model": "/media/hdd/YCBvideo/YCB_Video_Dataset/YCB_Video_Dataset/models/006_mustard_bottle/textured.obj", 
    "rot_mat": [
      [
        0.9030436495980825, 
        -0.36732047696778364, 
        -0.22268089309529254
      ], 
      [
        0.23426026634323516, 
        0.8556722139745939, 
        -0.46146289398701823
      ], 
      [
        0.3600459756787084, 
        0.36455669272885366, 
        0.858758019256052
      ]
    ], 
    "trans_mat": [
      -0.054106902549053426, 
      0.2031120609807923, 
      1.2458795639968132
    ]
  }, 
  {
    "img": "/media/hdd/YCBvideo/YCB_Video_Dataset/YCB_Video_Dataset/data/0026/000022-label.png", 
    "mask": "/media/hdd/YCBvideo/YCB_Video_Dataset/Generated_YCB_Video_Dataset/mask/0026/000022-mask-01.png", 
    "depth_minmax": [
      1.282, 
      1.35
    ], 
    "model": "/media/hdd/YCBvideo/YCB_Video_Dataset/YCB_Video_Dataset/models/010_potted_meat_can/textured.obj", 
    "rot_mat": [
      [
        -0.8870246411267972, 
        0.46014171270210186, 
        0.038170360364414666
      ], 
      [
        0.1675562967487081, 
        0.39782940688742446, 
        -0.9020294419781243
      ], 
      [
        -0.4302469154840924, 
        -0.7937267513166737, 
        -0.42998406108824583
      ]
    ], 
    "trans_mat": [
      0.10684467791080382, 
      0.1423584756857069, 
      1.3343148828843086
    ]
  }, 
  {
