[
  {
    "img": "/media/hdd/YCBvideo/YCB_Video_Dataset/YCB_Video_Dataset/data/0027/000001-label.png", 
    "mask": "/media/hdd/YCBvideo/YCB_Video_Dataset/Generated_YCB_Video_Dataset/mask/0027/000001-mask-00.png", 
    "depth_minmax": [
      0.611, 
      0.686
    ], 
    "model": "/media/hdd/YCBvideo/YCB_Video_Dataset/YCB_Video_Dataset/models/051_large_clamp/textured.obj", 
    "rot_mat": [
      [
        0.24393357789045134, 
        0.9608446742766019, 
        0.13142889053638776
      ], 
      [
        0.47553169232307374, 
        -0.0003960666518773516, 
        -0.8796983191258677
      ], 
      [
        -0.8452017068817932, 
        0.2770869939391131, 
        -0.45700863717980234
      ]
    ], 
    "trans_mat": [
      -0.042101868456056055, 
      0.06566282835876623, 
      0.6561967813890232
    ]
  }, 
  {
    "img": "/media/hdd/YCBvideo/YCB_Video_Dataset/YCB_Video_Dataset/data/0027/000002-label.png", 
    "mask": "/media/hdd/YCBvideo/YCB_Video_Dataset/Generated_YCB_Video_Dataset/mask/0027/000002-mask-00.png", 
    "depth_minmax": [
      0.61, 
      0.686
    ], 
    "model": "/media/hdd/YCBvideo/YCB_Video_Dataset/YCB_Video_Dataset/models/051_large_clamp/textured.obj", 
    "rot_mat": [
      [
        0.24107925077376002, 
        0.9618453490837477, 
        0.1293575992569236
      ], 
      [
        0.4733472729053012, 
        -0.0001729317489311778, 
        -0.8808758317395696
      ], 
      [
        -0.8472447784023852, 
        0.27359233831362884, 
        -0.4553281998466024
      ]
    ], 
    "trans_mat": [
      -0.04112917797822727, 
      0.06668926060138786, 
      0.6562319402575115
    ]
  }, 
  {
    "img": "/media/hdd/YCBvideo/YCB_Video_Dataset/YCB_Video_Dataset/data/0027/000003-label.png", 
    "mask": "/media/hdd/YCBvideo/YCB_Video_Dataset/Generated_YCB_Video_Dataset/mask/0027/000003-mask-00.png", 
    "depth_minmax": [
      0.611, 
      0.686
    ], 
    "model": "/media/hdd/YCBvideo/YCB_Video_Dataset/YCB_Video_Dataset/models/051_large_clamp/textured.obj", 
    "rot_mat": [
      [
        0.2391722095090948, 
        0.9625742124121198, 
        0.12746581477742752
      ], 
      [
        0.47230424068796106, 
        -0.0006325650878003861, 
        -0.8814355542558184
      ], 
      [
        -0.8483665076900296, 
        0.2710172467619679, 
        -0.45477836254760207
      ]
    ], 
    "trans_mat": [
      -0.03925355786917151, 
      0.06753613967533438, 
      0.6563656415180736
    ]
  }, 
  {
    "img": "/media/hdd/YCBvideo/YCB_Video_Dataset/YCB_Video_Dataset/data/0027/000004-label.png", 
    "mask": "/media/hdd/YCBvideo/YCB_Video_Dataset/Generated_YCB_Video_Dataset/mask/0027/000004-mask-00.png", 
    "depth_minmax": [
      0.61, 
      0.686
    ], 
    "model": "/media/hdd/YCBvideo/YCB_Video_Dataset/YCB_Video_Dataset/models/051_large_clamp/textured.obj", 
    "rot_mat": [
      [
        0.23924980911650018, 
        0.9627381093327783, 
        0.12607444342692595
      ], 
      [
        0.472714691030864, 
        -0.00207566522313564, 
        -0.8812126292072228
      ], 
      [
        -0.8481162117039236, 
        0.2704277417315328, 
        -0.45559619400765583
      ]
    ], 
    "trans_mat": [
      -0.03726442322924157, 
      0.0676222565480266, 
      0.6562647285836328
    ]
  }, 
  {
    "img": "/media/hdd/YCBvideo/YCB_Video_Dataset/YCB_Video_Dataset/data/0027/000005-label.png", 
    "mask": "/media/hdd/YCBvideo/YCB_Video_Dataset/Generated_YCB_Video_Dataset/mask/0027/000005-mask-00.png", 
    "depth_minmax": [
      0.611, 
      0.691
    ], 
    "model": "/media/hdd/YCBvideo/YCB_Video_Dataset/YCB_Video_Dataset/models/051_large_clamp/textured.obj", 
    "rot_mat": [
      [
        0.23731555589834327, 
        0.9633461952857347, 
        0.1250786473187383
      ], 
      [
        0.4716152091487483, 
        -0.0016882504884634022, 
        -0.881802330080727
      ], 
      [
        -0.8492712501220925, 
        0.26825501002075, 
        -0.45473002258864914
      ]
    ], 
    "trans_mat": [
      -0.03581284774206506, 
      0.06801254872755695, 
      0.6562269571531224
    ]
  }, 
  {
    "img": "/media/hdd/YCBvideo/YCB_Video_Dataset/YCB_Video_Dataset/data/0027/000006-label.png", 
    "mask": "/media/hdd/YCBvideo/YCB_Video_Dataset/Generated_YCB_Video_Dataset/mask/0027/000006-mask-00.png", 
    "depth_minmax": [
      0.612, 
      0.691
    ], 
    "model": "/media/hdd/YCBvideo/YCB_Video_Dataset/YCB_Video_Dataset/models/051_large_clamp/textured.obj", 
    "rot_mat": [
      [
        0.2352570553340729, 
        0.9637539424727662, 
        0.12582583561802907
      ], 
      [
        0.4716603893818644, 
        -1.11676462011582e-05, 
        -0.8817805885929085
      ], 
      [
        -0.8498187393468273, 
        0.26679217355685314, 
        -0.45456656590422256
      ]
    ], 
    "trans_mat": [
      -0.03510499975541425, 
      0.06864291338088295, 
      0.6562070668311255
    ]
  }, 
  {
    "img": "/media/hdd/YCBvideo/YCB_Video_Dataset/YCB_Video_Dataset/data/0027/000007-label.png", 
    "mask": "/media/hdd/YCBvideo/YCB_Video_Dataset/Generated_YCB_Video_Dataset/mask/0027/000007-mask-00.png", 
    "depth_minmax": [
      0.612, 
      0.681
    ], 
    "model": "/media/hdd/YCBvideo/YCB_Video_Dataset/YCB_Video_Dataset/models/051_large_clamp/textured.obj", 
    "rot_mat": [
      [
        0.23477498291399815, 
        0.9636282259704054, 
        0.12767309526051457
      ], 
      [
        0.4730368897667331, 
        0.0014814447552397394, 
        -0.8810413760675391
      ], 
      [
        -0.8491860679146231, 
        0.26724113751874123, 
        -0.455484484894697
      ]
    ], 
    "trans_mat": [
      -0.034823254223770875, 
      0.07017051945925815, 
      0.6562929841392378
    ]
  }, 
  {
    "img": "/media/hdd/YCBvideo/YCB_Video_Dataset/YCB_Video_Dataset/data/0027/000008-label.png", 
    "mask": "/media/hdd/YCBvideo/YCB_Video_Dataset/Generated_YCB_Video_Dataset/mask/0027/000008-mask-00.png", 
    "depth_minmax": [
      0.612, 
      0.686
    ], 
    "model": "/media/hdd/YCBvideo/YCB_Video_Dataset/YCB_Video_Dataset/models/051_large_clamp/textured.obj", 
    "rot_mat": [
      [
        0.23269205121016598, 
        0.9647333358950706, 
        0.12306136009945912
      ], 
      [
        0.4679181545086175, 
        -0.00012744031816497737, 
        -0.8837714048393893
      ], 
      [
        -0.8525885883819221, 
        0.26322966017634136, 
        -0.45144560066641487
      ]
    ], 
    "trans_mat": [
      -0.03323968077426805, 
      0.07086254897548445, 
      0.6563388598228778
    ]
  }, 
  {
    "img": "/media/hdd/YCBvideo/YCB_Video_Dataset/YCB_Video_Dataset/data/0027/000009-label.png", 
    "mask": "/media/hdd/YCBvideo/YCB_Video_Dataset/Generated_YCB_Video_Dataset/mask/0027/000009-mask-00.png", 
    "depth_minmax": [
      0.612, 
      0.686
    ], 
    "model": "/media/hdd/YCBvideo/YCB_Video_Dataset/YCB_Video_Dataset/models/051_large_clamp/textured.obj", 
    "rot_mat": [
      [
        0.23210604606762902, 
        0.965431350319372, 
        0.11861191862286825
      ], 
      [
        0.4673742056676819, 
        -0.003750856741168632, 
        -0.8840517353657962
      ], 
      [
        -0.8530465756169223, 
        0.26063063133869535, 
        -0.45208775874914087
      ]
    ], 
    "trans_mat": [
      -0.03149600623553103, 
      0.07094477085819131, 
      0.6564585707511815
    ]
  }, 
  {
    "img": "/media/hdd/YCBvideo/YCB_Video_Dataset/YCB_Video_Dataset/data/0027/000010-label.png", 
    "mask": "/media/hdd/YCBvideo/YCB_Video_Dataset/Generated_YCB_Video_Dataset/mask/0027/000010-mask-00.png", 
    "depth_minmax": [
      0.612, 
      0.682
    ], 
    "model": "/media/hdd/YCBvideo/YCB_Video_Dataset/YCB_Video_Dataset/models/051_large_clamp/textured.obj", 
    "rot_mat": [
      [
        0.23172561277050283, 
        0.9655542984891231, 
        0.11835366134961227
      ], 
      [
        0.46831451070629504, 
        -0.004089728519343366, 
        -0.8835517984174474
      ], 
      [
        -0.8526340993815608, 
        0.2601691950946049, 
        -0.45313064501087846
      ]
    ], 
    "trans_mat": [
      -0.030903741305675053, 
      0.07119224047833746, 
      0.6565247060151501
    ]
  }, 
  {
    "img": "/media/hdd/YCBvideo/YCB_Video_Dataset/YCB_Video_Dataset/data/0027/000011-label.png", 
    "mask": "/media/hdd/YCBvideo/YCB_Video_Dataset/Generated_YCB_Video_Dataset/mask/0027/000011-mask-00.png", 
    "depth_minmax": [
      0.612, 
      0.686
    ], 
    "model": "/media/hdd/YCBvideo/YCB_Video_Dataset/YCB_Video_Dataset/models/051_large_clamp/textured.obj", 
    "rot_mat": [
      [
        0.23027635377217873, 
        0.9655475811165337, 
        0.12120309467288155
      ], 
      [
        0.46698451494340254, 
        -0.0003723671917947952, 
        -0.8842647002803196
      ], 
      [
        -0.8537562371631481, 
        0.26022563767520707, 
        -0.4509819014307048
      ]
    ], 
    "trans_mat": [
      -0.030574503581711914, 
      0.07172979374673251, 
      0.6564154861533164
    ]
  }, 
  {
    "img": "/media/hdd/YCBvideo/YCB_Video_Dataset/YCB_Video_Dataset/data/0027/000012-label.png", 
    "mask": "/media/hdd/YCBvideo/YCB_Video_Dataset/Generated_YCB_Video_Dataset/mask/0027/000012-mask-00.png", 
    "depth_minmax": [
      0.611, 
      0.686
    ], 
    "model": "/media/hdd/YCBvideo/YCB_Video_Dataset/YCB_Video_Dataset/models/051_large_clamp/textured.obj", 
    "rot_mat": [
      [
        0.22897666799881547, 
        0.9660396634661979, 
        0.11973768327526829
      ], 
      [
        0.46567492526818083, 
        -0.0006894493600652996, 
        -0.8849550751841493
      ], 
      [
        -0.8548199022083872, 
        0.2583937036680327, 
        -0.4500179535988475
      ]
    ], 
    "trans_mat": [
      -0.030238822190913613, 
      0.07224155049061212, 
      0.6565011316283129
    ]
  }, 
  {
    "img": "/media/hdd/YCBvideo/YCB_Video_Dataset/YCB_Video_Dataset/data/0027/000013-label.png", 
    "mask": "/media/hdd/YCBvideo/YCB_Video_Dataset/Generated_YCB_Video_Dataset/mask/0027/000013-mask-00.png", 
    "depth_minmax": [
      0.612, 
      0.692
    ], 
    "model": "/media/hdd/YCBvideo/YCB_Video_Dataset/YCB_Video_Dataset/models/051_large_clamp/textured.obj", 
    "rot_mat": [
      [
        0.22743776881294628, 
        0.9665950652817504, 
        0.11817751236101788
      ], 
      [
        0.46572091741897864, 
        -0.0013899761122447166, 
        -0.8849303321297475
      ], 
      [
        -0.8552057576802652, 
        0.256304933537002, 
        -0.4504794101630881
      ]
    ], 
    "trans_mat": [
      -0.028939525602810975, 
      0.0714476019124327, 
      0.6567802483624815
    ]
  }, 
  {
    "img": "/media/hdd/YCBvideo/YCB_Video_Dataset/YCB_Video_Dataset/data/0027/000014-label.png", 
    "mask": "/media/hdd/YCBvideo/YCB_Video_Dataset/Generated_YCB_Video_Dataset/mask/0027/000014-mask-00.png", 
    "depth_minmax": [
      0.612, 
      0.682
    ], 
    "model": "/media/hdd/YCBvideo/YCB_Video_Dataset/YCB_Video_Dataset/models/051_large_clamp/textured.obj", 
    "rot_mat": [
      [
        0.22672147277179655, 
        0.9673635522852034, 
        0.11315517390835862
      ], 
      [
        0.4653815330541118, 
        -0.00554011652466816, 
        -0.8850931560361294
      ], 
      [
        -0.8555804246871119, 
        0.2533302567405813, 
        -0.4514484587642237
      ]
    ], 
    "trans_mat": [
      -0.026691610819687225, 
      0.06951540658730339, 
      0.6566971962984071
    ]
  }, 
  {
    "img": "/media/hdd/YCBvideo/YCB_Video_Dataset/YCB_Video_Dataset/data/0027/000015-label.png", 
    "mask": "/media/hdd/YCBvideo/YCB_Video_Dataset/Generated_YCB_Video_Dataset/mask/0027/000015-mask-00.png", 
    "depth_minmax": [
      0.613, 
      0.682
    ], 
    "model": "/media/hdd/YCBvideo/YCB_Video_Dataset/YCB_Video_Dataset/models/051_large_clamp/textured.obj", 
    "rot_mat": [
      [
        0.22653300308300386, 
        0.9677358501722831, 
        0.1103176438776399
      ], 
      [
        0.46788325673752934, 
        -0.008781786661915305, 
        -0.8837462570668765
      ], 
      [
        -0.8542650829700842, 
        0.2518143482817801, 
        -0.4547765109094079
      ]
    ], 
    "trans_mat": [
      -0.024711030018411056, 
      0.06567411228574632, 
      0.6566086866900416
    ]
  }, 
  {
    "img": "/media/hdd/YCBvideo/YCB_Video_Dataset/YCB_Video_Dataset/data/0027/000016-label.png", 
    "mask": "/media/hdd/YCBvideo/YCB_Video_Dataset/Generated_YCB_Video_Dataset/mask/0027/000016-mask-00.png", 
    "depth_minmax": [
      0.613, 
      0.686
    ], 
    "model": "/media/hdd/YCBvideo/YCB_Video_Dataset/YCB_Video_Dataset/models/051_large_clamp/textured.obj", 
    "rot_mat": [
      [
        0.22368087276993284, 
        0.9686001338214466, 
        0.10853671322260684
      ], 
      [
        0.4711708666650873, 
        -0.00997702164457853, 
        -0.8819852920711684
      ], 
      [
        -0.8532088305691999, 
        0.24842274825696375, 
        -0.45860789854110756
      ]
    ], 
    "trans_mat": [
      -0.02222418899836637, 
      0.061482095255831495, 
      0.6566403663583171
    ]
  }, 
  {
    "img": "/media/hdd/YCBvideo/YCB_Video_Dataset/YCB_Video_Dataset/data/0027/000017-label.png", 
    "mask": "/media/hdd/YCBvideo/YCB_Video_Dataset/Generated_YCB_Video_Dataset/mask/0027/000017-mask-00.png", 
    "depth_minmax": [
      0.612, 
      0.681
    ], 
    "model": "/media/hdd/YCBvideo/YCB_Video_Dataset/YCB_Video_Dataset/models/051_large_clamp/textured.obj", 
    "rot_mat": [
      [
        0.22194086580369016, 
        0.9691067081505239, 
        0.10758656909236113
      ], 
      [
        0.473537992852635, 
        -0.010674866089183228, 
        -0.880708123523262
      ], 
      [
        -0.8523519578085006, 
        0.24641144736123138, 
        -0.4612780028162885
      ]
    ], 
    "trans_mat": [
      -0.019885003174653443, 
      0.058622414855405536, 
      0.6564379226051512
    ]
  }, 
  {
    "img": "/media/hdd/YCBvideo/YCB_Video_Dataset/YCB_Video_Dataset/data/0027/000018-label.png", 
    "mask": "/media/hdd/YCBvideo/YCB_Video_Dataset/Generated_YCB_Video_Dataset/mask/0027/000018-mask-00.png", 
    "depth_minmax": [
      0.613, 
      0.686
    ], 
    "model": "/media/hdd/YCBvideo/YCB_Video_Dataset/YCB_Video_Dataset/models/051_large_clamp/textured.obj", 
    "rot_mat": [
      [
        0.21986891517001247, 
        0.9694971637300729, 
        0.1083193301911058
      ], 
      [
        0.47589502821343854, 
        -0.009667956803217291, 
        -0.879448403550174
      ], 
      [
        -0.851576168534327, 
        0.24491258567729624, 
        -0.46350430897054595
      ]
    ], 
    "trans_mat": [
      -0.017434329500766947, 
      0.057262810880687125, 
      0.6565004043380664
    ]
  }, 
  {
    "img": "/media/hdd/YCBvideo/YCB_Video_Dataset/YCB_Video_Dataset/data/0027/000019-label.png", 
    "mask": "/media/hdd/YCBvideo/YCB_Video_Dataset/Generated_YCB_Video_Dataset/mask/0027/000019-mask-00.png", 
    "depth_minmax": [
      0.613, 
      0.682
    ], 
    "model": "/media/hdd/YCBvideo/YCB_Video_Dataset/YCB_Video_Dataset/models/051_large_clamp/textured.obj", 
    "rot_mat": [
      [
        0.21584465861936833, 
        0.9709126714862859, 
        0.10363353488428377
      ], 
      [
        0.4750126440122465, 
        -0.0116812635963287, 
        -0.8799010637763823
      ], 
      [
        -0.8530974640913831, 
        0.23914942063161146, 
        -0.46371619225208305
      ]
    ], 
    "trans_mat": [
      -0.014540941156405236, 
      0.057129401591388775, 
      0.6569863505759704
    ]
  }, 
  {
    "img": "/media/hdd/YCBvideo/YCB_Video_Dataset/YCB_Video_Dataset/data/0027/000020-label.png", 
    "mask": "/media/hdd/YCBvideo/YCB_Video_Dataset/Generated_YCB_Video_Dataset/mask/0027/000020-mask-00.png", 
    "depth_minmax": [
      0.615, 
      0.682
    ], 
    "model": "/media/hdd/YCBvideo/YCB_Video_Dataset/YCB_Video_Dataset/models/051_large_clamp/textured.obj", 
    "rot_mat": [
      [
        0.2164513996556391, 
        0.9714566598682657, 
        0.09706242298749766
      ], 
      [
        0.4723063315422185, 
        -0.017184239936714935, 
        -0.8812669004320803
      ], 
      [
        -0.8544450109261947, 
        0.23659481952536326, 
        -0.46254465907759473
      ]
    ], 
    "trans_mat": [
      -0.010952156789491288, 
      0.05795624745781353, 
      0.6573637749015103
    ]
  }, 
  {
    "img": "/media/hdd/YCBvideo/YCB_Video_Dataset/YCB_Video_Dataset/data/0027/000021-label.png", 
    "mask": "/media/hdd/YCBvideo/YCB_Video_Dataset/Generated_YCB_Video_Dataset/mask/0027/000021-mask-00.png", 
    "depth_minmax": [
      0.615, 
      0.678
    ], 
    "model": "/media/hdd/YCBvideo/YCB_Video_Dataset/YCB_Video_Dataset/models/051_large_clamp/textured.obj", 
    "rot_mat": [
      [
        0.21582736384216394, 
        0.9724700185156598, 
        0.08786811130779669
      ], 
      [
        0.4711232681750975, 
        -0.02489182063878912, 
        -0.8817158563680015
      ], 
      [
        -0.8552560977384784, 
        0.2316956388387617, 
        -0.46352513621976876
      ]
    ], 
    "trans_mat": [
      -0.008156754815034594, 
      0.059130659584263535, 
      0.6580279809399822
    ]
  }, 
  {
    "img": "/media/hdd/YCBvideo/YCB_Video_Dataset/YCB_Video_Dataset/data/0027/000022-label.png", 
    "mask": "/media/hdd/YCBvideo/YCB_Video_Dataset/Generated_YCB_Video_Dataset/mask/0027/000022-mask-00.png", 
    "depth_minmax": [
      0.615, 
      0.683
    ], 
    "model": "/media/hdd/YCBvideo/YCB_Video_Dataset/YCB_Video_Dataset/models/051_large_clamp/textured.obj", 
    "rot_mat": [
      [
        0.21529280523368843, 
        0.9731613595426064, 
        0.08128052237984071
      ], 
      [
        0.4676853927069377, 
        -0.029682987288607774, 
        -0.8833958185468672
      ], 
      [
        -0.8572745246870344, 
        0.22820254015705457, 
        -0.4615235319084947
      ]
    ], 
    "trans_mat": [
      -0.005698067223829192, 
      0.06075646208080091, 
      0.6587634314907374
    ]
  }, 
  {
    "img": "/media/hdd/YCBvideo/YCB_Video_Dataset/YCB_Video_Dataset/data/0027/000023-label.png", 
    "mask": "/media/hdd/YCBvideo/YCB_Video_Dataset/Generated_YCB_Video_Dataset/mask/0027/000023-mask-00.png", 
    "depth_minmax": [
      0.616, 
      0.684
    ], 
    "model": "/media/hdd/YCBvideo/YCB_Video_Dataset/YCB_Video_Dataset/models/051_large_clamp/textured.obj", 
    "rot_mat": [
      [
        0.2153691097231911, 
        0.9731856874337049, 
        0.08078051902858532
      ], 
      [
        0.4675346949422964, 
        -0.030134622389643807, 
        -0.883460972939488
      ], 
      [
        -0.8573374248713242, 
        0.22803846219905868, 
        -0.4614885115112445
      ]
    ], 
    "trans_mat": [
      -0.004817164094545617, 
      0.06276591141123791, 
      0.659386312699137
    ]
  }, 
  {
    "img": "/media/hdd/YCBvideo/YCB_Video_Dataset/YCB_Video_Dataset/data/0027/000024-label.png", 
    "mask": "/media/hdd/YCBvideo/YCB_Video_Dataset/Generated_YCB_Video_Dataset/mask/0027/000024-mask-00.png", 
    "depth_minmax": [
      0.616, 
      0.68
    ], 
    "model": "/media/hdd/YCBvideo/YCB_Video_Dataset/YCB_Video_Dataset/models/051_large_clamp/textured.obj", 
    "rot_mat": [
      [
        0.21270178107116847, 
        0.9739351500324933, 
        0.07879536232655188
      ], 
      [
        0.4648819975126265, 
        -0.029938495398809647, 
        -0.8848660521832211
      ], 
      [
        -0.8594436864164563, 
        0.22484339593536729, 
        -0.4591319943855181
      ]
    ], 
    "trans_mat": [
      -0.00404798584667641, 
      0.06528800794991411, 
      0.6600720823440601
    ]
  }, 
  {
    "img": "/media/hdd/YCBvideo/YCB_Video_Dataset/YCB_Video_Dataset/data/0027/000025-label.png", 
    "mask": "/media/hdd/YCBvideo/YCB_Video_Dataset/Generated_YCB_Video_Dataset/mask/0027/000025-mask-00.png", 
    "depth_minmax": [
      0.617, 
      0.681
    ], 
    "model": "/media/hdd/YCBvideo/YCB_Video_Dataset/YCB_Video_Dataset/models/051_large_clamp/textured.obj", 
    "rot_mat": [
      [
        0.21174921013941436, 
        0.9742385072569628, 
        0.07759342405925132
      ], 
      [
        0.462556546291542, 
        -0.029964176730355965, 
        -0.8860829048775312
      ], 
      [
        -0.8609322342930328, 
        0.22351937730318658, 
        -0.45698490417509874
      ]
    ], 
    "trans_mat": [
      -0.002390734063128761, 
      0.06848530529669601, 
      0.6606893554036627
    ]
  }, 
  {
    "img": "/media/hdd/YCBvideo/YCB_Video_Dataset/YCB_Video_Dataset/data/0027/000026-label.png", 
    "mask": "/media/hdd/YCBvideo/YCB_Video_Dataset/Generated_YCB_Video_Dataset/mask/0027/000026-mask-00.png", 
    "depth_minmax": [
      0.618, 
      0.685
    ], 
    "model": "/media/hdd/YCBvideo/YCB_Video_Dataset/YCB_Video_Dataset/models/051_large_clamp/textured.obj", 
    "rot_mat": [
      [
        0.20993672628126528, 
        0.9747508797970168, 
        0.07607474640940354
      ], 
      [
        0.4574757511920174, 
        -0.029166969812031023, 
        -0.8887436066786437
      ], 
      [
        -0.8640853342988509, 
        0.22138284360109534, 
        -0.4520482922740171
      ]
    ], 
    "trans_mat": [
      -0.0007369812190338755, 
      0.0722956600856744, 
      0.6610934158250313
    ]
  }, 
  {
    "img": "/media/hdd/YCBvideo/YCB_Video_Dataset/YCB_Video_Dataset/data/0027/000027-label.png", 
    "mask": "/media/hdd/YCBvideo/YCB_Video_Dataset/Generated_YCB_Video_Dataset/mask/0027/000027-mask-00.png", 
    "depth_minmax": [
      0.618, 
      0.686
    ], 
    "model": "/media/hdd/YCBvideo/YCB_Video_Dataset/YCB_Video_Dataset/models/051_large_clamp/textured.obj", 
    "rot_mat": [
      [
        0.21045615903108297, 
        0.9748319256824154, 
        0.07355956197320765
      ], 
      [
        0.45601827128305605, 
        -0.031334857868072476, 
        -0.8894185228945577
      ], 
      [
        -0.8647285292527742, 
        0.220728387536991, 
        -0.45113546031256785
      ]
    ], 
    "trans_mat": [
      0.0026245960769144747, 
      0.07595282806912088, 
      0.6619098385583085
    ]
  }, 
  {
    "img": "/media/hdd/YCBvideo/YCB_Video_Dataset/YCB_Video_Dataset/data/0027/000028-label.png", 
    "mask": "/media/hdd/YCBvideo/YCB_Video_Dataset/Generated_YCB_Video_Dataset/mask/0027/000028-mask-00.png", 
    "depth_minmax": [
      0.619, 
      0.682
    ], 
    "model": "/media/hdd/YCBvideo/YCB_Video_Dataset/YCB_Video_Dataset/models/051_large_clamp/textured.obj", 
    "rot_mat": [
      [
        0.20582374374256202, 
        0.9762848725522841, 
        0.06711231591344359
      ], 
      [
        0.4510169026492746, 
        -0.03377543362135711, 
        -0.8918760923287214
      ], 
      [
        -0.8684588093067103, 
        0.21383911296664107, 
        -0.4472719802376886
      ]
    ], 
    "trans_mat": [
      0.006725892424605834, 
      0.07820181138561105, 
      0.6623215036743155
    ]
  }, 
  {
    "img": "/media/hdd/YCBvideo/YCB_Video_Dataset/YCB_Video_Dataset/data/0027/000029-label.png", 
    "mask": "/media/hdd/YCBvideo/YCB_Video_Dataset/Generated_YCB_Video_Dataset/mask/0027/000029-mask-00.png", 
    "depth_minmax": [
      0.619, 
      0.678
    ], 
    "model": "/media/hdd/YCBvideo/YCB_Video_Dataset/YCB_Video_Dataset/models/051_large_clamp/textured.obj", 
    "rot_mat": [
      [
        0.20270238956885148, 
        0.9769910053646041, 
        0.06633558895663057
      ], 
      [
        0.4492841437473594, 
        -0.03259698902202548, 
        -0.8927932175775384
      ], 
      [
        -0.8700894864323221, 
        0.21077565466315187, 
        -0.44555396907553213
      ]
    ], 
    "trans_mat": [
      0.010268751580112707, 
      0.07987850549099905, 
      0.662461272134436
    ]
  }, 
  {
    "img": "/media/hdd/YCBvideo/YCB_Video_Dataset/YCB_Video_Dataset/data/0027/000030-label.png", 
    "mask": "/media/hdd/YCBvideo/YCB_Video_Dataset/Generated_YCB_Video_Dataset/mask/0027/000030-mask-00.png", 
    "depth_minmax": [
      0.619, 
      0.678
    ], 
    "model": "/media/hdd/YCBvideo/YCB_Video_Dataset/YCB_Video_Dataset/models/051_large_clamp/textured.obj", 
    "rot_mat": [
      [
        0.19926213433926726, 
        0.977813444081412, 
        0.06460975889701215
      ], 
      [
        0.4480298496320862, 
        -0.03226666577931296, 
        -0.8934362365852264
      ], 
      [
        -0.8715301184162773, 
        0.2069753562617234, 
        -0.4445186421127522
      ]
    ], 
    "trans_mat": [
      0.014681800254346969, 
      0.08019965588391986, 
      0.6624485186552079
    ]
  }, 
  {
    "img": "/media/hdd/YCBvideo/YCB_Video_Dataset/YCB_Video_Dataset/data/0027/000031-label.png", 
    "mask": "/media/hdd/YCBvideo/YCB_Video_Dataset/Generated_YCB_Video_Dataset/mask/0027/000031-mask-00.png", 
    "depth_minmax": [
      0.621, 
      0.673
    ], 
    "model": "/media/hdd/YCBvideo/YCB_Video_Dataset/YCB_Video_Dataset/models/051_large_clamp/textured.obj", 
    "rot_mat": [
      [
        0.19269812113756551, 
        0.9791570580623249, 
        0.06417549467231128
      ], 
      [
        0.4470729750881791, 
        -0.029388786337383073, 
        -0.8940137400607848
      ], 
      [
        -0.8734949368316156, 
        0.200966861179778, 
        -0.4434176956055596
      ]
    ], 
    "trans_mat": [
      0.01827265833749503, 
      0.08014612980171804, 
      0.6626810187257879
    ]
  }, 
  {
    "img": "/media/hdd/YCBvideo/YCB_Video_Dataset/YCB_Video_Dataset/data/0027/000032-label.png", 
    "mask": "/media/hdd/YCBvideo/YCB_Video_Dataset/Generated_YCB_Video_Dataset/mask/0027/000032-mask-00.png", 
    "depth_minmax": [
      0.621, 
      0.669
    ], 
    "model": "/media/hdd/YCBvideo/YCB_Video_Dataset/YCB_Video_Dataset/models/051_large_clamp/textured.obj", 
    "rot_mat": [
      [
        0.1884995691301562, 
        0.9798634103609829, 
        0.06584194323641092
      ], 
      [
        0.4460411348319497, 
        -0.025690699401892652, 
        -0.89464369022558
      ], 
      [
        -0.8749371757155733, 
        0.1980085737342043, 
        -0.4419019396755624
      ]
    ], 
    "trans_mat": [
      0.020311954185734143, 
      0.08085935598891829, 
      0.6631079114685133
    ]
  }, 
  {
    "img": "/media/hdd/YCBvideo/YCB_Video_Dataset/YCB_Video_Dataset/data/0027/000033-label.png", 
    "mask": "/media/hdd/YCBvideo/YCB_Video_Dataset/Generated_YCB_Video_Dataset/mask/0027/000033-mask-00.png", 
    "depth_minmax": [
      0.622, 
      0.678
    ], 
    "model": "/media/hdd/YCBvideo/YCB_Video_Dataset/YCB_Video_Dataset/models/051_large_clamp/textured.obj", 
    "rot_mat": [
      [
        0.18658778238298485, 
        0.9803959071283274, 
        0.0633197463243125
      ], 
      [
        0.4449835310976163, 
        -0.026875816646048104, 
        -0.8951348470360836
      ], 
      [
        -0.8758853365556404, 
        0.19519822913297302, 
        -0.4412750647779545
      ]
    ], 
    "trans_mat": [
      0.021988371979029038, 
      0.08291601726712915, 
      0.6637042280758327
    ]
  }, 
  {
    "img": "/media/hdd/YCBvideo/YCB_Video_Dataset/YCB_Video_Dataset/data/0027/000034-label.png", 
    "mask": "/media/hdd/YCBvideo/YCB_Video_Dataset/Generated_YCB_Video_Dataset/mask/0027/000034-mask-00.png", 
    "depth_minmax": [
      0.623, 
      0.674
    ], 
    "model": "/media/hdd/YCBvideo/YCB_Video_Dataset/YCB_Video_Dataset/models/051_large_clamp/textured.obj", 
    "rot_mat": [
      [
        0.18636688853924513, 
        0.9806090104391898, 
        0.060610718998210314
      ], 
      [
        0.4416483358607212, 
        -0.028510060919374667, 
        -0.8967350586784976
      ], 
      [
        -0.8776186068066336, 
        0.1938906304350434, 
        -0.43839749672625034
      ]
    ], 
    "trans_mat": [
      0.022359777537697377, 
      0.08499920203487787, 
      0.6645088719995678
    ]
  }, 
  {
    "img": "/media/hdd/YCBvideo/YCB_Video_Dataset/YCB_Video_Dataset/data/0027/000035-label.png", 
    "mask": "/media/hdd/YCBvideo/YCB_Video_Dataset/Generated_YCB_Video_Dataset/mask/0027/000035-mask-00.png", 
    "depth_minmax": [
      0.624, 
      0.685
    ], 
    "model": "/media/hdd/YCBvideo/YCB_Video_Dataset/YCB_Video_Dataset/models/051_large_clamp/textured.obj", 
    "rot_mat": [
      [
        0.18857764977853866, 
        0.9802865556660352, 
        0.05897219207105697
      ], 
      [
        0.44133662631619913, 
        -0.030949931401281945, 
        -0.8968080571929322
      ], 
      [
        -0.877303212749845, 
        0.19514548688271974, 
        -0.43847183870435513
      ]
    ], 
    "trans_mat": [
      0.02213119261997782, 
      0.0870068658364334, 
      0.6655363475740521
    ]
  }, 
  {
    "img": "/media/hdd/YCBvideo/YCB_Video_Dataset/YCB_Video_Dataset/data/0027/000036-label.png", 
    "mask": "/media/hdd/YCBvideo/YCB_Video_Dataset/Generated_YCB_Video_Dataset/mask/0027/000036-mask-00.png", 
    "depth_minmax": [
      0.625, 
      0.686
    ], 
    "model": "/media/hdd/YCBvideo/YCB_Video_Dataset/YCB_Video_Dataset/models/051_large_clamp/textured.obj", 
    "rot_mat": [
      [
        0.18825317178492768, 
        0.9803870074817862, 
        0.05833519869198528
      ], 
      [
        0.43817345047068956, 
        -0.030683108249665064, 
        -0.8983661722931737
      ], 
      [
        -0.8789570941712082, 
        0.19468190450301892, 
        -0.4353548142122637
      ]
    ], 
    "trans_mat": [
      0.021409726471831092, 
      0.08947658207487463, 
      0.6666200036927743
    ]
  }, 
  {
    "img": "/media/hdd/YCBvideo/YCB_Video_Dataset/YCB_Video_Dataset/data/0027/000037-label.png", 
    "mask": "/media/hdd/YCBvideo/YCB_Video_Dataset/Generated_YCB_Video_Dataset/mask/0027/000037-mask-00.png", 
    "depth_minmax": [
      0.626, 
      0.678
    ], 
    "model": "/media/hdd/YCBvideo/YCB_Video_Dataset/YCB_Video_Dataset/models/051_large_clamp/textured.obj", 
    "rot_mat": [
      [
        0.18662578940695415, 
        0.9806458583011042, 
        0.059197286419832844
      ], 
      [
        0.43679286695713115, 
        -0.0288509732737023, 
        -0.8990994538053667
      ], 
      [
        -0.8799909723650241, 
        0.19365236773057629, 
        -0.4337228449372554
      ]
    ], 
    "trans_mat": [
      0.0202692468253624, 
      0.09088006771234053, 
      0.6679350987583762
    ]
  }, 
  {
    "img": "/media/hdd/YCBvideo/YCB_Video_Dataset/YCB_Video_Dataset/data/0027/000038-label.png", 
    "mask": "/media/hdd/YCBvideo/YCB_Video_Dataset/Generated_YCB_Video_Dataset/mask/0027/000038-mask-00.png", 
    "depth_minmax": [
      0.627, 
      0.684
    ], 
    "model": "/media/hdd/YCBvideo/YCB_Video_Dataset/YCB_Video_Dataset/models/051_large_clamp/textured.obj", 
    "rot_mat": [
      [
        0.18767044294057114, 
        0.9805087554952526, 
        0.058152757661256146
      ], 
      [
        0.43733935362598025, 
        -0.030401889067133068, 
        -0.8987826128371115
      ], 
      [
        -0.8794969252040113, 
        0.19410833373214037, 
        -0.4345199861759568
      ]
    ], 
    "trans_mat": [
      0.02021663086901629, 
      0.09027704897897497, 
      0.6690911436084147
    ]
  }, 
  {
    "img": "/media/hdd/YCBvideo/YCB_Video_Dataset/YCB_Video_Dataset/data/0027/000039-label.png", 
    "mask": "/media/hdd/YCBvideo/YCB_Video_Dataset/Generated_YCB_Video_Dataset/mask/0027/000039-mask-00.png", 
    "depth_minmax": [
      0.629, 
      0.685
    ], 
    "model": "/media/hdd/YCBvideo/YCB_Video_Dataset/YCB_Video_Dataset/models/051_large_clamp/textured.obj", 
    "rot_mat": [
      [
        0.1866588765501956, 
        0.9809363847883237, 
        0.05405071062621765
      ], 
      [
        0.43927068494576016, 
        -0.03412302353378322, 
        -0.8977063153194617
      ], 
      [
        -0.878748980103766, 
        0.1913082634056946, 
        -0.4372649867685653
      ]
    ], 
    "trans_mat": [
      0.020932302227995483, 
      0.08825049581284548, 
      0.6702928859924733
    ]
  }, 
  {
    "img": "/media/hdd/YCBvideo/YCB_Video_Dataset/YCB_Video_Dataset/data/0027/000040-label.png", 
    "mask": "/media/hdd/YCBvideo/YCB_Video_Dataset/Generated_YCB_Video_Dataset/mask/0027/000040-mask-00.png", 
    "depth_minmax": [
      0.63, 
      0.681
    ], 
    "model": "/media/hdd/YCBvideo/YCB_Video_Dataset/YCB_Video_Dataset/models/051_large_clamp/textured.obj", 
    "rot_mat": [
      [
        0.18362153114021457, 
        0.9816837722395815, 
        0.05080022140163367
      ], 
      [
        0.43872436719173363, 
        -0.03559660096917612, 
        -0.8979159221307118
      ], 
      [
        -0.8796616318623823, 
        0.18716415885107124, 
        -0.43722539932631216
      ]
    ], 
    "trans_mat": [
      0.020525859394783567, 
      0.08672737454014001, 
      0.6712579445203714
    ]
  }, 
  {
    "img": "/media/hdd/YCBvideo/YCB_Video_Dataset/YCB_Video_Dataset/data/0027/000041-label.png", 
    "mask": "/media/hdd/YCBvideo/YCB_Video_Dataset/Generated_YCB_Video_Dataset/mask/0027/000041-mask-00.png", 
    "depth_minmax": [
      0.63, 
      0.689
    ], 
    "model": "/media/hdd/YCBvideo/YCB_Video_Dataset/YCB_Video_Dataset/models/051_large_clamp/textured.obj", 
    "rot_mat": [
      [
        0.18221508975859396, 
        0.9819083742606842, 
        0.05151138107002804
      ], 
      [
        0.4406771938350409, 
        -0.034721128861682236, 
        -0.8969934720489458
      ], 
      [
        -0.8789775048833126, 
        0.18614637301478007, 
        -0.43903148502736733
      ]
    ], 
    "trans_mat": [
      0.018643423209874416, 
      0.08772902782284088, 
      0.6730737111472274
    ]
  }, 
  {
    "img": "/media/hdd/YCBvideo/YCB_Video_Dataset/YCB_Video_Dataset/data/0027/000042-label.png", 
    "mask": "/media/hdd/YCBvideo/YCB_Video_Dataset/Generated_YCB_Video_Dataset/mask/0027/000042-mask-00.png", 
    "depth_minmax": [
      0.632, 
      0.689
    ], 
    "model": "/media/hdd/YCBvideo/YCB_Video_Dataset/YCB_Video_Dataset/models/051_large_clamp/textured.obj", 
    "rot_mat": [
      [
        0.18055776834317383, 
        0.9824501861003931, 
        0.04680578473355389
      ], 
      [
        0.4383823985900522, 
        -0.03778528973236308, 
        -0.8979932213809538
      ], 
      [
        -0.8804660268395142, 
        0.182658611661445, 
        -0.43751155923476437
      ]
    ], 
    "trans_mat": [
      0.019840540942339648, 
      0.08742819739331953, 
      0.6737703000423181
    ]
  }, 
  {
    "img": "/media/hdd/YCBvideo/YCB_Video_Dataset/YCB_Video_Dataset/data/0027/000043-label.png", 
    "mask": "/media/hdd/YCBvideo/YCB_Video_Dataset/Generated_YCB_Video_Dataset/mask/0027/000043-mask-00.png", 
    "depth_minmax": [
      0.634, 
      0.685
    ], 
    "model": "/media/hdd/YCBvideo/YCB_Video_Dataset/YCB_Video_Dataset/models/051_large_clamp/textured.obj", 
    "rot_mat": [
      [
        0.17812207403994554, 
        0.9830850576359311, 
        0.04261592775172436
      ], 
      [
        0.43976999402308165, 
        -0.04078828175363739, 
        -0.8971828728400586
      ], 
      [
        -0.8802703531567702, 
        0.17854978494541787, 
        -0.43959634922583746
      ]
    ], 
    "trans_mat": [
      0.021247548134601467, 
      0.08556511797303841, 
      0.6748288667186414
    ]
  }, 
  {
    "img": "/media/hdd/YCBvideo/YCB_Video_Dataset/YCB_Video_Dataset/data/0027/000044-label.png", 
    "mask": "/media/hdd/YCBvideo/YCB_Video_Dataset/Generated_YCB_Video_Dataset/mask/0027/000044-mask-00.png", 
    "depth_minmax": [
      0.634, 
      0.686
    ], 
    "model": "/media/hdd/YCBvideo/YCB_Video_Dataset/YCB_Video_Dataset/models/051_large_clamp/textured.obj", 
    "rot_mat": [
      [
        0.17540274428052952, 
        0.9837133730334935, 
        0.03926221175987087
      ], 
      [
        0.4420807678073411, 
        -0.04306696506338471, 
        -0.8959406302388181
      ], 
      [
        -0.8796584443620886, 
        0.17450800477557932, 
        -0.4424347809092909
      ]
    ], 
    "trans_mat": [
      0.02254447365915708, 
      0.0838097059560324, 
      0.6756299511112993
    ]
  }, 
  {
    "img": "/media/hdd/YCBvideo/YCB_Video_Dataset/YCB_Video_Dataset/data/0027/000045-label.png", 
    "mask": "/media/hdd/YCBvideo/YCB_Video_Dataset/Generated_YCB_Video_Dataset/mask/0027/000045-mask-00.png", 
    "depth_minmax": [
      0.636, 
      0.682
    ], 
    "model": "/media/hdd/YCBvideo/YCB_Video_Dataset/YCB_Video_Dataset/models/051_large_clamp/textured.obj", 
    "rot_mat": [
      [
        0.17134972564824832, 
        0.9845140149552105, 
        0.0370346580150203
      ], 
      [
        0.4436532607793699, 
        -0.043542971408679576, 
        -0.8951398089705341
      ], 
      [
        -0.8796656448948672, 
        0.16981331582870496, 
        -0.4442438315476125
      ]
    ], 
    "trans_mat": [
      0.022664277056910813, 
      0.08267277796336296, 
      0.6762932413109097
    ]
  }, 
  {
    "img": "/media/hdd/YCBvideo/YCB_Video_Dataset/YCB_Video_Dataset/data/0027/000046-label.png", 
    "mask": "/media/hdd/YCBvideo/YCB_Video_Dataset/Generated_YCB_Video_Dataset/mask/0027/000046-mask-00.png", 
    "depth_minmax": [
      0.636, 
      0.682
    ], 
    "model": "/media/hdd/YCBvideo/YCB_Video_Dataset/YCB_Video_Dataset/models/051_large_clamp/textured.obj", 
    "rot_mat": [
      [
        0.17124667699778717, 
        0.9846892706241868, 
        0.03258584225078861
      ], 
      [
        0.4457298680083794, 
        -0.047936113009412536, 
        -0.8938831087038578
      ], 
      [
        -0.8786354283912892, 
        0.167599071691507, 
        -0.4471134091903486
      ]
    ], 
    "trans_mat": [
      0.02256796776004849, 
      0.08093940497285201, 
      0.6766934795411428
    ]
  }, 
  {
    "img": "/media/hdd/YCBvideo/YCB_Video_Dataset/YCB_Video_Dataset/data/0027/000047-label.png", 
    "mask": "/media/hdd/YCBvideo/YCB_Video_Dataset/Generated_YCB_Video_Dataset/mask/0027/000047-mask-00.png", 
    "depth_minmax": [
      0.634, 
      0.682
    ], 
    "model": "/media/hdd/YCBvideo/YCB_Video_Dataset/YCB_Video_Dataset/models/051_large_clamp/textured.obj", 
    "rot_mat": [
      [
        0.17136846022633423, 
        0.9847405333142326, 
        0.030301690602350138
      ], 
      [
        0.44642862719735915, 
        -0.05019835237959131, 
        -0.8934098193156523
      ], 
      [
        -0.878256576837776, 
        0.1666302853339256, 
        -0.448218832779962
      ]
    ], 
    "trans_mat": [
      0.020802526468191827, 
      0.0805095158646068, 
      0.6770208583890562
    ]
  }, 
  {
    "img": "/media/hdd/YCBvideo/YCB_Video_Dataset/YCB_Video_Dataset/data/0027/000048-label.png", 
    "mask": "/media/hdd/YCBvideo/YCB_Video_Dataset/Generated_YCB_Video_Dataset/mask/0027/000048-mask-00.png", 
    "depth_minmax": [
      0.636, 
      0.683
    ], 
    "model": "/media/hdd/YCBvideo/YCB_Video_Dataset/YCB_Video_Dataset/models/051_large_clamp/textured.obj", 
    "rot_mat": [
      [
        0.17096668651359434, 
        0.9849804502604599, 
        0.02417220908894112
      ], 
      [
        0.4470609524000482, 
        -0.055688710202812554, 
        -0.8927675600100327
      ], 
      [
        -0.8780136560871592, 
        0.16343986752020948, 
        -0.44986653284384687
      ]
    ], 
    "trans_mat": [
      0.020899321286538985, 
      0.08067164474255266, 
      0.6773579612580443
    ]
  }, 
  {
