[
  {
    "img": "/media/hdd/YCBvideo/YCB_Video_Dataset/YCB_Video_Dataset/data/0028/000001-label.png", 
    "mask": "/media/hdd/YCBvideo/YCB_Video_Dataset/Generated_YCB_Video_Dataset/mask/0028/000001-mask-01.png", 
    "depth_minmax": [
      1.022, 
      1.183
    ], 
    "model": "/media/hdd/YCBvideo/YCB_Video_Dataset/YCB_Video_Dataset/models/037_scissors/textured.obj", 
    "rot_mat": [
      [
        0.42961840805218354, 
        -0.8799165552493101, 
        -0.20291713520666865
      ], 
      [
        0.6156460841206355, 
        0.12101884781115128, 
        0.7786742663008843
      ], 
      [
        -0.6606113899164227, 
        -0.45945845866262935, 
        0.5937090969512512
      ]
    ], 
    "trans_mat": [
      0.19343655602971377, 
      0.01301309498986208, 
      1.1056016269397946
    ]
  }, 
  {
    "img": "/media/hdd/YCBvideo/YCB_Video_Dataset/YCB_Video_Dataset/data/0028/000001-label.png", 
    "mask": "/media/hdd/YCBvideo/YCB_Video_Dataset/Generated_YCB_Video_Dataset/mask/0028/000001-mask-00.png", 
    "depth_minmax": [
      0.839, 
      0.871
    ], 
    "model": "/media/hdd/YCBvideo/YCB_Video_Dataset/YCB_Video_Dataset/models/007_tuna_fish_can/textured.obj", 
    "rot_mat": [
      [
        -0.007912959472451216, 
        0.9875318856085539, 
        0.1572209400179865
      ], 
      [
        0.5741332097931459, 
        0.13321486339733826, 
        -0.8078518787253028
      ], 
      [
        -0.8187235571439158, 
        0.08387409861211374, 
        -0.5680292099429609
      ]
    ], 
    "trans_mat": [
      -0.1606969054492461, 
      -0.07136067113372323, 
      0.8759972204121608
    ]
  }, 
  {
    "img": "/media/hdd/YCBvideo/YCB_Video_Dataset/YCB_Video_Dataset/data/0028/000002-label.png", 
    "mask": "/media/hdd/YCBvideo/YCB_Video_Dataset/Generated_YCB_Video_Dataset/mask/0028/000002-mask-01.png", 
    "depth_minmax": [
      1.027, 
      1.182
    ], 
    "model": "/media/hdd/YCBvideo/YCB_Video_Dataset/YCB_Video_Dataset/models/037_scissors/textured.obj", 
    "rot_mat": [
      [
        0.42877179021849293, 
        -0.879770163268391, 
        -0.2053291613116876
      ], 
      [
        0.6146820820604025, 
        0.11754031787585043, 
        0.7799683398679266
      ], 
      [
        -0.6620584120716385, 
        -0.4606409731924887, 
        0.5911763280866494
      ]
    ], 
    "trans_mat": [
      0.19256565411324522, 
      0.014906857688033263, 
      1.1051102527648264
    ]
  }, 
  {
    "img": "/media/hdd/YCBvideo/YCB_Video_Dataset/YCB_Video_Dataset/data/0028/000002-label.png", 
    "mask": "/media/hdd/YCBvideo/YCB_Video_Dataset/Generated_YCB_Video_Dataset/mask/0028/000002-mask-00.png", 
    "depth_minmax": [
      0.839, 
      0.87
    ], 
    "model": "/media/hdd/YCBvideo/YCB_Video_Dataset/YCB_Video_Dataset/models/007_tuna_fish_can/textured.obj", 
    "rot_mat": [
      [
        -0.008510725119311256, 
        0.9871327119348078, 
        0.15967845981807705
      ], 
      [
        0.5716515141828373, 
        0.1358202097190252, 
        -0.809177570849129
      ], 
      [
        -0.8204531987369896, 
        0.08439441458539564, 
        -0.5654514686473514
      ]
    ], 
    "trans_mat": [
      -0.16114992805489095, 
      -0.0710002023010813, 
      0.875430187490908
    ]
  }, 
  {
    "img": "/media/hdd/YCBvideo/YCB_Video_Dataset/YCB_Video_Dataset/data/0028/000003-label.png", 
    "mask": "/media/hdd/YCBvideo/YCB_Video_Dataset/Generated_YCB_Video_Dataset/mask/0028/000003-mask-01.png", 
    "depth_minmax": [
      1.026, 
      1.18
    ], 
    "model": "/media/hdd/YCBvideo/YCB_Video_Dataset/YCB_Video_Dataset/models/037_scissors/textured.obj", 
    "rot_mat": [
      [
        0.42907605287862627, 
        -0.8794432979450068, 
        -0.20609345429881365
      ], 
      [
        0.6152597447539483, 
        0.11750623675847353, 
        0.7795173591753959
      ], 
      [
        -0.6613237971678902, 
        -0.4612738470558606, 
        0.5915049337046719
      ]
    ], 
    "trans_mat": [
      0.1922618638438595, 
      0.014706447158591205, 
      1.1049774650078115
    ]
  }, 
  {
    "img": "/media/hdd/YCBvideo/YCB_Video_Dataset/YCB_Video_Dataset/data/0028/000003-label.png", 
    "mask": "/media/hdd/YCBvideo/YCB_Video_Dataset/Generated_YCB_Video_Dataset/mask/0028/000003-mask-00.png", 
    "depth_minmax": [
      0.837, 
      0.87
    ], 
    "model": "/media/hdd/YCBvideo/YCB_Video_Dataset/YCB_Video_Dataset/models/007_tuna_fish_can/textured.obj", 
    "rot_mat": [
      [
        -0.00806311142089257, 
        0.98701435364221, 
        0.16043290944545602
      ], 
      [
        0.57216761439726, 
        0.1361321700825359, 
        -0.8087597663676911
      ], 
      [
        -0.8200974558364548, 
        0.08527434844567408, 
        -0.5658353085019397
      ]
    ], 
    "trans_mat": [
      -0.16123718661553146, 
      -0.07118605508478527, 
      0.8749586195046902
    ]
  }, 
  {
    "img": "/media/hdd/YCBvideo/YCB_Video_Dataset/YCB_Video_Dataset/data/0028/000004-label.png", 
    "mask": "/media/hdd/YCBvideo/YCB_Video_Dataset/Generated_YCB_Video_Dataset/mask/0028/000004-mask-01.png", 
    "depth_minmax": [
      1.025, 
      1.18
    ], 
    "model": "/media/hdd/YCBvideo/YCB_Video_Dataset/YCB_Video_Dataset/models/037_scissors/textured.obj", 
    "rot_mat": [
      [
        0.42696264599258615, 
        -0.8796632335958556, 
        -0.20951294401956716
      ], 
      [
        0.6168371400801029, 
        0.11390343859725673, 
        0.7788056770746685
      ], 
      [
        -0.6612228670762111, 
        -0.46175559301402996, 
        0.5912416453804592
      ]
    ], 
    "trans_mat": [
      0.19229820143572937, 
      0.016537509909778255, 
      1.1045270017655366
    ]
  }, 
  {
    "img": "/media/hdd/YCBvideo/YCB_Video_Dataset/YCB_Video_Dataset/data/0028/000004-label.png", 
    "mask": "/media/hdd/YCBvideo/YCB_Video_Dataset/Generated_YCB_Video_Dataset/mask/0028/000004-mask-00.png", 
    "depth_minmax": [
      0.839, 
      0.875
    ], 
    "model": "/media/hdd/YCBvideo/YCB_Video_Dataset/YCB_Video_Dataset/models/007_tuna_fish_can/textured.obj", 
    "rot_mat": [
      [
        -0.009917597577662491, 
        0.986417765611761, 
        0.16395608185521665
      ], 
      [
        0.5719689052340522, 
        0.14008810524186172, 
        -0.8082250602431441
      ], 
      [
        -0.8202157285011035, 
        0.08576160118387817, 
        -0.5655899858676285
      ]
    ], 
    "trans_mat": [
      -0.16073450625867677, 
      -0.0708109722750012, 
      0.8743411180877819
    ]
  }, 
  {
    "img": "/media/hdd/YCBvideo/YCB_Video_Dataset/YCB_Video_Dataset/data/0028/000005-label.png", 
    "mask": "/media/hdd/YCBvideo/YCB_Video_Dataset/Generated_YCB_Video_Dataset/mask/0028/000005-mask-01.png", 
    "depth_minmax": [
      1.028, 
      1.182
    ], 
    "model": "/media/hdd/YCBvideo/YCB_Video_Dataset/YCB_Video_Dataset/models/037_scissors/textured.obj", 
    "rot_mat": [
      [
        0.4290428380699504, 
        -0.8784327987337559, 
        -0.21042569004834863
      ], 
      [
        0.6150519532118514, 
        0.11349016570074454, 
        0.7802769826809968
      ], 
      [
        -0.6615389601561645, 
        -0.46419446445790197, 
        0.5889737197715605
      ]
    ], 
    "trans_mat": [
      0.19135632120604562, 
      0.017129500502036193, 
      1.1048320981233497
    ]
  }, 
  {
    "img": "/media/hdd/YCBvideo/YCB_Video_Dataset/YCB_Video_Dataset/data/0028/000005-label.png", 
    "mask": "/media/hdd/YCBvideo/YCB_Video_Dataset/Generated_YCB_Video_Dataset/mask/0028/000005-mask-00.png", 
    "depth_minmax": [
      0.835, 
      0.865
    ], 
    "model": "/media/hdd/YCBvideo/YCB_Video_Dataset/YCB_Video_Dataset/models/007_tuna_fish_can/textured.obj", 
    "rot_mat": [
      [
        -0.007473247910593525, 
        0.9863016659970691, 
        0.16478430354154067
      ], 
      [
        0.5701363417013734, 
        0.13958265358947736, 
        -0.8096066018289129
      ], 
      [
        -0.8215163529951388, 
        0.08789927180243982, 
        -0.5633695710576766
      ]
    ], 
    "trans_mat": [
      -0.1611659504057951, 
      -0.0704850839130413, 
      0.8739656156047473
    ]
  }, 
  {
    "img": "/media/hdd/YCBvideo/YCB_Video_Dataset/YCB_Video_Dataset/data/0028/000006-label.png", 
    "mask": "/media/hdd/YCBvideo/YCB_Video_Dataset/Generated_YCB_Video_Dataset/mask/0028/000006-mask-01.png", 
    "depth_minmax": [
      1.029, 
      1.181
    ], 
    "model": "/media/hdd/YCBvideo/YCB_Video_Dataset/YCB_Video_Dataset/models/037_scissors/textured.obj", 
    "rot_mat": [
      [
        0.4300934706049062, 
        -0.8777846866533469, 
        -0.21098563327753317
      ], 
      [
        0.6143586536925361, 
        0.11333648589945304, 
        0.780844824778305
      ], 
      [
        -0.6615009360549353, 
        -0.46545710703920073, 
        0.5880196200667045
      ]
    ], 
    "trans_mat": [
      0.1914670246763158, 
      0.018141226247721392, 
      1.1049149609323519
    ]
  }, 
  {
    "img": "/media/hdd/YCBvideo/YCB_Video_Dataset/YCB_Video_Dataset/data/0028/000006-label.png", 
    "mask": "/media/hdd/YCBvideo/YCB_Video_Dataset/Generated_YCB_Video_Dataset/mask/0028/000006-mask-00.png", 
    "depth_minmax": [
      0.837, 
      0.865
    ], 
    "model": "/media/hdd/YCBvideo/YCB_Video_Dataset/YCB_Video_Dataset/models/007_tuna_fish_can/textured.obj", 
    "rot_mat": [
      [
        -0.006222922266319344, 
        0.9862238990216495, 
        0.16530204178807212
      ], 
      [
        0.569427862737155, 
        0.13938044291105633, 
        -0.8101394196821831
      ], 
      [
        -0.8220182671617906, 
        0.08908659347579773, 
        -0.5624506756158023
      ]
    ], 
    "trans_mat": [
      -0.16077371606125868, 
      -0.06957346427136349, 
      0.8736569123464573
    ]
  }, 
  {
    "img": "/media/hdd/YCBvideo/YCB_Video_Dataset/YCB_Video_Dataset/data/0028/000007-label.png", 
    "mask": "/media/hdd/YCBvideo/YCB_Video_Dataset/Generated_YCB_Video_Dataset/mask/0028/000007-mask-01.png", 
    "depth_minmax": [
      1.028, 
      1.179
    ], 
    "model": "/media/hdd/YCBvideo/YCB_Video_Dataset/YCB_Video_Dataset/models/037_scissors/textured.obj", 
    "rot_mat": [
      [
        0.4315579382621632, 
        -0.8771339741931342, 
        -0.21069916391976734
      ], 
      [
        0.6138946539558425, 
        0.11442270125273031, 
        0.7810513481650753
      ], 
      [
        -0.6609776369431766, 
        -0.4664160663783032, 
        0.5878477676600221
      ]
    ], 
    "trans_mat": [
      0.1911840233330225, 
      0.018867650907360495, 
      1.105112489398673
    ]
  }, 
  {
    "img": "/media/hdd/YCBvideo/YCB_Video_Dataset/YCB_Video_Dataset/data/0028/000007-label.png", 
    "mask": "/media/hdd/YCBvideo/YCB_Video_Dataset/Generated_YCB_Video_Dataset/mask/0028/000007-mask-00.png", 
    "depth_minmax": [
      0.836, 
      0.873
    ], 
    "model": "/media/hdd/YCBvideo/YCB_Video_Dataset/YCB_Video_Dataset/models/007_tuna_fish_can/textured.obj", 
    "rot_mat": [
      [
        -0.0046343933652032675, 
        0.9862907363068817, 
        0.1649523762731178
      ], 
      [
        0.5694983831779807, 
        0.1381933541146583, 
        -0.8102932320651345
      ], 
      [
        -0.8219796559956051, 
        0.09018536280902556, 
        -0.5623315411856509
      ]
    ], 
    "trans_mat": [
      -0.16090598394840283, 
      -0.06840763269574848, 
      0.8734591927148624
    ]
  }, 
  {
    "img": "/media/hdd/YCBvideo/YCB_Video_Dataset/YCB_Video_Dataset/data/0028/000008-label.png", 
    "mask": "/media/hdd/YCBvideo/YCB_Video_Dataset/Generated_YCB_Video_Dataset/mask/0028/000008-mask-01.png", 
    "depth_minmax": [
      1.028, 
      1.181
    ], 
    "model": "/media/hdd/YCBvideo/YCB_Video_Dataset/YCB_Video_Dataset/models/037_scissors/textured.obj", 
    "rot_mat": [
      [
        0.4273206010986097, 
        -0.8790034621660832, 
        -0.21154346090157572
      ], 
      [
        0.6129952134552413, 
        0.10969941319289377, 
        0.7824336470618624
      ], 
      [
        -0.6645557399032569, 
        -0.4640249064211729, 
        0.5857021342965659
      ]
    ], 
    "trans_mat": [
      0.19177247831987448, 
      0.02210518380062206, 
      1.103811864710824
    ]
  }, 
  {
    "img": "/media/hdd/YCBvideo/YCB_Video_Dataset/YCB_Video_Dataset/data/0028/000008-label.png", 
    "mask": "/media/hdd/YCBvideo/YCB_Video_Dataset/Generated_YCB_Video_Dataset/mask/0028/000008-mask-00.png", 
    "depth_minmax": [
      0.833, 
      0.868
    ], 
    "model": "/media/hdd/YCBvideo/YCB_Video_Dataset/YCB_Video_Dataset/models/007_tuna_fish_can/textured.obj", 
    "rot_mat": [
      [
        -0.009224094817941057, 
        0.9860862109004543, 
        0.16597983027502916
      ], 
      [
        0.5665075124012774, 
        0.14193320263407058, 
        -0.8117414814934587
      ], 
      [
        -0.8240049178012682, 
        0.08654127286074743, 
        -0.55993505908034
      ]
    ], 
    "trans_mat": [
      -0.1607462459074181, 
      -0.06722474055785153, 
      0.8735982986529702
    ]
  }, 
  {
    "img": "/media/hdd/YCBvideo/YCB_Video_Dataset/YCB_Video_Dataset/data/0028/000009-label.png", 
    "mask": "/media/hdd/YCBvideo/YCB_Video_Dataset/Generated_YCB_Video_Dataset/mask/0028/000009-mask-01.png", 
    "depth_minmax": [
      1.025, 
      1.179
    ], 
    "model": "/media/hdd/YCBvideo/YCB_Video_Dataset/YCB_Video_Dataset/models/037_scissors/textured.obj", 
    "rot_mat": [
      [
        0.42835124391358803, 
        -0.8787390423350053, 
        -0.2105569221732056
      ], 
      [
        0.6116981808637568, 
        0.11048113813782924, 
        0.783338793461188
      ], 
      [
        -0.6650874698559441, 
        -0.46434123650764964, 
        0.5848471924393522
      ]
    ], 
    "trans_mat": [
      0.1926247637495728, 
      0.02319833704291406, 
      1.1036746391863148
    ]
  }, 
  {
    "img": "/media/hdd/YCBvideo/YCB_Video_Dataset/YCB_Video_Dataset/data/0028/000009-label.png", 
    "mask": "/media/hdd/YCBvideo/YCB_Video_Dataset/Generated_YCB_Video_Dataset/mask/0028/000009-mask-00.png", 
    "depth_minmax": [
      0.835, 
      0.873
    ], 
    "model": "/media/hdd/YCBvideo/YCB_Video_Dataset/YCB_Video_Dataset/models/007_tuna_fish_can/textured.obj", 
    "rot_mat": [
      [
        -0.008223104040402822, 
        0.9862689717752837, 
        0.16494541356157336
      ], 
      [
        0.5656719104080269, 
        0.1406092002273213, 
        -0.8125547855929525
      ], 
      [
        -0.8245898351207082, 
        0.08662355952231328, 
        -0.5590605143752642
      ]
    ], 
    "trans_mat": [
      -0.15996878989298496, 
      -0.06586334903732072, 
      0.8734715056483626
    ]
  }, 
  {
    "img": "/media/hdd/YCBvideo/YCB_Video_Dataset/YCB_Video_Dataset/data/0028/000010-label.png", 
    "mask": "/media/hdd/YCBvideo/YCB_Video_Dataset/Generated_YCB_Video_Dataset/mask/0028/000010-mask-01.png", 
    "depth_minmax": [
      1.025, 
      1.176
    ], 
    "model": "/media/hdd/YCBvideo/YCB_Video_Dataset/YCB_Video_Dataset/models/037_scissors/textured.obj", 
    "rot_mat": [
      [
        0.4269509670721145, 
        -0.8794747677002511, 
        -0.21032693135207223
      ], 
      [
        0.6116984785492583, 
        0.10959009937022468, 
        0.7834636328748115
      ], 
      [
        -0.6659865011756978, 
        -0.46315702395543246, 
        0.5847626682572201
      ]
    ], 
    "trans_mat": [
      0.192216729559848, 
      0.02428157462315346, 
      1.1029904763819556
    ]
  }, 
  {
    "img": "/media/hdd/YCBvideo/YCB_Video_Dataset/YCB_Video_Dataset/data/0028/000010-label.png", 
    "mask": "/media/hdd/YCBvideo/YCB_Video_Dataset/Generated_YCB_Video_Dataset/mask/0028/000010-mask-00.png", 
    "depth_minmax": [
      0.835, 
      0.873
    ], 
    "model": "/media/hdd/YCBvideo/YCB_Video_Dataset/YCB_Video_Dataset/models/007_tuna_fish_can/textured.obj", 
    "rot_mat": [
      [
        -0.009812245202435326, 
        0.9862826520489228, 
        0.16477393079685074
      ], 
      [
        0.5652642091622794, 
        0.1413977209251606, 
        -0.81270158474764
      ], 
      [
        -0.824851649524314, 
        0.08516661687465871, 
        -0.5588976296485937
      ]
    ], 
    "trans_mat": [
      -0.16063273403766373, 
      -0.06515893105298916, 
      0.8733273049461414
    ]
  }, 
  {
    "img": "/media/hdd/YCBvideo/YCB_Video_Dataset/YCB_Video_Dataset/data/0028/000011-label.png", 
    "mask": "/media/hdd/YCBvideo/YCB_Video_Dataset/Generated_YCB_Video_Dataset/mask/0028/000011-mask-01.png", 
    "depth_minmax": [
      1.027, 
      1.179
    ], 
    "model": "/media/hdd/YCBvideo/YCB_Video_Dataset/YCB_Video_Dataset/models/037_scissors/textured.obj", 
    "rot_mat": [
      [
        0.4300131570880404, 
        -0.8778875011165468, 
        -0.21072003839971742
      ], 
      [
        0.6105805459834589, 
        0.11085734782521513, 
        0.7841569419434606
      ], 
      [
        -0.6650413730300335, 
        -0.46586001367500346, 
        0.5836904956117481
      ]
    ], 
    "trans_mat": [
      0.19146716748625062, 
      0.024678048725216374, 
      1.1035246165189088
    ]
  }, 
  {
    "img": "/media/hdd/YCBvideo/YCB_Video_Dataset/YCB_Video_Dataset/data/0028/000011-label.png", 
    "mask": "/media/hdd/YCBvideo/YCB_Video_Dataset/Generated_YCB_Video_Dataset/mask/0028/000011-mask-00.png", 
    "depth_minmax": [
      0.835, 
      0.863
    ], 
    "model": "/media/hdd/YCBvideo/YCB_Video_Dataset/YCB_Video_Dataset/models/007_tuna_fish_can/textured.obj", 
    "rot_mat": [
      [
        -0.006350947704078807, 
        0.9862668873636856, 
        0.16503874868100513
      ], 
      [
        0.5648158513695526, 
        0.13973161913529275, 
        -0.813301124919768
      ], 
      [
        -0.8251929067652708, 
        0.0880523226728149, 
        -0.5579461990949477
      ]
    ], 
    "trans_mat": [
      -0.1608457677837465, 
      -0.06427847762121983, 
      0.872851644799315
    ]
  }, 
  {
    "img": "/media/hdd/YCBvideo/YCB_Video_Dataset/YCB_Video_Dataset/data/0028/000012-label.png", 
    "mask": "/media/hdd/YCBvideo/YCB_Video_Dataset/Generated_YCB_Video_Dataset/mask/0028/000012-mask-01.png", 
    "depth_minmax": [
      1.025, 
      1.177
    ], 
    "model": "/media/hdd/YCBvideo/YCB_Video_Dataset/YCB_Video_Dataset/models/037_scissors/textured.obj", 
    "rot_mat": [
      [
        0.43191625636338077, 
        -0.8764613732098927, 
        -0.21275514894736827
      ], 
      [
        0.6114156730437473, 
        0.1111211155289819, 
        0.7834685085489913
      ], 
      [
        -0.6630380128462646, 
        -0.4684751210262422, 
        0.5838770701308358
      ]
    ], 
    "trans_mat": [
      0.19022219860829492, 
      0.024831002198468118, 
      1.1039888776776858
    ]
  }, 
  {
    "img": "/media/hdd/YCBvideo/YCB_Video_Dataset/YCB_Video_Dataset/data/0028/000012-label.png", 
    "mask": "/media/hdd/YCBvideo/YCB_Video_Dataset/Generated_YCB_Video_Dataset/mask/0028/000012-mask-00.png", 
    "depth_minmax": [
      0.833, 
      0.872
    ], 
    "model": "/media/hdd/YCBvideo/YCB_Video_Dataset/YCB_Video_Dataset/models/007_tuna_fish_can/textured.obj", 
    "rot_mat": [
      [
        -0.0039338074949341025, 
        0.9859491029312791, 
        0.16700184640042928
      ], 
      [
        0.5657050267135809, 
        0.13990529806691984, 
        -0.8126529318856806
      ], 
      [
        -0.8245986811751082, 
        0.09127783130972908, 
        -0.5583068012868855
      ]
    ], 
    "trans_mat": [
      -0.16134530912112757, 
      -0.06397236120165953, 
      0.8721225688385983
    ]
  }, 
  {
    "img": "/media/hdd/YCBvideo/YCB_Video_Dataset/YCB_Video_Dataset/data/0028/000013-label.png", 
    "mask": "/media/hdd/YCBvideo/YCB_Video_Dataset/Generated_YCB_Video_Dataset/mask/0028/000013-mask-01.png", 
    "depth_minmax": [
      1.025, 
      1.179
    ], 
    "model": "/media/hdd/YCBvideo/YCB_Video_Dataset/YCB_Video_Dataset/models/037_scissors/textured.obj", 
    "rot_mat": [
      [
        0.43376888303795713, 
        -0.8758229163975736, 
        -0.21161281634638268
      ], 
      [
        0.6092921555425567, 
        0.1120996645654492, 
        0.7849822508877599
      ], 
      [
        -0.6637829040439788, 
        -0.46943473106011313, 
        0.5822570000571458
      ]
    ], 
    "trans_mat": [
      0.188873008379733, 
      0.025229447117218372, 
      1.103804682670605
    ]
  }, 
  {
    "img": "/media/hdd/YCBvideo/YCB_Video_Dataset/YCB_Video_Dataset/data/0028/000013-label.png", 
    "mask": "/media/hdd/YCBvideo/YCB_Video_Dataset/Generated_YCB_Video_Dataset/mask/0028/000013-mask-00.png", 
    "depth_minmax": [
      0.835, 
      0.874
    ], 
    "model": "/media/hdd/YCBvideo/YCB_Video_Dataset/YCB_Video_Dataset/models/007_tuna_fish_can/textured.obj", 
    "rot_mat": [
      [
        -0.0020370283662329656, 
        0.9861617671843164, 
        0.16577637474240592
      ], 
      [
        0.564199405739041, 
        0.13800470119013664, 
        -0.8140237476757232
      ], 
      [
        -0.8256360380570062, 
        0.09187325820114568, 
        -0.5566728790375222
      ]
    ], 
    "trans_mat": [
      -0.16268049254967507, 
      -0.06326149198454441, 
      0.8717978207865954
    ]
  }, 
  {
    "img": "/media/hdd/YCBvideo/YCB_Video_Dataset/YCB_Video_Dataset/data/0028/000014-label.png", 
    "mask": "/media/hdd/YCBvideo/YCB_Video_Dataset/Generated_YCB_Video_Dataset/mask/0028/000014-mask-01.png", 
    "depth_minmax": [
      1.025, 
      1.184
    ], 
    "model": "/media/hdd/YCBvideo/YCB_Video_Dataset/YCB_Video_Dataset/models/037_scissors/textured.obj", 
    "rot_mat": [
      [
        0.43593127718873914, 
        -0.8750829495346343, 
        -0.21022582760587477
      ], 
      [
        0.6081557456340362, 
        0.11424064621301376, 
        0.7855550714571122
      ], 
      [
        -0.663409046849098, 
        -0.4702977395876164, 
        0.5819870656605602
      ]
    ], 
    "trans_mat": [
      0.18914491579172674, 
      0.024450707264503272, 
      1.1040620420004184
    ]
  }, 
  {
    "img": "/media/hdd/YCBvideo/YCB_Video_Dataset/YCB_Video_Dataset/data/0028/000014-label.png", 
    "mask": "/media/hdd/YCBvideo/YCB_Video_Dataset/Generated_YCB_Video_Dataset/mask/0028/000014-mask-00.png", 
    "depth_minmax": [
      0.834, 
      0.866
    ], 
    "model": "/media/hdd/YCBvideo/YCB_Video_Dataset/YCB_Video_Dataset/models/007_tuna_fish_can/textured.obj", 
    "rot_mat": [
      [
        0.00017252034898608982, 
        0.9864121489098742, 
        0.16429231181256956
      ], 
      [
        0.5641345570222911, 
        0.13555710371109297, 
        -0.8144802704518501
      ], 
      [
        -0.8256834696645818, 
        0.09282371844835666, 
        -0.5564452984491658
      ]
    ], 
    "trans_mat": [
      -0.16240135295383754, 
      -0.0631840879431628, 
      0.8717195715089003
    ]
  }, 
  {
    "img": "/media/hdd/YCBvideo/YCB_Video_Dataset/YCB_Video_Dataset/data/0028/000015-label.png", 
    "mask": "/media/hdd/YCBvideo/YCB_Video_Dataset/Generated_YCB_Video_Dataset/mask/0028/000015-mask-01.png", 
    "depth_minmax": [
      1.025, 
      1.179
    ], 
    "model": "/media/hdd/YCBvideo/YCB_Video_Dataset/YCB_Video_Dataset/models/037_scissors/textured.obj", 
    "rot_mat": [
      [
        0.4338975773993486, 
        -0.8759064135528627, 
        -0.2110018059773667
      ], 
      [
        0.6081911787867107, 
        0.11197133298065078, 
        0.7858539778964393
      ], 
      [
        -0.664707433690172, 
        -0.46930959698890634, 
        0.5813023562928271
      ]
    ], 
    "trans_mat": [
      0.18969766904951235, 
      0.025575151656613296, 
      1.1035482125239897
    ]
  }, 
  {
    "img": "/media/hdd/YCBvideo/YCB_Video_Dataset/YCB_Video_Dataset/data/0028/000015-label.png", 
    "mask": "/media/hdd/YCBvideo/YCB_Video_Dataset/Generated_YCB_Video_Dataset/mask/0028/000015-mask-00.png", 
    "depth_minmax": [
      0.835, 
      0.871
    ], 
    "model": "/media/hdd/YCBvideo/YCB_Video_Dataset/YCB_Video_Dataset/models/007_tuna_fish_can/textured.obj", 
    "rot_mat": [
      [
        -0.001983024548185123, 
        0.9862655856114828, 
        0.16515736480618676
      ], 
      [
        0.5631278212853148, 
        0.13758184798745196, 
        -0.8148370304444659
      ], 
      [
        -0.826367366532955, 
        0.0913896128740182, 
        -0.5556663976988272
      ]
    ], 
    "trans_mat": [
      -0.16197607857140955, 
      -0.06302376740612027, 
      0.8717649733023519
    ]
  }, 
  {
    "img": "/media/hdd/YCBvideo/YCB_Video_Dataset/YCB_Video_Dataset/data/0028/000016-label.png", 
    "mask": "/media/hdd/YCBvideo/YCB_Video_Dataset/Generated_YCB_Video_Dataset/mask/0028/000016-mask-01.png", 
    "depth_minmax": [
      1.027, 
      1.181
    ], 
    "model": "/media/hdd/YCBvideo/YCB_Video_Dataset/YCB_Video_Dataset/models/037_scissors/textured.obj", 
    "rot_mat": [
      [
        0.43368557535042707, 
        -0.8754904528679592, 
        -0.2131528042735078
      ], 
      [
        0.6086789420852659, 
        0.11021881436927516, 
        0.7857237667668673
      ], 
      [
        -0.6644001294309949, 
        -0.4704988536565974, 
        0.5806921429358071
      ]
    ], 
    "trans_mat": [
      0.18919547289126346, 
      0.02669387217754082, 
      1.103780445313792
    ]
  }, 
  {
    "img": "/media/hdd/YCBvideo/YCB_Video_Dataset/YCB_Video_Dataset/data/0028/000016-label.png", 
    "mask": "/media/hdd/YCBvideo/YCB_Video_Dataset/Generated_YCB_Video_Dataset/mask/0028/000016-mask-00.png", 
    "depth_minmax": [
      0.835, 
      0.871
    ], 
    "model": "/media/hdd/YCBvideo/YCB_Video_Dataset/YCB_Video_Dataset/models/007_tuna_fish_can/textured.obj", 
    "rot_mat": [
      [
        -0.0019031531733382599, 
        0.9859000248652959, 
        0.16732640869015147
      ], 
      [
        0.562774039683506, 
        0.13936999116747004, 
        -0.8147772664692051
      ], 
      [
        -0.826609024190844, 
        0.09261681647538887, 
        -0.555103635947649
      ]
    ], 
    "trans_mat": [
      -0.16201794392956737, 
      -0.06262674425399564, 
      0.8715766281821655
    ]
  }, 
  {
    "img": "/media/hdd/YCBvideo/YCB_Video_Dataset/YCB_Video_Dataset/data/0028/000017-label.png", 
    "mask": "/media/hdd/YCBvideo/YCB_Video_Dataset/Generated_YCB_Video_Dataset/mask/0028/000017-mask-01.png", 
    "depth_minmax": [
      1.027, 
      1.177
    ], 
    "model": "/media/hdd/YCBvideo/YCB_Video_Dataset/YCB_Video_Dataset/models/037_scissors/textured.obj", 
    "rot_mat": [
      [
        0.4331065543142218, 
        -0.8757800312938556, 
        -0.21314082034590523
      ], 
      [
        0.6079878443375332, 
        0.10928775955046585, 
        0.7863891391292619
      ], 
      [
        -0.6654099697166994, 
        -0.47017693957698053, 
        0.5797963426982061
      ]
    ], 
    "trans_mat": [
      0.18936657723144976, 
      0.027236399793692252, 
      1.1034677249195701
    ]
  }, 
  {
    "img": "/media/hdd/YCBvideo/YCB_Video_Dataset/YCB_Video_Dataset/data/0028/000017-label.png", 
    "mask": "/media/hdd/YCBvideo/YCB_Video_Dataset/Generated_YCB_Video_Dataset/mask/0028/000017-mask-00.png", 
    "depth_minmax": [
      0.835, 
      0.871
    ], 
    "model": "/media/hdd/YCBvideo/YCB_Video_Dataset/YCB_Video_Dataset/models/007_tuna_fish_can/textured.obj", 
    "rot_mat": [
      [
        -0.0025505309932826806, 
        0.9858965204469845, 
        0.16733883299585667
      ], 
      [
        0.5617120233103019, 
        0.13985712403962935, 
        -0.8154268995126669
      ], 
      [
        -0.8273294942504021, 
        0.091916548166094, 
        -0.5541463420931162
      ]
    ], 
    "trans_mat": [
      -0.16193588111411567, 
      -0.06251343892818534, 
      0.8715644102909812
    ]
  }, 
  {
    "img": "/media/hdd/YCBvideo/YCB_Video_Dataset/YCB_Video_Dataset/data/0028/000018-label.png", 
    "mask": "/media/hdd/YCBvideo/YCB_Video_Dataset/Generated_YCB_Video_Dataset/mask/0028/000018-mask-01.png", 
    "depth_minmax": [
      1.026, 
      1.18
    ], 
    "model": "/media/hdd/YCBvideo/YCB_Video_Dataset/YCB_Video_Dataset/models/037_scissors/textured.obj", 
    "rot_mat": [
      [
        0.43239714546280894, 
        -0.8755330243182615, 
        -0.21558075629874393
      ], 
      [
        0.609158876828779, 
        0.10737163640356541, 
        0.7857459470339392
      ], 
      [
        -0.6648000951165163, 
        -0.47107705653302073, 
        0.5797652771926068
      ]
    ], 
    "trans_mat": [
      0.18877742770847108, 
      0.028149439620675874, 
      1.1035207593502432
    ]
  }, 
  {
    "img": "/media/hdd/YCBvideo/YCB_Video_Dataset/YCB_Video_Dataset/data/0028/000018-label.png", 
    "mask": "/media/hdd/YCBvideo/YCB_Video_Dataset/Generated_YCB_Video_Dataset/mask/0028/000018-mask-00.png", 
    "depth_minmax": [
      0.835, 
      0.871
    ], 
    "model": "/media/hdd/YCBvideo/YCB_Video_Dataset/YCB_Video_Dataset/models/007_tuna_fish_can/textured.obj", 
    "rot_mat": [
      [
        -0.0029794702669541625, 
        0.9854708334342531, 
        0.16981922957769535
      ], 
      [
        0.5619121248392385, 
        0.14212319938304172, 
        -0.8148964265634573
      ], 
      [
        -0.8271923858009647, 
        0.09299530457635663, 
        -0.5541710008554153
      ]
    ], 
    "trans_mat": [
      -0.16206977011704984, 
      -0.062357705279543554, 
      0.8712232772722188
    ]
  }, 
  {
    "img": "/media/hdd/YCBvideo/YCB_Video_Dataset/YCB_Video_Dataset/data/0028/000019-label.png", 
    "mask": "/media/hdd/YCBvideo/YCB_Video_Dataset/Generated_YCB_Video_Dataset/mask/0028/000019-mask-01.png", 
    "depth_minmax": [
      1.026, 
      1.176
    ], 
    "model": "/media/hdd/YCBvideo/YCB_Video_Dataset/YCB_Video_Dataset/models/037_scissors/textured.obj", 
    "rot_mat": [
      [
        0.43284527764701747, 
        -0.8747576028935677, 
        -0.21781905801698692
      ], 
      [
        0.6099785273792804, 
        0.10629482631480935, 
        0.7852567441879647
      ], 
      [
        -0.6637559637092257, 
        -0.4727596805816745, 
        0.5795919917483819
      ]
    ], 
    "trans_mat": [
      0.18714365502400426, 
      0.028407044485142224, 
      1.10389107024472
    ]
  }, 
  {
    "img": "/media/hdd/YCBvideo/YCB_Video_Dataset/YCB_Video_Dataset/data/0028/000019-label.png", 
    "mask": "/media/hdd/YCBvideo/YCB_Video_Dataset/Generated_YCB_Video_Dataset/mask/0028/000019-mask-00.png", 
    "depth_minmax": [
      0.832, 
      0.871
    ], 
    "model": "/media/hdd/YCBvideo/YCB_Video_Dataset/YCB_Video_Dataset/models/007_tuna_fish_can/textured.obj", 
    "rot_mat": [
      [
        -0.002145507839735059, 
        0.9850865875042624, 
        0.17204834625081392
      ], 
      [
        0.5621732948796728, 
        0.14347550216046995, 
        -0.81447961340408
      ], 
      [
        -0.8270172400672474, 
        0.09497401302468271, 
        -0.5540968563010734
      ]
    ], 
    "trans_mat": [
      -0.16312018351740137, 
      -0.06251752611032288, 
      0.870876778912136
    ]
  }, 
  {
    "img": "/media/hdd/YCBvideo/YCB_Video_Dataset/YCB_Video_Dataset/data/0028/000020-label.png", 
    "mask": "/media/hdd/YCBvideo/YCB_Video_Dataset/Generated_YCB_Video_Dataset/mask/0028/000020-mask-01.png", 
    "depth_minmax": [
      1.027, 
      1.178
    ], 
    "model": "/media/hdd/YCBvideo/YCB_Video_Dataset/YCB_Video_Dataset/models/037_scissors/textured.obj", 
    "rot_mat": [
      [
        0.43275640982816516, 
        -0.8746275174658279, 
        -0.21851688085863244
      ], 
      [
        0.6089771717270076, 
        0.10488584112985724, 
        0.7862223240426779
      ], 
      [
        -0.6647325535816163, 
        -0.4733145383652356, 
        0.5780176150138491
      ]
    ], 
    "trans_mat": [
      0.1854589813365877, 
      0.02902361114975448, 
      1.1034030632363931
    ]
  }, 
  {
    "img": "/media/hdd/YCBvideo/YCB_Video_Dataset/YCB_Video_Dataset/data/0028/000020-label.png", 
    "mask": "/media/hdd/YCBvideo/YCB_Video_Dataset/Generated_YCB_Video_Dataset/mask/0028/000020-mask-00.png", 
    "depth_minmax": [
      0.833, 
      0.87
    ], 
    "model": "/media/hdd/YCBvideo/YCB_Video_Dataset/YCB_Video_Dataset/models/007_tuna_fish_can/textured.obj", 
    "rot_mat": [
      [
        -0.0021396947834876326, 
        0.9849632666170455, 
        0.1727529986301135
      ], 
      [
        0.560607313268276, 
        0.14423469044048853, 
        -0.8154238767402949
      ], 
      [
        -0.82807953591611, 
        0.09510205344690593, 
        -0.5524858340265747
      ]
    ], 
    "trans_mat": [
      -0.1646564420468769, 
      -0.06254746166658408, 
      0.8704191040252286
    ]
  }, 
  {
    "img": "/media/hdd/YCBvideo/YCB_Video_Dataset/YCB_Video_Dataset/data/0028/000021-label.png", 
    "mask": "/media/hdd/YCBvideo/YCB_Video_Dataset/Generated_YCB_Video_Dataset/mask/0028/000021-mask-01.png", 
    "depth_minmax": [
      1.027, 
      1.182
    ], 
    "model": "/media/hdd/YCBvideo/YCB_Video_Dataset/YCB_Video_Dataset/models/037_scissors/textured.obj", 
    "rot_mat": [
      [
        0.43565095490581596, 
        -0.8728892120860886, 
        -0.21971122586033792
      ], 
      [
        0.6079454709533503, 
        0.10533759688024126, 
        0.7869601766388611
      ], 
      [
        -0.6637849052016934, 
        -0.476411959060012, 
        0.5765597659239311
      ]
    ], 
    "trans_mat": [
      0.18310285914709254, 
      0.02950370579697476, 
      1.1042118064962299
    ]
  }, 
  {
    "img": "/media/hdd/YCBvideo/YCB_Video_Dataset/YCB_Video_Dataset/data/0028/000021-label.png", 
    "mask": "/media/hdd/YCBvideo/YCB_Video_Dataset/Generated_YCB_Video_Dataset/mask/0028/000021-mask-00.png", 
    "depth_minmax": [
      0.832, 
      0.869
    ], 
    "model": "/media/hdd/YCBvideo/YCB_Video_Dataset/YCB_Video_Dataset/models/007_tuna_fish_can/textured.obj", 
    "rot_mat": [
      [
        0.001270584544859176, 
        0.984774832023034, 
        0.17383051729000665
      ], 
      [
        0.5598650121933773, 
        0.1433322780871147, 
        -0.816092873651719
      ], 
      [
        -0.8285826422903332, 
        0.09835854817815655, 
        -0.551159371410279
      ]
    ], 
    "trans_mat": [
      -0.16630150620745668, 
      -0.06192552073441275, 
      0.870107623666031
    ]
  }, 
  {
    "img": "/media/hdd/YCBvideo/YCB_Video_Dataset/YCB_Video_Dataset/data/0028/000022-label.png", 
    "mask": "/media/hdd/YCBvideo/YCB_Video_Dataset/Generated_YCB_Video_Dataset/mask/0028/000022-mask-01.png", 
    "depth_minmax": [
      1.024, 
      1.176
    ], 
    "model": "/media/hdd/YCBvideo/YCB_Video_Dataset/YCB_Video_Dataset/models/037_scissors/textured.obj", 
    "rot_mat": [
      [
        0.4347159506399112, 
        -0.8721665076768539, 
        -0.22438527547167508
      ], 
      [
        0.6095103197029644, 
        0.10151812265605178, 
        0.7862519442684553
      ], 
      [
        -0.6629631542002329, 
        -0.47856159081743305, 
        0.5757253177859406
      ]
    ], 
    "trans_mat": [
      0.1803099359243862, 
      0.032015190328809395, 
      1.1044844398393894
    ]
  }, 
  {
    "img": "/media/hdd/YCBvideo/YCB_Video_Dataset/YCB_Video_Dataset/data/0028/000022-label.png", 
    "mask": "/media/hdd/YCBvideo/YCB_Video_Dataset/Generated_YCB_Video_Dataset/mask/0028/000022-mask-00.png", 
    "depth_minmax": [
      0.829, 
      0.869
    ], 
    "model": "/media/hdd/YCBvideo/YCB_Video_Dataset/YCB_Video_Dataset/models/007_tuna_fish_can/textured.obj", 
    "rot_mat": [
      [
        0.0009395533962823187, 
        0.9839281032556311, 
        0.17856515142142304
      ], 
      [
        0.5595569255674765, 
        0.14747553115074694, 
        -0.8155663171860096
      ], 
      [
        -0.8287922564549879, 
        0.10068424642750469, 
        -0.5504247393358631
      ]
    ], 
    "trans_mat": [
      -0.1681430012671334, 
      -0.06095797103373156, 
      0.8695711368671999
    ]
  }, 
  {
    "img": "/media/hdd/YCBvideo/YCB_Video_Dataset/YCB_Video_Dataset/data/0028/000023-label.png", 
    "mask": "/media/hdd/YCBvideo/YCB_Video_Dataset/Generated_YCB_Video_Dataset/mask/0028/000023-mask-01.png", 
    "depth_minmax": [
      1.025, 
      1.181
    ], 
    "model": "/media/hdd/YCBvideo/YCB_Video_Dataset/YCB_Video_Dataset/models/037_scissors/textured.obj", 
    "rot_mat": [
      [
        0.4363616551041895, 
        -0.8708823928097712, 
        -0.2261687572372461
      ], 
      [
        0.6077246794031919, 
        0.0999016971564502, 
        0.7878393406391324
      ], 
      [
        -0.6635207457107174, 
        -0.48123101967178233, 
        0.5728496745298791
      ]
    ], 
    "trans_mat": [
      0.17777872548394572, 
      0.03448393890176027, 
      1.105056130496735
    ]
  }, 
  {
    "img": "/media/hdd/YCBvideo/YCB_Video_Dataset/YCB_Video_Dataset/data/0028/000023-label.png", 
    "mask": "/media/hdd/YCBvideo/YCB_Video_Dataset/Generated_YCB_Video_Dataset/mask/0028/000023-mask-00.png", 
    "depth_minmax": [
      0.826, 
      0.869
    ], 
    "model": "/media/hdd/YCBvideo/YCB_Video_Dataset/YCB_Video_Dataset/models/007_tuna_fish_can/textured.obj", 
    "rot_mat": [
      [
        0.0030536833251102865, 
        0.983609061534861, 
        0.1802875832448144
      ], 
      [
        0.557175052198718, 
        0.14803687731631152, 
        -0.8170936490952632
      ], 
      [
        -0.830389652713598, 
        0.10294702039120486, 
        -0.5475902602010131
      ]
    ], 
    "trans_mat": [
      -0.17000583005970127, 
      -0.05925996234184698, 
      0.8694601727731768
    ]
  }, 
  {
    "img": "/media/hdd/YCBvideo/YCB_Video_Dataset/YCB_Video_Dataset/data/0028/000024-label.png", 
    "mask": "/media/hdd/YCBvideo/YCB_Video_Dataset/Generated_YCB_Video_Dataset/mask/0028/000024-mask-01.png", 
    "depth_minmax": [
      1.024, 
      1.18
    ], 
    "model": "/media/hdd/YCBvideo/YCB_Video_Dataset/YCB_Video_Dataset/models/037_scissors/textured.obj", 
    "rot_mat": [
      [
        0.438822145852948, 
        -0.8697434049678011, 
        -0.22579355585720456
      ], 
      [
        0.6061594222158205, 
        0.10102689971558172, 
        0.7889009570632949
      ], 
      [
        -0.6633293657777612, 
        -0.4830539377487741, 
        0.5715360615601331
      ]
    ], 
    "trans_mat": [
      0.17672067325217283, 
      0.035616982387330576, 
      1.1059951206522622
    ]
  }, 
  {
    "img": "/media/hdd/YCBvideo/YCB_Video_Dataset/YCB_Video_Dataset/data/0028/000024-label.png", 
    "mask": "/media/hdd/YCBvideo/YCB_Video_Dataset/Generated_YCB_Video_Dataset/mask/0028/000024-mask-00.png", 
    "depth_minmax": [
      0.827, 
      0.869
    ], 
    "model": "/media/hdd/YCBvideo/YCB_Video_Dataset/YCB_Video_Dataset/models/007_tuna_fish_can/textured.obj", 
    "rot_mat": [
      [
        0.00574727082546806, 
        0.9836855856892464, 
        0.1798071506297568
      ], 
      [
        0.5562500911032646, 
        0.14627844692876366, 
        -0.8180399621737325
      ], 
      [
        -0.8309950755316751, 
        0.10471973899189072, 
        -0.5463348043503937
      ]
    ], 
    "trans_mat": [
      -0.17077822240241372, 
      -0.057725231732707646, 
      0.8698183827346294
    ]
  }, 
  {
    "img": "/media/hdd/YCBvideo/YCB_Video_Dataset/YCB_Video_Dataset/data/0028/000025-label.png", 
