[
  {
    "img": "/media/hdd/YCBvideo/YCB_Video_Dataset/YCB_Video_Dataset/data/0029/000001-label.png", 
    "mask": "/media/hdd/YCBvideo/YCB_Video_Dataset/Generated_YCB_Video_Dataset/mask/0029/000001-mask-00.png", 
    "depth_minmax": [
      0.854, 
      0.947
    ], 
    "model": "/media/hdd/YCBvideo/YCB_Video_Dataset/YCB_Video_Dataset/models/010_potted_meat_can/textured.obj", 
    "rot_mat": [
      [
        -0.24479536978206584, 
        -0.9690667269146244, 
        0.03140239498930124
      ], 
      [
        -0.43754651943619294, 
        0.08150941122706924, 
        -0.8954944092112672
      ], 
      [
        0.8652327896182251, 
        -0.23295219905324657, 
        -0.4439655987781712
      ]
    ], 
    "trans_mat": [
      0.09020693872802352, 
      0.04587171865431489, 
      0.9115141304975315
    ]
  }, 
  {
    "img": "/media/hdd/YCBvideo/YCB_Video_Dataset/YCB_Video_Dataset/data/0029/000002-label.png", 
    "mask": "/media/hdd/YCBvideo/YCB_Video_Dataset/Generated_YCB_Video_Dataset/mask/0029/000002-mask-00.png", 
    "depth_minmax": [
      0.853, 
      0.948
    ], 
    "model": "/media/hdd/YCBvideo/YCB_Video_Dataset/YCB_Video_Dataset/models/010_potted_meat_can/textured.obj", 
    "rot_mat": [
      [
        -0.24902496030537444, 
        -0.9680602353298142, 
        0.029096255647764503
      ], 
      [
        -0.4376240624996014, 
        0.08567237731667506, 
        -0.895067639800293
      ], 
      [
        0.8639859070252075, 
        -0.23562748028909286, 
        -0.444980984832975
      ]
    ], 
    "trans_mat": [
      0.08737013912863215, 
      0.04381079446322182, 
      0.9118689242280272
    ]
  }, 
  {
    "img": "/media/hdd/YCBvideo/YCB_Video_Dataset/YCB_Video_Dataset/data/0029/000003-label.png", 
    "mask": "/media/hdd/YCBvideo/YCB_Video_Dataset/Generated_YCB_Video_Dataset/mask/0029/000003-mask-00.png", 
    "depth_minmax": [
      0.854, 
      0.944
    ], 
    "model": "/media/hdd/YCBvideo/YCB_Video_Dataset/YCB_Video_Dataset/models/010_potted_meat_can/textured.obj", 
    "rot_mat": [
      [
        -0.2513563170367338, 
        -0.9674186816324545, 
        0.03036320812732185
      ], 
      [
        -0.4390493238445015, 
        0.08600491864381046, 
        -0.8943374121450202
      ], 
      [
        0.8625866089143008, 
        -0.23812776463084392, 
        -0.4463620563941786
      ]
    ], 
    "trans_mat": [
      0.08578878122437325, 
      0.0429442356817919, 
      0.9124570706746198
    ]
  }, 
  {
    "img": "/media/hdd/YCBvideo/YCB_Video_Dataset/YCB_Video_Dataset/data/0029/000004-label.png", 
    "mask": "/media/hdd/YCBvideo/YCB_Video_Dataset/Generated_YCB_Video_Dataset/mask/0029/000004-mask-00.png", 
    "depth_minmax": [
      0.854, 
      0.943
    ], 
    "model": "/media/hdd/YCBvideo/YCB_Video_Dataset/YCB_Video_Dataset/models/010_potted_meat_can/textured.obj", 
    "rot_mat": [
      [
        -0.2518248082847645, 
        -0.9673617771410681, 
        0.028219146928165774
      ], 
      [
        -0.4388079711160548, 
        0.08814449833701016, 
        -0.8942477880193727
      ], 
      [
        0.8625725068950111, 
        -0.23757677527083984, 
        -0.4466834380154965
      ]
    ], 
    "trans_mat": [
      0.08574242756024011, 
      0.04261811755736829, 
      0.9122884397308323
    ]
  }, 
  {
    "img": "/media/hdd/YCBvideo/YCB_Video_Dataset/YCB_Video_Dataset/data/0029/000005-label.png", 
    "mask": "/media/hdd/YCBvideo/YCB_Video_Dataset/Generated_YCB_Video_Dataset/mask/0029/000005-mask-00.png", 
    "depth_minmax": [
      0.852, 
      0.947
    ], 
    "model": "/media/hdd/YCBvideo/YCB_Video_Dataset/YCB_Video_Dataset/models/010_potted_meat_can/textured.obj", 
    "rot_mat": [
      [
        -0.2506947406228529, 
        -0.9677564406256891, 
        0.024473992058021747
      ], 
      [
        -0.4357068671304816, 
        0.09022076448116347, 
        -0.8955554416929247
      ], 
      [
        0.8644713508763876, 
        -0.23517462522431284, 
        -0.44427688760643724
      ]
    ], 
    "trans_mat": [
      0.08808124793576855, 
      0.043956912923402404, 
      0.9112779793545982
    ]
  }, 
  {
    "img": "/media/hdd/YCBvideo/YCB_Video_Dataset/YCB_Video_Dataset/data/0029/000006-label.png", 
    "mask": "/media/hdd/YCBvideo/YCB_Video_Dataset/Generated_YCB_Video_Dataset/mask/0029/000006-mask-00.png", 
    "depth_minmax": [
      0.853, 
      0.951
    ], 
    "model": "/media/hdd/YCBvideo/YCB_Video_Dataset/YCB_Video_Dataset/models/010_potted_meat_can/textured.obj", 
    "rot_mat": [
      [
        -0.24980474064381147, 
        -0.9680110295675312, 
        0.02350314940571427
      ], 
      [
        -0.4356286984549343, 
        0.0906742333318048, 
        -0.8955480817686852
      ], 
      [
        0.8647680520162987, 
        -0.23395060269430384, 
        -0.4443447288182641
      ]
    ], 
    "trans_mat": [
      0.09045106844380052, 
      0.04436977660968844, 
      0.9107252225013389
    ]
  }, 
  {
    "img": "/media/hdd/YCBvideo/YCB_Video_Dataset/YCB_Video_Dataset/data/0029/000007-label.png", 
    "mask": "/media/hdd/YCBvideo/YCB_Video_Dataset/Generated_YCB_Video_Dataset/mask/0029/000007-mask-00.png", 
    "depth_minmax": [
      0.852, 
      0.951
    ], 
    "model": "/media/hdd/YCBvideo/YCB_Video_Dataset/YCB_Video_Dataset/models/010_potted_meat_can/textured.obj", 
    "rot_mat": [
      [
        -0.2491545446097487, 
        -0.9681918285568553, 
        0.022929595649376584
      ], 
      [
        -0.4349528570798048, 
        0.0907141794778222, 
        -0.8958725066012724
      ], 
      [
        0.865295795736148, 
        -0.23318377789313266, 
        -0.44372007961714616
      ]
    ], 
    "trans_mat": [
      0.09158690386607224, 
      0.04433270561569773, 
      0.9102223647225967
    ]
  }, 
  {
    "img": "/media/hdd/YCBvideo/YCB_Video_Dataset/YCB_Video_Dataset/data/0029/000008-label.png", 
    "mask": "/media/hdd/YCBvideo/YCB_Video_Dataset/Generated_YCB_Video_Dataset/mask/0029/000008-mask-00.png", 
    "depth_minmax": [
      0.854, 
      0.949
    ], 
    "model": "/media/hdd/YCBvideo/YCB_Video_Dataset/YCB_Video_Dataset/models/010_potted_meat_can/textured.obj", 
    "rot_mat": [
      [
        -0.24888342483212217, 
        -0.9682272425210546, 
        0.024361004600747093
      ], 
      [
        -0.43566938629279295, 
        0.08945403180196886, 
        -0.8956508046723114
      ], 
      [
        0.8650134501469703, 
        -0.23352570513120666, 
        -0.44409094422182055
      ]
    ], 
    "trans_mat": [
      0.09234574587291569, 
      0.04512336894022316, 
      0.9096476845424445
    ]
  }, 
  {
    "img": "/media/hdd/YCBvideo/YCB_Video_Dataset/YCB_Video_Dataset/data/0029/000009-label.png", 
    "mask": "/media/hdd/YCBvideo/YCB_Video_Dataset/Generated_YCB_Video_Dataset/mask/0029/000009-mask-00.png", 
    "depth_minmax": [
      0.852, 
      0.95
    ], 
    "model": "/media/hdd/YCBvideo/YCB_Video_Dataset/YCB_Video_Dataset/models/010_potted_meat_can/textured.obj", 
    "rot_mat": [
      [
        -0.24915550822268612, 
        -0.9681268000672048, 
        0.02552954989226334
      ], 
      [
        -0.43500442439963266, 
        0.08832226988037936, 
        -0.8960862703389683
      ], 
      [
        0.8652698417198671, 
        -0.23437003069169687, 
        -0.44314565564626207
      ]
    ], 
    "trans_mat": [
      0.09242747895322068, 
      0.04588963552107798, 
      0.9095320666322679
    ]
  }, 
  {
    "img": "/media/hdd/YCBvideo/YCB_Video_Dataset/YCB_Video_Dataset/data/0029/000010-label.png", 
    "mask": "/media/hdd/YCBvideo/YCB_Video_Dataset/Generated_YCB_Video_Dataset/mask/0029/000010-mask-00.png", 
    "depth_minmax": [
      0.852, 
      0.95
    ], 
    "model": "/media/hdd/YCBvideo/YCB_Video_Dataset/YCB_Video_Dataset/models/010_potted_meat_can/textured.obj", 
    "rot_mat": [
      [
        -0.2494512238184235, 
        -0.9679991492850476, 
        0.02742498357048842
      ], 
      [
        -0.4349355125844202, 
        0.08668951029041921, 
        -0.8962795075508773
      ], 
      [
        0.8652186912876192, 
        -0.2355062297304288, 
        -0.4426418597671707
      ]
    ], 
    "trans_mat": [
      0.0922177847868515, 
      0.047371392044640366, 
      0.9094252666879787
    ]
  }, 
  {
    "img": "/media/hdd/YCBvideo/YCB_Video_Dataset/YCB_Video_Dataset/data/0029/000011-label.png", 
    "mask": "/media/hdd/YCBvideo/YCB_Video_Dataset/Generated_YCB_Video_Dataset/mask/0029/000011-mask-00.png", 
    "depth_minmax": [
      0.852, 
      0.955
    ], 
    "model": "/media/hdd/YCBvideo/YCB_Video_Dataset/YCB_Video_Dataset/models/010_potted_meat_can/textured.obj", 
    "rot_mat": [
      [
        -0.25059227314719335, 
        -0.9676738185362961, 
        0.02847217868891426
      ], 
      [
        -0.4333541192723233, 
        0.08582625893479051, 
        -0.8971279543046037
      ], 
      [
        0.8656827067193669, 
        -0.23715254044439357, 
        -0.4408528355449552
      ]
    ], 
    "trans_mat": [
      0.09216960711716127, 
      0.048867618360156996, 
      0.9096245812343248
    ]
  }, 
  {
    "img": "/media/hdd/YCBvideo/YCB_Video_Dataset/YCB_Video_Dataset/data/0029/000012-label.png", 
    "mask": "/media/hdd/YCBvideo/YCB_Video_Dataset/Generated_YCB_Video_Dataset/mask/0029/000012-mask-00.png", 
    "depth_minmax": [
      0.851, 
      0.95
    ], 
    "model": "/media/hdd/YCBvideo/YCB_Video_Dataset/YCB_Video_Dataset/models/010_potted_meat_can/textured.obj", 
    "rot_mat": [
      [
        -0.2520327235271102, 
        -0.9673229118613631, 
        0.027685394037881596
      ], 
      [
        -0.4316798235170138, 
        0.0867760292213264, 
        -0.8978433357087241
      ], 
      [
        0.8661009715066369, 
        -0.23823660910331504, 
        -0.4394441165751806
      ]
    ], 
    "trans_mat": [
      0.09230013901625184, 
      0.05002993091994811, 
      0.9099108697883465
    ]
  }, 
  {
    "img": "/media/hdd/YCBvideo/YCB_Video_Dataset/YCB_Video_Dataset/data/0029/000013-label.png", 
    "mask": "/media/hdd/YCBvideo/YCB_Video_Dataset/Generated_YCB_Video_Dataset/mask/0029/000013-mask-00.png", 
    "depth_minmax": [
      0.854, 
      0.951
    ], 
    "model": "/media/hdd/YCBvideo/YCB_Video_Dataset/YCB_Video_Dataset/models/010_potted_meat_can/textured.obj", 
    "rot_mat": [
      [
        -0.25241201459844903, 
        -0.9672504396945347, 
        0.02674730945148952
      ], 
      [
        -0.4312292535834576, 
        0.0877009636625964, 
        -0.8979695949624584
      ], 
      [
        0.8662152744091811, 
        -0.23819218102830808, 
        -0.4392439649608122
      ]
    ], 
    "trans_mat": [
      0.09315018544331688, 
      0.04965991293056506, 
      0.9097482010717495
    ]
  }, 
  {
    "img": "/media/hdd/YCBvideo/YCB_Video_Dataset/YCB_Video_Dataset/data/0029/000014-label.png", 
    "mask": "/media/hdd/YCBvideo/YCB_Video_Dataset/Generated_YCB_Video_Dataset/mask/0029/000014-mask-00.png", 
    "depth_minmax": [
      0.854, 
      0.951
    ], 
    "model": "/media/hdd/YCBvideo/YCB_Video_Dataset/YCB_Video_Dataset/models/010_potted_meat_can/textured.obj", 
    "rot_mat": [
      [
        -0.25344235827254663, 
        -0.9669043311676001, 
        0.029391917344327518
      ], 
      [
        -0.432885995360878, 
        0.08618973643512122, 
        -0.897319411924171
      ], 
      [
        0.8650873087625941, 
        -0.2401417893076401, 
        -0.44040365275925564
      ]
    ], 
    "trans_mat": [
      0.09303978495505463, 
      0.049405109492303714, 
      0.9099297615353986
    ]
  }, 
  {
    "img": "/media/hdd/YCBvideo/YCB_Video_Dataset/YCB_Video_Dataset/data/0029/000015-label.png", 
    "mask": "/media/hdd/YCBvideo/YCB_Video_Dataset/Generated_YCB_Video_Dataset/mask/0029/000015-mask-00.png", 
    "depth_minmax": [
      0.849, 
      0.951
    ], 
    "model": "/media/hdd/YCBvideo/YCB_Video_Dataset/YCB_Video_Dataset/models/010_potted_meat_can/textured.obj", 
    "rot_mat": [
      [
        -0.25233067713865426, 
        -0.9671639382856111, 
        0.03038272387543846
      ], 
      [
        -0.4342697871015175, 
        0.0851291411782395, 
        -0.8967521439627046
      ], 
      [
        0.8647190031381518, 
        -0.239472183861295, 
        -0.44149070745614577
      ]
    ], 
    "trans_mat": [
      0.09229892333544826, 
      0.05027754417182328, 
      0.9098007117912202
    ]
  }, 
  {
    "img": "/media/hdd/YCBvideo/YCB_Video_Dataset/YCB_Video_Dataset/data/0029/000016-label.png", 
    "mask": "/media/hdd/YCBvideo/YCB_Video_Dataset/Generated_YCB_Video_Dataset/mask/0029/000016-mask-00.png", 
    "depth_minmax": [
      0.851, 
      0.955
    ], 
    "model": "/media/hdd/YCBvideo/YCB_Video_Dataset/YCB_Video_Dataset/models/010_potted_meat_can/textured.obj", 
    "rot_mat": [
      [
        -0.25307911944697187, 
        -0.9668976005424651, 
        0.032560202248617255
      ], 
      [
        -0.4331938460267566, 
        0.08316394205830896, 
        -0.897456308658085
      ], 
      [
        0.8650401532214029, 
        -0.24123203442618318, 
        -0.43990078903036045
      ]
    ], 
    "trans_mat": [
      0.09233093268879997, 
      0.05218333003369265, 
      0.9099724832138865
    ]
  }, 
  {
    "img": "/media/hdd/YCBvideo/YCB_Video_Dataset/YCB_Video_Dataset/data/0029/000017-label.png", 
    "mask": "/media/hdd/YCBvideo/YCB_Video_Dataset/Generated_YCB_Video_Dataset/mask/0029/000017-mask-00.png", 
    "depth_minmax": [
      0.851, 
      0.951
    ], 
    "model": "/media/hdd/YCBvideo/YCB_Video_Dataset/YCB_Video_Dataset/models/010_potted_meat_can/textured.obj", 
    "rot_mat": [
      [
        -0.2543298562037781, 
        -0.9665639338288062, 
        0.032729351998992885
      ], 
      [
        -0.42992956385528175, 
        0.08268230577315765, 
        -0.899069182821688
      ], 
      [
        0.866300726920027, 
        -0.2427310250350293, 
        -0.4365832076000747
      ]
    ], 
    "trans_mat": [
      0.09246231849859599, 
      0.05436807855525658, 
      0.9100555552427002
    ]
  }, 
  {
    "img": "/media/hdd/YCBvideo/YCB_Video_Dataset/YCB_Video_Dataset/data/0029/000018-label.png", 
    "mask": "/media/hdd/YCBvideo/YCB_Video_Dataset/Generated_YCB_Video_Dataset/mask/0029/000018-mask-00.png", 
    "depth_minmax": [
      0.85, 
      0.951
    ], 
    "model": "/media/hdd/YCBvideo/YCB_Video_Dataset/YCB_Video_Dataset/models/010_potted_meat_can/textured.obj", 
    "rot_mat": [
      [
        -0.25493849866767315, 
        -0.9664062022758384, 
        0.0326318675849207
      ], 
      [
        -0.42874814981670434, 
        0.08272733749730475, 
        -0.8996285466019371
      ], 
      [
        0.8667066862119591, 
        -0.24334069364015692, 
        -0.43543570755240624
      ]
    ], 
    "trans_mat": [
      0.0922555691566499, 
      0.055676662244654535, 
      0.9102199947109852
    ]
  }, 
  {
    "img": "/media/hdd/YCBvideo/YCB_Video_Dataset/YCB_Video_Dataset/data/0029/000019-label.png", 
    "mask": "/media/hdd/YCBvideo/YCB_Video_Dataset/Generated_YCB_Video_Dataset/mask/0029/000019-mask-00.png", 
    "depth_minmax": [
      0.854, 
      0.955
    ], 
    "model": "/media/hdd/YCBvideo/YCB_Video_Dataset/YCB_Video_Dataset/models/010_potted_meat_can/textured.obj", 
    "rot_mat": [
      [
        -0.2562009920866547, 
        -0.9661052409939774, 
        0.03164798708106222
      ], 
      [
        -0.4285183049627667, 
        0.08416920038561601, 
        -0.8996042446533541
      ], 
      [
        0.8664482686544775, 
        -0.24404103975425448, 
        -0.4355579765145867
      ]
    ], 
    "trans_mat": [
      0.09294887385102502, 
      0.056757888200703384, 
      0.9103693234560043
    ]
  }, 
  {
    "img": "/media/hdd/YCBvideo/YCB_Video_Dataset/YCB_Video_Dataset/data/0029/000020-label.png", 
    "mask": "/media/hdd/YCBvideo/YCB_Video_Dataset/Generated_YCB_Video_Dataset/mask/0029/000020-mask-00.png", 
    "depth_minmax": [
      0.854, 
      0.951
    ], 
    "model": "/media/hdd/YCBvideo/YCB_Video_Dataset/YCB_Video_Dataset/models/010_potted_meat_can/textured.obj", 
    "rot_mat": [
      [
        -0.256172623768064, 
        -0.9661296507354987, 
        0.03111970038192621
      ], 
      [
        -0.42775299586189863, 
        0.08443255218676611, 
        -0.89994335847881
      ], 
      [
        0.8668341810513338, 
        -0.2438525446972649, 
        -0.4348946162494412
      ]
    ], 
    "trans_mat": [
      0.0946327482340463, 
      0.05823138905164675, 
      0.910373208592481
    ]
  }, 
  {
    "img": "/media/hdd/YCBvideo/YCB_Video_Dataset/YCB_Video_Dataset/data/0029/000021-label.png", 
    "mask": "/media/hdd/YCBvideo/YCB_Video_Dataset/Generated_YCB_Video_Dataset/mask/0029/000021-mask-00.png", 
    "depth_minmax": [
      0.854, 
      0.95
    ], 
    "model": "/media/hdd/YCBvideo/YCB_Video_Dataset/YCB_Video_Dataset/models/010_potted_meat_can/textured.obj", 
    "rot_mat": [
      [
        -0.25565984179249557, 
        -0.9662449753766424, 
        0.031770879273405044
      ], 
      [
        -0.427064129540473, 
        0.08339254338197093, 
        -0.9003674705373171
      ], 
      [
        0.8673256464773075, 
        -0.2437557373746212, 
        -0.43396877538127515
      ]
    ], 
    "trans_mat": [
      0.09599095435641947, 
      0.060303149419021596, 
      0.9101941404719592
    ]
  }, 
  {
    "img": "/media/hdd/YCBvideo/YCB_Video_Dataset/YCB_Video_Dataset/data/0029/000022-label.png", 
    "mask": "/media/hdd/YCBvideo/YCB_Video_Dataset/Generated_YCB_Video_Dataset/mask/0029/000022-mask-00.png", 
    "depth_minmax": [
      0.853, 
      0.951
    ], 
    "model": "/media/hdd/YCBvideo/YCB_Video_Dataset/YCB_Video_Dataset/models/010_potted_meat_can/textured.obj", 
    "rot_mat": [
      [
        -0.25435329576507587, 
        -0.9666373940956362, 
        0.030286687432065786
      ], 
      [
        -0.4256559788869832, 
        0.08377343547405743, 
        -0.9009993238736432
      ], 
      [
        0.8684016189957674, 
        -0.2420632070937975, 
        -0.4327634907582819
      ]
    ], 
    "trans_mat": [
      0.0974791974906502, 
      0.061955872680082305, 
      0.9098158394936557
    ]
  }, 
  {
    "img": "/media/hdd/YCBvideo/YCB_Video_Dataset/YCB_Video_Dataset/data/0029/000023-label.png", 
    "mask": "/media/hdd/YCBvideo/YCB_Video_Dataset/Generated_YCB_Video_Dataset/mask/0029/000023-mask-00.png", 
    "depth_minmax": [
      0.854, 
      0.95
    ], 
    "model": "/media/hdd/YCBvideo/YCB_Video_Dataset/YCB_Video_Dataset/models/010_potted_meat_can/textured.obj", 
    "rot_mat": [
      [
        -0.25485241529836167, 
        -0.9664542961492002, 
        0.03186703551576969
      ], 
      [
        -0.4246189085631077, 
        0.0822417931691642, 
        -0.9016293537762559
      ], 
      [
        0.8687623246752155, 
        -0.24331427747900836, 
        -0.43133469921544687
      ]
    ], 
    "trans_mat": [
      0.09914125048166778, 
      0.0637075801924327, 
      0.9098977243177588
    ]
  }, 
  {
    "img": "/media/hdd/YCBvideo/YCB_Video_Dataset/YCB_Video_Dataset/data/0029/000024-label.png", 
    "mask": "/media/hdd/YCBvideo/YCB_Video_Dataset/Generated_YCB_Video_Dataset/mask/0029/000024-mask-00.png", 
    "depth_minmax": [
      0.854, 
      0.946
    ], 
    "model": "/media/hdd/YCBvideo/YCB_Video_Dataset/YCB_Video_Dataset/models/010_potted_meat_can/textured.obj", 
    "rot_mat": [
      [
        -0.25449926411261026, 
        -0.9665377403549936, 
        0.03216242118056782
      ], 
      [
        -0.42441103748329667, 
        0.08174487495903889, 
        -0.901772316369347
      ], 
      [
        0.8689681416151589, 
        -0.24315037343621732, 
        -0.43101318022196144
      ]
    ], 
    "trans_mat": [
      0.10126239111346252, 
      0.06580261581019868, 
      0.9101225827665229
    ]
  }, 
  {
    "img": "/media/hdd/YCBvideo/YCB_Video_Dataset/YCB_Video_Dataset/data/0029/000025-label.png", 
    "mask": "/media/hdd/YCBvideo/YCB_Video_Dataset/Generated_YCB_Video_Dataset/mask/0029/000025-mask-00.png", 
    "depth_minmax": [
      0.852, 
      0.946
    ], 
    "model": "/media/hdd/YCBvideo/YCB_Video_Dataset/YCB_Video_Dataset/models/010_potted_meat_can/textured.obj", 
    "rot_mat": [
      [
        -0.25431558000795546, 
        -0.9665228787529013, 
        0.034011609187103525
      ], 
      [
        -0.4242454674858405, 
        0.07988779836828679, 
        -0.9020169204073782
      ], 
      [
        0.8691023143576787, 
        -0.24382549553549832, 
        -0.43036034420162833
      ]
    ], 
    "trans_mat": [
      0.10233465457703342, 
      0.06759105504838034, 
      0.9101064407889461
    ]
  }, 
  {
    "img": "/media/hdd/YCBvideo/YCB_Video_Dataset/YCB_Video_Dataset/data/0029/000026-label.png", 
    "mask": "/media/hdd/YCBvideo/YCB_Video_Dataset/Generated_YCB_Video_Dataset/mask/0029/000026-mask-00.png", 
    "depth_minmax": [
      0.854, 
      0.951
    ], 
    "model": "/media/hdd/YCBvideo/YCB_Video_Dataset/YCB_Video_Dataset/models/010_potted_meat_can/textured.obj", 
    "rot_mat": [
      [
        -0.2556139745099871, 
        -0.9661742605013329, 
        0.034188679897438
      ], 
      [
        -0.42190973659650327, 
        0.0796640008721632, 
        -0.903131734218897
      ], 
      [
        0.869858667891889, 
        -0.24527734698090786, 
        -0.42800233575968843
      ]
    ], 
    "trans_mat": [
      0.10348637201289115, 
      0.06949732383594355, 
      0.9101980521237252
    ]
  }, 
  {
    "img": "/media/hdd/YCBvideo/YCB_Video_Dataset/YCB_Video_Dataset/data/0029/000027-label.png", 
    "mask": "/media/hdd/YCBvideo/YCB_Video_Dataset/Generated_YCB_Video_Dataset/mask/0029/000027-mask-00.png", 
    "depth_minmax": [
      0.854, 
      0.946
    ], 
    "model": "/media/hdd/YCBvideo/YCB_Video_Dataset/YCB_Video_Dataset/models/010_potted_meat_can/textured.obj", 
    "rot_mat": [
      [
        -0.255926548213725, 
        -0.9661224932529069, 
        0.03328595552362574
      ], 
      [
        -0.42153534377805585, 
        0.08054624266508213, 
        -0.9032281542779511
      ], 
      [
        0.8699477482276337, 
        -0.2451913106696264, 
        -0.4278696228460844
      ]
    ], 
    "trans_mat": [
      0.10454901704302055, 
      0.07151028464526041, 
      0.9101010438539555
    ]
  }, 
  {
    "img": "/media/hdd/YCBvideo/YCB_Video_Dataset/YCB_Video_Dataset/data/0029/000028-label.png", 
    "mask": "/media/hdd/YCBvideo/YCB_Video_Dataset/Generated_YCB_Video_Dataset/mask/0029/000028-mask-00.png", 
    "depth_minmax": [
      0.854, 
      0.951
    ], 
    "model": "/media/hdd/YCBvideo/YCB_Video_Dataset/YCB_Video_Dataset/models/010_potted_meat_can/textured.obj", 
    "rot_mat": [
      [
        -0.2570359825727268, 
        -0.9658010595559071, 
        0.03406493679055395
      ], 
      [
        -0.4185374508750488, 
        0.07947766225345121, 
        -0.9047161864149771
      ], 
      [
        0.8710676062100093, 
        -0.2468022192486249, 
        -0.4246521252381272
      ]
    ], 
    "trans_mat": [
      0.10524184667827599, 
      0.07325854497991074, 
      0.9101355770945976
    ]
  }, 
  {
    "img": "/media/hdd/YCBvideo/YCB_Video_Dataset/YCB_Video_Dataset/data/0029/000029-label.png", 
    "mask": "/media/hdd/YCBvideo/YCB_Video_Dataset/Generated_YCB_Video_Dataset/mask/0029/000029-mask-00.png", 
    "depth_minmax": [
      0.854, 
      0.947
    ], 
    "model": "/media/hdd/YCBvideo/YCB_Video_Dataset/YCB_Video_Dataset/models/010_potted_meat_can/textured.obj", 
    "rot_mat": [
      [
        -0.2574417059300892, 
        -0.9657095036114852, 
        0.03361202748955959
      ], 
      [
        -0.41970082374580786, 
        0.08041749569897445, 
        -0.9040936500294803
      ], 
      [
        0.8703875852694326, 
        -0.24685799295990565, 
        -0.4260121472360398
      ]
    ], 
    "trans_mat": [
      0.10615257770599631, 
      0.07374312604778421, 
      0.9103690269307128
    ]
  }, 
  {
    "img": "/media/hdd/YCBvideo/YCB_Video_Dataset/YCB_Video_Dataset/data/0029/000030-label.png", 
    "mask": "/media/hdd/YCBvideo/YCB_Video_Dataset/Generated_YCB_Video_Dataset/mask/0029/000030-mask-00.png", 
    "depth_minmax": [
      0.852, 
      0.947
    ], 
    "model": "/media/hdd/YCBvideo/YCB_Video_Dataset/YCB_Video_Dataset/models/010_potted_meat_can/textured.obj", 
    "rot_mat": [
      [
        -0.25668151280642576, 
        -0.9658485124479679, 
        0.035385733662058154
      ], 
      [
        -0.42004328229834925, 
        0.07850579413853817, 
        -0.9041024260297323
      ], 
      [
        0.8704465049850394, 
        -0.24692972648037217, 
        -0.4258489151931349
      ]
    ], 
    "trans_mat": [
      0.10756110091277468, 
      0.07548727842706388, 
      0.9101832028496547
    ]
  }, 
  {
    "img": "/media/hdd/YCBvideo/YCB_Video_Dataset/YCB_Video_Dataset/data/0029/000031-label.png", 
    "mask": "/media/hdd/YCBvideo/YCB_Video_Dataset/Generated_YCB_Video_Dataset/mask/0029/000031-mask-00.png", 
    "depth_minmax": [
      0.852, 
      0.951
    ], 
    "model": "/media/hdd/YCBvideo/YCB_Video_Dataset/YCB_Video_Dataset/models/010_potted_meat_can/textured.obj", 
    "rot_mat": [
      [
        -0.2580305150727716, 
        -0.9655435862782864, 
        0.033845596201033626
      ], 
      [
        -0.4175662016530934, 
        0.07986215025773107, 
        -0.905130644864934
      ], 
      [
        0.8712395608775148, 
        -0.24768386930723102, 
        -0.423785388552449
      ]
    ], 
    "trans_mat": [
      0.10811638242338165, 
      0.07662591664096778, 
      0.910054630818587
    ]
  }, 
  {
    "img": "/media/hdd/YCBvideo/YCB_Video_Dataset/YCB_Video_Dataset/data/0029/000032-label.png", 
    "mask": "/media/hdd/YCBvideo/YCB_Video_Dataset/Generated_YCB_Video_Dataset/mask/0029/000032-mask-00.png", 
    "depth_minmax": [
      0.852, 
      0.952
    ], 
    "model": "/media/hdd/YCBvideo/YCB_Video_Dataset/YCB_Video_Dataset/models/010_potted_meat_can/textured.obj", 
    "rot_mat": [
      [
        -0.25884924986675056, 
        -0.9653642601103698, 
        0.032696385765171705
      ], 
      [
        -0.41585573813417476, 
        0.08082623153988097, 
        -0.9058319495611775
      ], 
      [
        0.87181467650339, 
        -0.2480704795620018, 
        -0.4223739342206195
      ]
    ], 
    "trans_mat": [
      0.10981009393351801, 
      0.07822487201272334, 
      0.909791051130038
    ]
  }, 
  {
    "img": "/media/hdd/YCBvideo/YCB_Video_Dataset/YCB_Video_Dataset/data/0029/000033-label.png", 
    "mask": "/media/hdd/YCBvideo/YCB_Video_Dataset/Generated_YCB_Video_Dataset/mask/0029/000033-mask-00.png", 
    "depth_minmax": [
      0.854, 
      0.951
    ], 
    "model": "/media/hdd/YCBvideo/YCB_Video_Dataset/YCB_Video_Dataset/models/010_potted_meat_can/textured.obj", 
    "rot_mat": [
      [
        -0.25754747557054614, 
        -0.9657702555479993, 
        0.030947975220521194
      ], 
      [
        -0.41462892028037135, 
        0.08152808320465575, 
        -0.9063318639343848
      ], 
      [
        0.8727843896195168, 
        -0.24625462759264907, 
        -0.4214335754711264
      ]
    ], 
    "trans_mat": [
      0.11259571114119182, 
      0.07865913341479178, 
      0.9090581968706021
    ]
  }, 
  {
    "img": "/media/hdd/YCBvideo/YCB_Video_Dataset/YCB_Video_Dataset/data/0029/000034-label.png", 
    "mask": "/media/hdd/YCBvideo/YCB_Video_Dataset/Generated_YCB_Video_Dataset/mask/0029/000034-mask-00.png", 
    "depth_minmax": [
      0.852, 
      0.95
    ], 
    "model": "/media/hdd/YCBvideo/YCB_Video_Dataset/YCB_Video_Dataset/models/010_potted_meat_can/textured.obj", 
    "rot_mat": [
      [
        -0.2572527947880353, 
        -0.9657997245918953, 
        0.032423732551177226
      ], 
      [
        -0.41552792565905294, 
        0.08026379729639661, 
        -0.9060327725580711
      ], 
      [
        0.8724428327737521, 
        -0.24655292660816686, 
        -0.4219658601927888
      ]
    ], 
    "trans_mat": [
      0.11498797317928539, 
      0.07880056616214662, 
      0.9086646406010731
    ]
  }, 
  {
    "img": "/media/hdd/YCBvideo/YCB_Video_Dataset/YCB_Video_Dataset/data/0029/000035-label.png", 
    "mask": "/media/hdd/YCBvideo/YCB_Video_Dataset/Generated_YCB_Video_Dataset/mask/0029/000035-mask-00.png", 
    "depth_minmax": [
      0.85, 
      0.949
    ], 
    "model": "/media/hdd/YCBvideo/YCB_Video_Dataset/YCB_Video_Dataset/models/010_potted_meat_can/textured.obj", 
    "rot_mat": [
      [
        -0.2562401942743623, 
        -0.9660293865553173, 
        0.0335949887785489
      ], 
      [
        -0.4163916681566978, 
        0.07894965814082752, 
        -0.905750930480151
      ], 
      [
        0.8723293019174742, 
        -0.24607848990680267, 
        -0.4224762246923493
      ]
    ], 
    "trans_mat": [
      0.11683613662722991, 
      0.07882715315553397, 
      0.9080782997621305
    ]
  }, 
  {
    "img": "/media/hdd/YCBvideo/YCB_Video_Dataset/YCB_Video_Dataset/data/0029/000036-label.png", 
    "mask": "/media/hdd/YCBvideo/YCB_Video_Dataset/Generated_YCB_Video_Dataset/mask/0029/000036-mask-00.png", 
    "depth_minmax": [
      0.85, 
      0.949
    ], 
    "model": "/media/hdd/YCBvideo/YCB_Video_Dataset/YCB_Video_Dataset/models/010_potted_meat_can/textured.obj", 
    "rot_mat": [
      [
        -0.25485552593079885, 
        -0.966388238210295, 
        0.03379771081067824
      ], 
      [
        -0.41776649393559995, 
        0.07851680867542019, 
        -0.905155404699628
      ], 
      [
        0.8720779823713081, 
        -0.24480389386906104, 
        -0.4237355324622074
      ]
    ], 
    "trans_mat": [
      0.11858589226537614, 
      0.07874425180474208, 
      0.9077047420212585
    ]
  }, 
  {
    "img": "/media/hdd/YCBvideo/YCB_Video_Dataset/YCB_Video_Dataset/data/0029/000037-label.png", 
    "mask": "/media/hdd/YCBvideo/YCB_Video_Dataset/Generated_YCB_Video_Dataset/mask/0029/000037-mask-00.png", 
    "depth_minmax": [
      0.846, 
      0.948
    ], 
    "model": "/media/hdd/YCBvideo/YCB_Video_Dataset/YCB_Video_Dataset/models/010_potted_meat_can/textured.obj", 
    "rot_mat": [
      [
        -0.25432334185204863, 
        -0.9664888091200374, 
        0.03490856727751508
      ], 
      [
        -0.4196573477001945, 
        0.07776505819535713, 
        -0.904345841483856
      ], 
      [
        0.8713252134111154, 
        -0.24464607641306405, 
        -0.4253716887435924
      ]
    ], 
    "trans_mat": [
      0.11968475687109706, 
      0.07779933619978012, 
      0.9074659550914335
    ]
  }, 
  {
    "img": "/media/hdd/YCBvideo/YCB_Video_Dataset/YCB_Video_Dataset/data/0029/000038-label.png", 
    "mask": "/media/hdd/YCBvideo/YCB_Video_Dataset/Generated_YCB_Video_Dataset/mask/0029/000038-mask-00.png", 
    "depth_minmax": [
      0.848, 
      0.948
    ], 
    "model": "/media/hdd/YCBvideo/YCB_Video_Dataset/YCB_Video_Dataset/models/010_potted_meat_can/textured.obj", 
    "rot_mat": [
      [
        -0.254643215141563, 
        -0.9663425935722325, 
        0.036597078003703355
      ], 
      [
        -0.4199573888903398, 
        0.0764160321854528, 
        -0.9043212048387895
      ], 
      [
        0.871086771517064, 
        -0.24564871567580845, 
        -0.42528243469050336
      ]
    ], 
    "trans_mat": [
      0.12012402836801148, 
      0.07828474188451089, 
      0.9072460452984871
    ]
  }, 
  {
    "img": "/media/hdd/YCBvideo/YCB_Video_Dataset/YCB_Video_Dataset/data/0029/000039-label.png", 
    "mask": "/media/hdd/YCBvideo/YCB_Video_Dataset/Generated_YCB_Video_Dataset/mask/0029/000039-mask-00.png", 
    "depth_minmax": [
      0.85, 
      0.953
    ], 
    "model": "/media/hdd/YCBvideo/YCB_Video_Dataset/YCB_Video_Dataset/models/010_potted_meat_can/textured.obj", 
    "rot_mat": [
      [
        -0.25415430600228717, 
        -0.9665484181306055, 
        0.034504993041300655
      ], 
      [
        -0.4183227010134095, 
        0.07769113610082319, 
        -0.9049703629694578
      ], 
      [
        0.8720148708191323, 
        -0.24443635268249417, 
        -0.424074788118253
      ]
    ], 
    "trans_mat": [
      0.12260862328648828, 
      0.07933477366873674, 
      0.9066186553206178
    ]
  }, 
  {
    "img": "/media/hdd/YCBvideo/YCB_Video_Dataset/YCB_Video_Dataset/data/0029/000040-label.png", 
    "mask": "/media/hdd/YCBvideo/YCB_Video_Dataset/Generated_YCB_Video_Dataset/mask/0029/000040-mask-00.png", 
    "depth_minmax": [
      0.848, 
      0.943
    ], 
    "model": "/media/hdd/YCBvideo/YCB_Video_Dataset/YCB_Video_Dataset/models/010_potted_meat_can/textured.obj", 
    "rot_mat": [
      [
        -0.25372586939879893, 
        -0.9665844052387526, 
        0.036569154187488996
      ], 
      [
        -0.4194728311311903, 
        0.07588691109681235, 
        -0.904590493227747
      ], 
      [
        0.8715872307804039, 
        -0.24485716792386952, 
        -0.42471148462401875
      ]
    ], 
    "trans_mat": [
      0.12453001538511702, 
      0.07897001823730737, 
      0.906346440810561
    ]
  }, 
  {
    "img": "/media/hdd/YCBvideo/YCB_Video_Dataset/YCB_Video_Dataset/data/0029/000041-label.png", 
    "mask": "/media/hdd/YCBvideo/YCB_Video_Dataset/Generated_YCB_Video_Dataset/mask/0029/000041-mask-00.png", 
    "depth_minmax": [
      0.848, 
      0.943
    ], 
    "model": "/media/hdd/YCBvideo/YCB_Video_Dataset/YCB_Video_Dataset/models/010_potted_meat_can/textured.obj", 
    "rot_mat": [
      [
        -0.25301191986191895, 
        -0.9666907137942341, 
        0.038666450275241335
      ], 
      [
        -0.42164494586111223, 
        0.07420934690651838, 
        -0.903719991183199
      ], 
      [
        0.8707470368043633, 
        -0.24495556031477903, 
        -0.42637595051934196
      ]
    ], 
    "trans_mat": [
      0.1252180262099623, 
      0.07813135806968766, 
      0.9058974055048753
    ]
  }, 
  {
    "img": "/media/hdd/YCBvideo/YCB_Video_Dataset/YCB_Video_Dataset/data/0029/000042-label.png", 
    "mask": "/media/hdd/YCBvideo/YCB_Video_Dataset/Generated_YCB_Video_Dataset/mask/0029/000042-mask-00.png", 
    "depth_minmax": [
      0.848, 
      0.947
    ], 
    "model": "/media/hdd/YCBvideo/YCB_Video_Dataset/YCB_Video_Dataset/models/010_potted_meat_can/textured.obj", 
    "rot_mat": [
      [
        -0.2533848409145735, 
        -0.9666582641227602, 
        0.036995754700935295
      ], 
      [
        -0.4224063132408194, 
        0.07615579093967279, 
        -0.9032021973126327
      ], 
      [
        0.8702695080155994, 
        -0.24448480663561112, 
        -0.42761954921914613
      ]
    ], 
    "trans_mat": [
      0.12579248493786693, 
      0.07638028780224168, 
      0.9051806889532322
    ]
  }, 
  {
    "img": "/media/hdd/YCBvideo/YCB_Video_Dataset/YCB_Video_Dataset/data/0029/000043-label.png", 
    "mask": "/media/hdd/YCBvideo/YCB_Video_Dataset/Generated_YCB_Video_Dataset/mask/0029/000043-mask-00.png", 
    "depth_minmax": [
      0.848, 
      0.942
    ], 
    "model": "/media/hdd/YCBvideo/YCB_Video_Dataset/YCB_Video_Dataset/models/010_potted_meat_can/textured.obj", 
    "rot_mat": [
      [
        -0.2553939010899116, 
        -0.9661337824506507, 
        0.03688584835968809
      ], 
      [
        -0.42399137063789155, 
        0.07763015823117762, 
        -0.9023331275047836
      ], 
      [
        0.8689106016629069, 
        -0.2460894756850852, 
        -0.4294589500550233
      ]
    ], 
    "trans_mat": [
      0.12660705593009727, 
      0.07439234466025456, 
      0.9049999887612933
    ]
  }, 
  {
    "img": "/media/hdd/YCBvideo/YCB_Video_Dataset/YCB_Video_Dataset/data/0029/000044-label.png", 
    "mask": "/media/hdd/YCBvideo/YCB_Video_Dataset/Generated_YCB_Video_Dataset/mask/0029/000044-mask-00.png", 
    "depth_minmax": [
      0.848, 
      0.941
    ], 
    "model": "/media/hdd/YCBvideo/YCB_Video_Dataset/YCB_Video_Dataset/models/010_potted_meat_can/textured.obj", 
    "rot_mat": [
      [
        -0.2550895017750949, 
        -0.9662449142733285, 
        0.03604492138299255
      ], 
      [
        -0.4244405472650494, 
        0.07840243800618968, 
        -0.9020550842892909
      ], 
      [
        0.8687802437158634, 
        -0.245404138348268, 
        -0.4301138042302933
      ]
    ], 
    "trans_mat": [
      0.1283250425890716, 
      0.07397559821932792, 
      0.9042679822783442
    ]
  }, 
  {
    "img": "/media/hdd/YCBvideo/YCB_Video_Dataset/YCB_Video_Dataset/data/0029/000045-label.png", 
    "mask": "/media/hdd/YCBvideo/YCB_Video_Dataset/Generated_YCB_Video_Dataset/mask/0029/000045-mask-00.png", 
    "depth_minmax": [
      0.846, 
      0.941
    ], 
    "model": "/media/hdd/YCBvideo/YCB_Video_Dataset/YCB_Video_Dataset/models/010_potted_meat_can/textured.obj", 
    "rot_mat": [
      [
        -0.25683063189000394, 
        -0.9658537004646509, 
        0.034135507548093955
      ], 
      [
        -0.42464707518238903, 
        0.08104900529346877, 
        -0.9017239434272775
      ], 
      [
        0.8681660824163829, 
        -0.24608545398410045, 
        -0.43096286306458487
      ]
    ], 
    "trans_mat": [
      0.12880728274867348, 
      0.07247769592564757, 
      0.9038307409081755
    ]
  }, 
  {
    "img": "/media/hdd/YCBvideo/YCB_Video_Dataset/YCB_Video_Dataset/data/0029/000046-label.png", 
    "mask": "/media/hdd/YCBvideo/YCB_Video_Dataset/Generated_YCB_Video_Dataset/mask/0029/000046-mask-00.png", 
    "depth_minmax": [
      0.847, 
      0.94
    ], 
    "model": "/media/hdd/YCBvideo/YCB_Video_Dataset/YCB_Video_Dataset/models/010_potted_meat_can/textured.obj", 
    "rot_mat": [
      [
        -0.25809300375305394, 
        -0.9655778703541289, 
        0.032369509570858865
      ], 
      [
        -0.4235579595588216, 
        0.08297423050168903, 
        -0.9020609656553608
      ], 
      [
        0.8683242497541465, 
        -0.246525471234746, 
        -0.43039350128781484
      ]
    ], 
    "trans_mat": [
      0.12883143057573937, 
      0.0716621346250062, 
      0.90319766775855
    ]
  }, 
  {
    "img": "/media/hdd/YCBvideo/YCB_Video_Dataset/YCB_Video_Dataset/data/0029/000047-label.png", 
    "mask": "/media/hdd/YCBvideo/YCB_Video_Dataset/Generated_YCB_Video_Dataset/mask/0029/000047-mask-00.png", 
    "depth_minmax": [
      0.844, 
      0.944
    ], 
    "model": "/media/hdd/YCBvideo/YCB_Video_Dataset/YCB_Video_Dataset/models/010_potted_meat_can/textured.obj", 
    "rot_mat": [
      [
        -0.2587925738479777, 
        -0.9653415634608703, 
        0.033793907259889816
      ], 
      [
        -0.4255408842259051, 
        0.08253295172080058, 
        -0.9011681056983278
      ], 
      [
        0.8671448137052488, 
        -0.2475961486564844, 
        -0.432151860927326
      ]
    ], 
    "trans_mat": [
      0.12863427790573378, 
      0.07204848092823316, 
      0.9028113043815807
    ]
  }, 
  {
    "img": "/media/hdd/YCBvideo/YCB_Video_Dataset/YCB_Video_Dataset/data/0029/000048-label.png", 
    "mask": "/media/hdd/YCBvideo/YCB_Video_Dataset/Generated_YCB_Video_Dataset/mask/0029/000048-mask-00.png", 
    "depth_minmax": [
      0.846, 
      0.943
    ], 
    "model": "/media/hdd/YCBvideo/YCB_Video_Dataset/YCB_Video_Dataset/models/010_potted_meat_can/textured.obj", 
    "rot_mat": [
      [
        -0.25998849576426986, 
        -0.9649646040889498, 
        0.035334874635594676
      ], 
      [
        -0.4250733410415699, 
        0.08151683190368707, 
        -0.9014815885176923
      ], 
      [
        0.8670170233152216, 
        -0.24939469441455028, 
        -0.4313741439513847
      ]
    ], 
