[
  {
    "img": "/media/hdd/YCBvideo/YCB_Video_Dataset/YCB_Video_Dataset/data/0030/000001-label.png", 
    "mask": "/media/hdd/YCBvideo/YCB_Video_Dataset/Generated_YCB_Video_Dataset/mask/0030/000001-mask-00.png", 
    "depth_minmax": [
      0.785, 
      0.823
    ], 
    "model": "/media/hdd/YCBvideo/YCB_Video_Dataset/YCB_Video_Dataset/models/035_power_drill/textured.obj", 
    "rot_mat": [
      [
        -0.9797068950794414, 
        -0.18519969402004807, 
        -0.07665782898087191
      ], 
      [
        -0.18487222466042633, 
        0.9826971334607658, 
        -0.011402085133803821
      ], 
      [
        0.07744228392602659, 
        0.0030013485423413698, 
        -0.9969921725030984
      ]
    ], 
    "trans_mat": [
      -0.0015817753134365377, 
      0.08018180084259842, 
      0.818913713292797
    ]
  }, 
  {
    "img": "/media/hdd/YCBvideo/YCB_Video_Dataset/YCB_Video_Dataset/data/0030/000002-label.png", 
    "mask": "/media/hdd/YCBvideo/YCB_Video_Dataset/Generated_YCB_Video_Dataset/mask/0030/000002-mask-00.png", 
    "depth_minmax": [
      0.783, 
      0.822
    ], 
    "model": "/media/hdd/YCBvideo/YCB_Video_Dataset/YCB_Video_Dataset/models/035_power_drill/textured.obj", 
    "rot_mat": [
      [
        -0.9806509015469479, 
        -0.1807856076805291, 
        -0.07510399377846272
      ], 
      [
        -0.18038677998691932, 
        0.9835212676002167, 
        -0.012111839994321414
      ], 
      [
        0.0760556760264311, 
        0.0016708499264430476, 
        -0.9971017956188669
      ]
    ], 
    "trans_mat": [
      -0.0036791766314309762, 
      0.08151634471341652, 
      0.8179615686930154
    ]
  }, 
  {
    "img": "/media/hdd/YCBvideo/YCB_Video_Dataset/YCB_Video_Dataset/data/0030/000003-label.png", 
    "mask": "/media/hdd/YCBvideo/YCB_Video_Dataset/Generated_YCB_Video_Dataset/mask/0030/000003-mask-00.png", 
    "depth_minmax": [
      0.783, 
      0.825
    ], 
    "model": "/media/hdd/YCBvideo/YCB_Video_Dataset/YCB_Video_Dataset/models/035_power_drill/textured.obj", 
    "rot_mat": [
      [
        -0.9817724226566436, 
        -0.17691359649460775, 
        -0.06946645283648296
      ], 
      [
        -0.17655792072436752, 
        0.9842255684279003, 
        -0.011275500363400897
      ], 
      [
        0.07036509434346028, 
        0.001194690282588394, 
        -0.9975206661691457
      ]
    ], 
    "trans_mat": [
      -0.0061341887505959175, 
      0.08184773985347096, 
      0.8170183749707295
    ]
  }, 
  {
    "img": "/media/hdd/YCBvideo/YCB_Video_Dataset/YCB_Video_Dataset/data/0030/000004-label.png", 
    "mask": "/media/hdd/YCBvideo/YCB_Video_Dataset/Generated_YCB_Video_Dataset/mask/0030/000004-mask-00.png", 
    "depth_minmax": [
      0.783, 
      0.823
    ], 
    "model": "/media/hdd/YCBvideo/YCB_Video_Dataset/YCB_Video_Dataset/models/035_power_drill/textured.obj", 
    "rot_mat": [
      [
        -0.9830927355656403, 
        -0.17077822996381536, 
        -0.0660617211582157
      ], 
      [
        -0.17043289652682933, 
        0.9853099488044612, 
        -0.01086584293320985
      ], 
      [
        0.06694623175276157, 
        0.0005768310912120371, 
        -0.9977562002637462
      ]
    ], 
    "trans_mat": [
      -0.007641471677354884, 
      0.08045857685949295, 
      0.8159107207004582
    ]
  }, 
  {
    "img": "/media/hdd/YCBvideo/YCB_Video_Dataset/YCB_Video_Dataset/data/0030/000005-label.png", 
    "mask": "/media/hdd/YCBvideo/YCB_Video_Dataset/Generated_YCB_Video_Dataset/mask/0030/000005-mask-00.png", 
    "depth_minmax": [
      0.781, 
      0.823
    ], 
    "model": "/media/hdd/YCBvideo/YCB_Video_Dataset/YCB_Video_Dataset/models/035_power_drill/textured.obj", 
    "rot_mat": [
      [
        -0.9842019834455642, 
        -0.16517050035097258, 
        -0.06376334203297573
      ], 
      [
        -0.16500920165555077, 
        0.986261255688345, 
        -0.007814636203921628
      ], 
      [
        0.06417787575665787, 
        0.002830994678233089, 
        -0.9979338349519755
      ]
    ], 
    "trans_mat": [
      -0.00691481051526905, 
      0.07810227835702306, 
      0.8147316326920522
    ]
  }, 
  {
    "img": "/media/hdd/YCBvideo/YCB_Video_Dataset/YCB_Video_Dataset/data/0030/000006-label.png", 
    "mask": "/media/hdd/YCBvideo/YCB_Video_Dataset/Generated_YCB_Video_Dataset/mask/0030/000006-mask-00.png", 
    "depth_minmax": [
      0.781, 
      0.818
    ], 
    "model": "/media/hdd/YCBvideo/YCB_Video_Dataset/YCB_Video_Dataset/models/035_power_drill/textured.obj", 
    "rot_mat": [
      [
        -0.9848728297380964, 
        -0.16189508953399076, 
        -0.06178525821495759
      ], 
      [
        -0.16190573975160294, 
        0.9867947155880087, 
        -0.00486302049392066
      ], 
      [
        0.06175628161217737, 
        0.0052145167613965055, 
        -0.9980774313156258
      ]
    ], 
    "trans_mat": [
      -0.010281453043678092, 
      0.07619272156311088, 
      0.8136370357992736
    ]
  }, 
  {
    "img": "/media/hdd/YCBvideo/YCB_Video_Dataset/YCB_Video_Dataset/data/0030/000007-label.png", 
    "mask": "/media/hdd/YCBvideo/YCB_Video_Dataset/Generated_YCB_Video_Dataset/mask/0030/000007-mask-00.png", 
    "depth_minmax": [
      0.78, 
      0.818
    ], 
    "model": "/media/hdd/YCBvideo/YCB_Video_Dataset/YCB_Video_Dataset/models/035_power_drill/textured.obj", 
    "rot_mat": [
      [
        -0.9867133718269194, 
        -0.151797149631936, 
        -0.05792804275030984
      ], 
      [
        -0.1518785355139866, 
        0.9883945042835094, 
        -0.0030155563969939654
      ], 
      [
        0.057713056115732464, 
        0.005823144146441366, 
        -0.9983161338046841
      ]
    ], 
    "trans_mat": [
      -0.012449596388739385, 
      0.0743695989907247, 
      0.8124335085236949
    ]
  }, 
  {
    "img": "/media/hdd/YCBvideo/YCB_Video_Dataset/YCB_Video_Dataset/data/0030/000008-label.png", 
    "mask": "/media/hdd/YCBvideo/YCB_Video_Dataset/Generated_YCB_Video_Dataset/mask/0030/000008-mask-00.png", 
    "depth_minmax": [
      0.778, 
      0.816
    ], 
    "model": "/media/hdd/YCBvideo/YCB_Video_Dataset/YCB_Video_Dataset/models/035_power_drill/textured.obj", 
    "rot_mat": [
      [
        -0.9876753637147553, 
        -0.1456299020438734, 
        -0.05736011520172012
      ], 
      [
        -0.14581194605665812, 
        0.9893122115090078, 
        -0.0010188514627827616
      ], 
      [
        0.05689438707154273, 
        0.007358121947867785, 
        -0.9983528455814914
      ]
    ], 
    "trans_mat": [
      -0.013155130098828165, 
      0.07309393694499695, 
      0.8113491933960023
    ]
  }, 
  {
    "img": "/media/hdd/YCBvideo/YCB_Video_Dataset/YCB_Video_Dataset/data/0030/000009-label.png", 
    "mask": "/media/hdd/YCBvideo/YCB_Video_Dataset/Generated_YCB_Video_Dataset/mask/0030/000009-mask-00.png", 
    "depth_minmax": [
      0.778, 
      0.815
    ], 
    "model": "/media/hdd/YCBvideo/YCB_Video_Dataset/YCB_Video_Dataset/models/035_power_drill/textured.obj", 
    "rot_mat": [
      [
        -0.9883296580574134, 
        -0.14138811365469856, 
        -0.056703651939413645
      ], 
      [
        -0.1416788428541122, 
        0.9899124049350925, 
        0.0011289087546196017
      ], 
      [
        0.055970954113238956, 
        0.009149165358972512, 
        -0.9983900275740488
      ]
    ], 
    "trans_mat": [
      -0.015236555337491312, 
      0.07115463910259316, 
      0.8103984577727286
    ]
  }, 
  {
    "img": "/media/hdd/YCBvideo/YCB_Video_Dataset/YCB_Video_Dataset/data/0030/000010-label.png", 
    "mask": "/media/hdd/YCBvideo/YCB_Video_Dataset/Generated_YCB_Video_Dataset/mask/0030/000010-mask-00.png", 
    "depth_minmax": [
      0.778, 
      0.814
    ], 
    "model": "/media/hdd/YCBvideo/YCB_Video_Dataset/YCB_Video_Dataset/models/035_power_drill/textured.obj", 
    "rot_mat": [
      [
        -0.98953608325912, 
        -0.13379963989337523, 
        -0.05401598449642518
      ], 
      [
        -0.1343342611807137, 
        0.9909162184545169, 
        0.006382419129860698
      ], 
      [
        0.052671278879560204, 
        0.013572347815951775, 
        -0.9985191168349536
      ]
    ], 
    "trans_mat": [
      -0.015576216782434258, 
      0.06600634157803806, 
      0.8094944533096629
    ]
  }, 
  {
    "img": "/media/hdd/YCBvideo/YCB_Video_Dataset/YCB_Video_Dataset/data/0030/000011-label.png", 
    "mask": "/media/hdd/YCBvideo/YCB_Video_Dataset/Generated_YCB_Video_Dataset/mask/0030/000011-mask-00.png", 
    "depth_minmax": [
      0.776, 
      0.816
    ], 
    "model": "/media/hdd/YCBvideo/YCB_Video_Dataset/YCB_Video_Dataset/models/035_power_drill/textured.obj", 
    "rot_mat": [
      [
        -0.9905019585880356, 
        -0.12469967644570544, 
        -0.05793996529216463
      ], 
      [
        -0.1256526353088442, 
        0.9919883258212244, 
        0.013097982361459927
      ], 
      [
        0.05584241228033947, 
        0.020253616532567686, 
        -0.9982337245664558
      ]
    ], 
    "trans_mat": [
      -0.01278447559854837, 
      0.0589078718156433, 
      0.808603155465434
    ]
  }, 
  {
    "img": "/media/hdd/YCBvideo/YCB_Video_Dataset/YCB_Video_Dataset/data/0030/000012-label.png", 
    "mask": "/media/hdd/YCBvideo/YCB_Video_Dataset/Generated_YCB_Video_Dataset/mask/0030/000012-mask-00.png", 
    "depth_minmax": [
      0.774, 
      0.811
    ], 
    "model": "/media/hdd/YCBvideo/YCB_Video_Dataset/YCB_Video_Dataset/models/035_power_drill/textured.obj", 
    "rot_mat": [
      [
        -0.9905749327269958, 
        -0.12446793464724726, 
        -0.05718802631812215
      ], 
      [
        -0.12563025899688915, 
        0.9919286748137472, 
        0.01719672901057324
      ], 
      [
        0.05458606267247695, 
        0.02421899250997414, 
        -0.9982149319861402
      ]
    ], 
    "trans_mat": [
      -0.011979748083032428, 
      0.05464028860497892, 
      0.8077699884416436
    ]
  }, 
  {
    "img": "/media/hdd/YCBvideo/YCB_Video_Dataset/YCB_Video_Dataset/data/0030/000013-label.png", 
    "mask": "/media/hdd/YCBvideo/YCB_Video_Dataset/Generated_YCB_Video_Dataset/mask/0030/000013-mask-00.png", 
    "depth_minmax": [
      0.773, 
      0.81
    ], 
    "model": "/media/hdd/YCBvideo/YCB_Video_Dataset/YCB_Video_Dataset/models/035_power_drill/textured.obj", 
    "rot_mat": [
      [
        -0.9912703988670601, 
        -0.1208145795146204, 
        -0.05279541047262589
      ], 
      [
        -0.12204059050050937, 
        0.9923107614733496, 
        0.02064817544242524
      ], 
      [
        0.049893983998533384, 
        0.026911681898102332, 
        -0.9983913240050386
      ]
    ], 
    "trans_mat": [
      -0.014364848371457486, 
      0.05324748956899001, 
      0.8068806584902654
    ]
  }, 
  {
    "img": "/media/hdd/YCBvideo/YCB_Video_Dataset/YCB_Video_Dataset/data/0030/000014-label.png", 
    "mask": "/media/hdd/YCBvideo/YCB_Video_Dataset/Generated_YCB_Video_Dataset/mask/0030/000014-mask-00.png", 
    "depth_minmax": [
      0.773, 
      0.809
    ], 
    "model": "/media/hdd/YCBvideo/YCB_Video_Dataset/YCB_Video_Dataset/models/035_power_drill/textured.obj", 
    "rot_mat": [
      [
        -0.992045757075241, 
        -0.11506146253498709, 
        -0.05106741627155646
      ], 
      [
        -0.11621522683258441, 
        0.9930178936451943, 
        0.020231575185603784
      ], 
      [
        0.04838220521880791, 
        0.026005710594671154, 
        -0.9984896119328956
      ]
    ], 
    "trans_mat": [
      -0.015460454100866161, 
      0.055339857772842574, 
      0.8061947624962168
    ]
  }, 
  {
    "img": "/media/hdd/YCBvideo/YCB_Video_Dataset/YCB_Video_Dataset/data/0030/000015-label.png", 
    "mask": "/media/hdd/YCBvideo/YCB_Video_Dataset/Generated_YCB_Video_Dataset/mask/0030/000015-mask-00.png", 
    "depth_minmax": [
      0.773, 
      0.809
    ], 
    "model": "/media/hdd/YCBvideo/YCB_Video_Dataset/YCB_Video_Dataset/models/035_power_drill/textured.obj", 
    "rot_mat": [
      [
        -0.9919534452052526, 
        -0.1163524838012854, 
        -0.04991522394239243
      ], 
      [
        -0.11724754114205943, 
        0.9929834434404546, 
        0.015403917400899511
      ], 
      [
        0.04777162318377363, 
        0.0211337179606669, 
        -0.9986340105060708
      ]
    ], 
    "trans_mat": [
      -0.01629658683686214, 
      0.0599718191480444, 
      0.8054545956447838
    ]
  }, 
  {
    "img": "/media/hdd/YCBvideo/YCB_Video_Dataset/YCB_Video_Dataset/data/0030/000016-label.png", 
    "mask": "/media/hdd/YCBvideo/YCB_Video_Dataset/Generated_YCB_Video_Dataset/mask/0030/000016-mask-00.png", 
    "depth_minmax": [
      0.773, 
      0.803
    ], 
    "model": "/media/hdd/YCBvideo/YCB_Video_Dataset/YCB_Video_Dataset/models/035_power_drill/textured.obj", 
    "rot_mat": [
      [
        -0.9918802930368803, 
        -0.11802403910394378, 
        -0.04739024287673656
      ], 
      [
        -0.11867370002095094, 
        0.9928707446751682, 
        0.011148687424392447
      ], 
      [
        0.04573612917764923, 
        0.01668270906821802, 
        -0.9988144498424792
      ]
    ], 
    "trans_mat": [
      -0.01796630141417916, 
      0.06528923106110743, 
      0.8048653503921711
    ]
  }, 
  {
    "img": "/media/hdd/YCBvideo/YCB_Video_Dataset/YCB_Video_Dataset/data/0030/000017-label.png", 
    "mask": "/media/hdd/YCBvideo/YCB_Video_Dataset/Generated_YCB_Video_Dataset/mask/0030/000017-mask-00.png", 
    "depth_minmax": [
      0.773, 
      0.807
    ], 
    "model": "/media/hdd/YCBvideo/YCB_Video_Dataset/YCB_Video_Dataset/models/035_power_drill/textured.obj", 
    "rot_mat": [
      [
        -0.9920465208548079, 
        -0.11649041522849649, 
        -0.04768402721025965
      ], 
      [
        -0.11684966866609603, 
        0.9931382525397036, 
        0.004811854415482521
      ], 
      [
        0.04679583492039926, 
        0.010344742234994065, 
        -0.9988504806300846
      ]
    ], 
    "trans_mat": [
      -0.017359028647384863, 
      0.06982270108439576, 
      0.8041317471480353
    ]
  }, 
  {
    "img": "/media/hdd/YCBvideo/YCB_Video_Dataset/YCB_Video_Dataset/data/0030/000018-label.png", 
    "mask": "/media/hdd/YCBvideo/YCB_Video_Dataset/Generated_YCB_Video_Dataset/mask/0030/000018-mask-00.png", 
    "depth_minmax": [
      0.771, 
      0.806
    ], 
    "model": "/media/hdd/YCBvideo/YCB_Video_Dataset/YCB_Video_Dataset/models/035_power_drill/textured.obj", 
    "rot_mat": [
      [
        -0.9915615331040689, 
        -0.12075389988277808, 
        -0.04716994954777534
      ], 
      [
        -0.12094356512513367, 
        0.9926590372768307, 
        0.0012043902021735145
      ], 
      [
        0.046677370748183754, 
        0.00689941949209754, 
        -0.9988856667753463
      ]
    ], 
    "trans_mat": [
      -0.018029571789229856, 
      0.07286790552983448, 
      0.8035653826702052
    ]
  }, 
  {
    "img": "/media/hdd/YCBvideo/YCB_Video_Dataset/YCB_Video_Dataset/data/0030/000019-label.png", 
    "mask": "/media/hdd/YCBvideo/YCB_Video_Dataset/Generated_YCB_Video_Dataset/mask/0030/000019-mask-00.png", 
    "depth_minmax": [
      0.771, 
      0.806
    ], 
    "model": "/media/hdd/YCBvideo/YCB_Video_Dataset/YCB_Video_Dataset/models/035_power_drill/textured.obj", 
    "rot_mat": [
      [
        -0.9917090921766033, 
        -0.11898300444662378, 
        -0.04855010918462982
      ], 
      [
        -0.11907828012198896, 
        0.9928846275027409, 
        -0.0009283887169970153
      ], 
      [
        0.04831508592786479, 
        0.0048608043293290075, 
        -0.9988203600897504
      ]
    ], 
    "trans_mat": [
      -0.01707213679140358, 
      0.07402056233712671, 
      0.8030533163322592
    ]
  }, 
  {
    "img": "/media/hdd/YCBvideo/YCB_Video_Dataset/YCB_Video_Dataset/data/0030/000020-label.png", 
    "mask": "/media/hdd/YCBvideo/YCB_Video_Dataset/Generated_YCB_Video_Dataset/mask/0030/000020-mask-00.png", 
    "depth_minmax": [
      0.771, 
      0.806
    ], 
    "model": "/media/hdd/YCBvideo/YCB_Video_Dataset/YCB_Video_Dataset/models/035_power_drill/textured.obj", 
    "rot_mat": [
      [
        -0.9918502217059164, 
        -0.11793299957724074, 
        -0.04822490786462716
      ], 
      [
        -0.1179455308274148, 
        0.9930174724160821, 
        -0.002588551113389867
      ], 
      [
        0.04819346493367904, 
        0.0031205521383980183, 
        -0.9988330797476164
      ]
    ], 
    "trans_mat": [
      -0.015936977710520397, 
      0.0762034221967556, 
      0.8023440766785652
    ]
  }, 
  {
    "img": "/media/hdd/YCBvideo/YCB_Video_Dataset/YCB_Video_Dataset/data/0030/000021-label.png", 
    "mask": "/media/hdd/YCBvideo/YCB_Video_Dataset/Generated_YCB_Video_Dataset/mask/0030/000021-mask-00.png", 
    "depth_minmax": [
      0.771, 
      0.809
    ], 
    "model": "/media/hdd/YCBvideo/YCB_Video_Dataset/YCB_Video_Dataset/models/035_power_drill/textured.obj", 
    "rot_mat": [
      [
        -0.9921441619407934, 
        -0.11608106028712091, 
        -0.04665276965183961
      ], 
      [
        -0.11592917226336417, 
        0.993239564593484, 
        -0.005946158587243236
      ], 
      [
        0.04702767611747757, 
        -0.0004905188630249051, 
        -0.9988932369918841
      ]
    ], 
    "trans_mat": [
      -0.017456074986778106, 
      0.08032719810293602, 
      0.8015824013393288
    ]
  }, 
  {
    "img": "/media/hdd/YCBvideo/YCB_Video_Dataset/YCB_Video_Dataset/data/0030/000022-label.png", 
    "mask": "/media/hdd/YCBvideo/YCB_Video_Dataset/Generated_YCB_Video_Dataset/mask/0030/000022-mask-00.png", 
    "depth_minmax": [
      0.769, 
      0.804
    ], 
    "model": "/media/hdd/YCBvideo/YCB_Video_Dataset/YCB_Video_Dataset/models/035_power_drill/textured.obj", 
    "rot_mat": [
      [
        -0.9923611235062136, 
        -0.11438545607406114, 
        -0.046219859385700675
      ], 
      [
        -0.11399892382566988, 
        0.9934208609650548, 
        -0.010907715477394336
      ], 
      [
        0.04716293042420751, 
        -0.0055549539366856315, 
        -0.9988706808121104
      ]
    ], 
    "trans_mat": [
      -0.01944779098037575, 
      0.08465908407687656, 
      0.8007302551568548
    ]
  }, 
  {
    "img": "/media/hdd/YCBvideo/YCB_Video_Dataset/YCB_Video_Dataset/data/0030/000023-label.png", 
    "mask": "/media/hdd/YCBvideo/YCB_Video_Dataset/Generated_YCB_Video_Dataset/mask/0030/000023-mask-00.png", 
    "depth_minmax": [
      0.77, 
      0.807
    ], 
    "model": "/media/hdd/YCBvideo/YCB_Video_Dataset/YCB_Video_Dataset/models/035_power_drill/textured.obj", 
    "rot_mat": [
      [
        -0.9924799707285271, 
        -0.1135654109633978, 
        -0.04568481424951086
      ], 
      [
        -0.11303013285860981, 
        0.993491242574279, 
        -0.014129334919541818
      ], 
      [
        0.04699120426384246, 
        -0.008858753599396363, 
        -0.998855567653237
      ]
    ], 
    "trans_mat": [
      -0.020077941628047415, 
      0.08753966843828968, 
      0.8000624704927212
    ]
  }, 
  {
    "img": "/media/hdd/YCBvideo/YCB_Video_Dataset/YCB_Video_Dataset/data/0030/000024-label.png", 
    "mask": "/media/hdd/YCBvideo/YCB_Video_Dataset/Generated_YCB_Video_Dataset/mask/0030/000024-mask-00.png", 
    "depth_minmax": [
      0.767, 
      0.802
    ], 
    "model": "/media/hdd/YCBvideo/YCB_Video_Dataset/YCB_Video_Dataset/models/035_power_drill/textured.obj", 
    "rot_mat": [
      [
        -0.9928943474210092, 
        -0.1100504483226745, 
        -0.0452728804139829
      ], 
      [
        -0.10948084717724482, 
        0.9938779238954166, 
        -0.014880694796847732
      ], 
      [
        0.046633462653623746, 
        -0.009817864916329506, 
        -0.998863285201639
      ]
    ], 
    "trans_mat": [
      -0.02093579185645168, 
      0.08777808592616586, 
      0.7995732836735189
    ]
  }, 
  {
    "img": "/media/hdd/YCBvideo/YCB_Video_Dataset/YCB_Video_Dataset/data/0030/000025-label.png", 
    "mask": "/media/hdd/YCBvideo/YCB_Video_Dataset/Generated_YCB_Video_Dataset/mask/0030/000025-mask-00.png", 
    "depth_minmax": [
      0.769, 
      0.802
    ], 
    "model": "/media/hdd/YCBvideo/YCB_Video_Dataset/YCB_Video_Dataset/models/035_power_drill/textured.obj", 
    "rot_mat": [
      [
        -0.9935564236820955, 
        -0.10405726226826069, 
        -0.04492010751348156
      ], 
      [
        -0.10361843994579562, 
        0.9945452214925371, 
        -0.011993680282272278
      ], 
      [
        0.045922647196278636, 
        -0.007262426337753815, 
        -0.9989180522824388
      ]
    ], 
    "trans_mat": [
      -0.02000919304307453, 
      0.0847075835711144, 
      0.7990707405352947
    ]
  }, 
  {
    "img": "/media/hdd/YCBvideo/YCB_Video_Dataset/YCB_Video_Dataset/data/0030/000026-label.png", 
    "mask": "/media/hdd/YCBvideo/YCB_Video_Dataset/Generated_YCB_Video_Dataset/mask/0030/000026-mask-00.png", 
    "depth_minmax": [
      0.767, 
      0.801
    ], 
    "model": "/media/hdd/YCBvideo/YCB_Video_Dataset/YCB_Video_Dataset/models/035_power_drill/textured.obj", 
    "rot_mat": [
      [
        -0.9940880683254345, 
        -0.0982469992658153, 
        -0.04623684753538557
      ], 
      [
        -0.09792118785807337, 
        0.9951509590215187, 
        -0.009259279077475415
      ], 
      [
        0.04692152660724218, 
        -0.004676387357193901, 
        -0.9988873786711567
      ]
    ], 
    "trans_mat": [
      -0.018317223656440573, 
      0.08243418974372363, 
      0.7984741512265834
    ]
  }, 
  {
    "img": "/media/hdd/YCBvideo/YCB_Video_Dataset/YCB_Video_Dataset/data/0030/000027-label.png", 
    "mask": "/media/hdd/YCBvideo/YCB_Video_Dataset/Generated_YCB_Video_Dataset/mask/0030/000027-mask-00.png", 
    "depth_minmax": [
      0.765, 
      0.8
    ], 
    "model": "/media/hdd/YCBvideo/YCB_Video_Dataset/YCB_Video_Dataset/models/035_power_drill/textured.obj", 
    "rot_mat": [
      [
        -0.9942107517731098, 
        -0.09689249669038263, 
        -0.0464625326898247
      ], 
      [
        -0.09659894927487257, 
        0.9952876804648614, 
        -0.008524746129716638
      ], 
      [
        0.04706945689084325, 
        -0.003987363071512073, 
        -0.9988836113585614
      ]
    ], 
    "trans_mat": [
      -0.018191851912357858, 
      0.08248140504856757, 
      0.7976167474818214
    ]
  }, 
  {
    "img": "/media/hdd/YCBvideo/YCB_Video_Dataset/YCB_Video_Dataset/data/0030/000028-label.png", 
    "mask": "/media/hdd/YCBvideo/YCB_Video_Dataset/Generated_YCB_Video_Dataset/mask/0030/000028-mask-00.png", 
    "depth_minmax": [
      0.766, 
      0.8
    ], 
    "model": "/media/hdd/YCBvideo/YCB_Video_Dataset/YCB_Video_Dataset/models/035_power_drill/textured.obj", 
    "rot_mat": [
      [
        -0.9942278126391656, 
        -0.09616013976827441, 
        -0.04759362108350165
      ], 
      [
        -0.09584059434867098, 
        0.9953566276971049, 
        -0.00893404699465914
      ], 
      [
        0.04823093845638863, 
        -0.004320500213723289, 
        -0.9988265000156534
      ]
    ], 
    "trans_mat": [
      -0.018499387670520794, 
      0.08378849569154932, 
      0.7968201275654893
    ]
  }, 
  {
    "img": "/media/hdd/YCBvideo/YCB_Video_Dataset/YCB_Video_Dataset/data/0030/000029-label.png", 
    "mask": "/media/hdd/YCBvideo/YCB_Video_Dataset/Generated_YCB_Video_Dataset/mask/0030/000029-mask-00.png", 
    "depth_minmax": [
      0.763, 
      0.802
    ], 
    "model": "/media/hdd/YCBvideo/YCB_Video_Dataset/YCB_Video_Dataset/models/035_power_drill/textured.obj", 
    "rot_mat": [
      [
        -0.994452628075951, 
        -0.09425768462374386, 
        -0.04669678528827764
      ], 
      [
        -0.09383166518790372, 
        0.9955248964780608, 
        -0.011224756146127175
      ], 
      [
        0.04754503606542117, 
        -0.006780882691256289, 
        -0.9988453358976461
      ]
    ], 
    "trans_mat": [
      -0.018060656432515493, 
      0.08584062709398094, 
      0.7957525234158429
    ]
  }, 
  {
    "img": "/media/hdd/YCBvideo/YCB_Video_Dataset/YCB_Video_Dataset/data/0030/000030-label.png", 
    "mask": "/media/hdd/YCBvideo/YCB_Video_Dataset/Generated_YCB_Video_Dataset/mask/0030/000030-mask-00.png", 
    "depth_minmax": [
      0.763, 
      0.797
    ], 
    "model": "/media/hdd/YCBvideo/YCB_Video_Dataset/YCB_Video_Dataset/models/035_power_drill/textured.obj", 
    "rot_mat": [
      [
        -0.9941927648626333, 
        -0.09652970851303433, 
        -0.0475891240409569
      ], 
      [
        -0.09598031508919819, 
        0.9952892942440177, 
        -0.013691466564604252
      ], 
      [
        0.04868657761576445, 
        -0.009043563241992715, 
        -0.9987723196855046
      ]
    ], 
    "trans_mat": [
      -0.01979824288817149, 
      0.08751192812076308, 
      0.7947443820158802
    ]
  }, 
  {
    "img": "/media/hdd/YCBvideo/YCB_Video_Dataset/YCB_Video_Dataset/data/0030/000031-label.png", 
    "mask": "/media/hdd/YCBvideo/YCB_Video_Dataset/Generated_YCB_Video_Dataset/mask/0030/000031-mask-00.png", 
    "depth_minmax": [
      0.764, 
      0.797
    ], 
    "model": "/media/hdd/YCBvideo/YCB_Video_Dataset/YCB_Video_Dataset/models/035_power_drill/textured.obj", 
    "rot_mat": [
      [
        -0.994686828180706, 
        -0.09311647302269684, 
        -0.04391249722088895
      ], 
      [
        -0.09264577005954822, 
        0.9956190353280725, 
        -0.012630594452848138
      ], 
      [
        0.04489556363077494, 
        -0.00849474941326534, 
        -0.9989553507734734
      ]
    ], 
    "trans_mat": [
      -0.01966480806394534, 
      0.08762427221180928, 
      0.7939964901398533
    ]
  }, 
  {
    "img": "/media/hdd/YCBvideo/YCB_Video_Dataset/YCB_Video_Dataset/data/0030/000032-label.png", 
    "mask": "/media/hdd/YCBvideo/YCB_Video_Dataset/Generated_YCB_Video_Dataset/mask/0030/000032-mask-00.png", 
    "depth_minmax": [
      0.764, 
      0.8
    ], 
    "model": "/media/hdd/YCBvideo/YCB_Video_Dataset/YCB_Video_Dataset/models/035_power_drill/textured.obj", 
    "rot_mat": [
      [
        -0.9948402511048842, 
        -0.09220705287565781, 
        -0.04233868493194949
      ], 
      [
        -0.0917954292920043, 
        0.9957109908050594, 
        -0.011549710092973228
      ], 
      [
        0.043221602706510605, 
        -0.00760345218576155, 
        -0.9990359324687199
      ]
    ], 
    "trans_mat": [
      -0.019906403209432044, 
      0.08730038527646307, 
      0.7934843196308008
    ]
  }, 
  {
    "img": "/media/hdd/YCBvideo/YCB_Video_Dataset/YCB_Video_Dataset/data/0030/000033-label.png", 
    "mask": "/media/hdd/YCBvideo/YCB_Video_Dataset/Generated_YCB_Video_Dataset/mask/0030/000033-mask-00.png", 
    "depth_minmax": [
      0.762, 
      0.8
    ], 
    "model": "/media/hdd/YCBvideo/YCB_Video_Dataset/YCB_Video_Dataset/models/035_power_drill/textured.obj", 
    "rot_mat": [
      [
        -0.995047972173108, 
        -0.08965290863368734, 
        -0.04294318816102849
      ], 
      [
        -0.08922954328379709, 
        0.9959426697266841, 
        -0.011668770206992236
      ], 
      [
        0.043815013818734115, 
        -0.007778632857365248, 
        -0.999008956219655
      ]
    ], 
    "trans_mat": [
      -0.01958895139331384, 
      0.08665321596205233, 
      0.793025036585714
    ]
  }, 
  {
    "img": "/media/hdd/YCBvideo/YCB_Video_Dataset/YCB_Video_Dataset/data/0030/000034-label.png", 
    "mask": "/media/hdd/YCBvideo/YCB_Video_Dataset/Generated_YCB_Video_Dataset/mask/0030/000034-mask-00.png", 
    "depth_minmax": [
      0.762, 
      0.8
    ], 
    "model": "/media/hdd/YCBvideo/YCB_Video_Dataset/YCB_Video_Dataset/models/035_power_drill/textured.obj", 
    "rot_mat": [
      [
        -0.9951120709741235, 
        -0.08825606504889899, 
        -0.04432216260944821
      ], 
      [
        -0.08786250504702486, 
        0.9960749137600269, 
        -0.01074444638274486
      ], 
      [
        0.04509526378490602, 
        -0.00679749702298797, 
        -0.9989592264294523
      ]
    ], 
    "trans_mat": [
      -0.017985028798515913, 
      0.08602705334245386, 
      0.7927408736337788
    ]
  }, 
  {
    "img": "/media/hdd/YCBvideo/YCB_Video_Dataset/YCB_Video_Dataset/data/0030/000035-label.png", 
    "mask": "/media/hdd/YCBvideo/YCB_Video_Dataset/Generated_YCB_Video_Dataset/mask/0030/000035-mask-00.png", 
    "depth_minmax": [
      0.762, 
      0.795
    ], 
    "model": "/media/hdd/YCBvideo/YCB_Video_Dataset/YCB_Video_Dataset/models/035_power_drill/textured.obj", 
    "rot_mat": [
      [
        -0.9950471115363503, 
        -0.08867913149592398, 
        -0.044937892769600925
      ], 
      [
        -0.08835342764298997, 
        0.9960472079677627, 
        -0.009170043078209315
      ], 
      [
        0.04557269491691387, 
        -0.005153275280536718, 
        -0.9989471092361175
      ]
    ], 
    "trans_mat": [
      -0.017537675491712305, 
      0.08445491073806052, 
      0.7925675313609993
    ]
  }, 
  {
    "img": "/media/hdd/YCBvideo/YCB_Video_Dataset/YCB_Video_Dataset/data/0030/000036-label.png", 
    "mask": "/media/hdd/YCBvideo/YCB_Video_Dataset/Generated_YCB_Video_Dataset/mask/0030/000036-mask-00.png", 
    "depth_minmax": [
      0.762, 
      0.795
    ], 
    "model": "/media/hdd/YCBvideo/YCB_Video_Dataset/YCB_Video_Dataset/models/035_power_drill/textured.obj", 
    "rot_mat": [
      [
        -0.9951371516587593, 
        -0.08664484140101121, 
        -0.046855691712970535
      ], 
      [
        -0.08631498029761285, 
        0.9962274235435907, 
        -0.009003619870040908
      ], 
      [
        0.04745900314492331, 
        -0.00491531467257844, 
        -0.9988612637640408
      ]
    ], 
    "trans_mat": [
      -0.016549276249990467, 
      0.08393600964127217, 
      0.7921257390981581
    ]
  }, 
  {
    "img": "/media/hdd/YCBvideo/YCB_Video_Dataset/YCB_Video_Dataset/data/0030/000037-label.png", 
    "mask": "/media/hdd/YCBvideo/YCB_Video_Dataset/Generated_YCB_Video_Dataset/mask/0030/000037-mask-00.png", 
    "depth_minmax": [
      0.758, 
      0.795
    ], 
    "model": "/media/hdd/YCBvideo/YCB_Video_Dataset/YCB_Video_Dataset/models/035_power_drill/textured.obj", 
    "rot_mat": [
      [
        -0.9951690648275634, 
        -0.08633742027486595, 
        -0.0467433621031812
      ], 
      [
        -0.08597712621300833, 
        0.9962510459437481, 
        -0.009656314234059351
      ], 
      [
        0.04740115177515386, 
        -0.00558986087227401, 
        -0.9988599823970852
      ]
    ], 
    "trans_mat": [
      -0.015395043242085907, 
      0.08521378791491718, 
      0.7917392350249185
    ]
  }, 
  {
    "img": "/media/hdd/YCBvideo/YCB_Video_Dataset/YCB_Video_Dataset/data/0030/000038-label.png", 
    "mask": "/media/hdd/YCBvideo/YCB_Video_Dataset/Generated_YCB_Video_Dataset/mask/0030/000038-mask-00.png", 
    "depth_minmax": [
      0.761, 
      0.793
    ], 
    "model": "/media/hdd/YCBvideo/YCB_Video_Dataset/YCB_Video_Dataset/models/035_power_drill/textured.obj", 
    "rot_mat": [
      [
        -0.9950141246755924, 
        -0.08789838451645247, 
        -0.04713172648923148
      ], 
      [
        -0.08745309441850982, 
        0.9961036307767553, 
        -0.011408628199350727
      ], 
      [
        0.047950172984382075, 
        -0.007230072902925248, 
        -0.9988231182907538
      ]
    ], 
    "trans_mat": [
      -0.015756415608024613, 
      0.08629939305082673, 
      0.791059477434608
    ]
  }, 
  {
    "img": "/media/hdd/YCBvideo/YCB_Video_Dataset/YCB_Video_Dataset/data/0030/000039-label.png", 
    "mask": "/media/hdd/YCBvideo/YCB_Video_Dataset/Generated_YCB_Video_Dataset/mask/0030/000039-mask-00.png", 
    "depth_minmax": [
      0.761, 
      0.793
    ], 
    "model": "/media/hdd/YCBvideo/YCB_Video_Dataset/YCB_Video_Dataset/models/035_power_drill/textured.obj", 
    "rot_mat": [
      [
        -0.9949728057436729, 
        -0.0872821984337334, 
        -0.04912581566615409
      ], 
      [
        -0.08675981513590239, 
        0.9961488730850675, 
        -0.01266768041324819
      ], 
      [
        0.050041810782166025, 
        -0.00834160777041507, 
        -0.9987123090785083
      ]
    ], 
    "trans_mat": [
      -0.015876190926842407, 
      0.0863700013658107, 
      0.7905014970367429
    ]
  }, 
  {
    "img": "/media/hdd/YCBvideo/YCB_Video_Dataset/YCB_Video_Dataset/data/0030/000040-label.png", 
    "mask": "/media/hdd/YCBvideo/YCB_Video_Dataset/Generated_YCB_Video_Dataset/mask/0030/000040-mask-00.png", 
    "depth_minmax": [
      0.757, 
      0.793
    ], 
    "model": "/media/hdd/YCBvideo/YCB_Video_Dataset/YCB_Video_Dataset/models/035_power_drill/textured.obj", 
    "rot_mat": [
      [
        -0.9950864727942337, 
        -0.08593919508919644, 
        -0.049180378419089614
      ], 
      [
        -0.08552430177412314, 
        0.9962814045729813, 
        -0.010467482217367893
      ], 
      [
        0.049896047933323466, 
        -0.006209936380250833, 
        -0.9987350604761457
      ]
    ], 
    "trans_mat": [
      -0.015244910229873081, 
      0.08536034035035095, 
      0.7900392560966776
    ]
  }, 
  {
    "img": "/media/hdd/YCBvideo/YCB_Video_Dataset/YCB_Video_Dataset/data/0030/000041-label.png", 
    "mask": "/media/hdd/YCBvideo/YCB_Video_Dataset/Generated_YCB_Video_Dataset/mask/0030/000041-mask-00.png", 
    "depth_minmax": [
      0.757, 
      0.792
    ], 
    "model": "/media/hdd/YCBvideo/YCB_Video_Dataset/YCB_Video_Dataset/models/035_power_drill/textured.obj", 
    "rot_mat": [
      [
        -0.9948710737678256, 
        -0.08775950059716423, 
        -0.050315425382164956
      ], 
      [
        -0.08732319298825993, 
        0.9961219917553671, 
        -0.01078684732156826
      ], 
      [
        0.05106683103836548, 
        -0.006338068876285665, 
        -0.9986746491679906
      ]
    ], 
    "trans_mat": [
      -0.015518605287380534, 
      0.0845812374181105, 
      0.7894170277997592
    ]
  }, 
  {
    "img": "/media/hdd/YCBvideo/YCB_Video_Dataset/YCB_Video_Dataset/data/0030/000042-label.png", 
    "mask": "/media/hdd/YCBvideo/YCB_Video_Dataset/Generated_YCB_Video_Dataset/mask/0030/000042-mask-00.png", 
    "depth_minmax": [
      0.757, 
      0.792
    ], 
    "model": "/media/hdd/YCBvideo/YCB_Video_Dataset/YCB_Video_Dataset/models/035_power_drill/textured.obj", 
    "rot_mat": [
      [
        -0.9948235535453306, 
        -0.08970710555042603, 
        -0.047741704779533746
      ], 
      [
        -0.08932158331278366, 
        0.9959517789085053, 
        -0.010143392021175597
      ], 
      [
        0.04845835082942912, 
        -0.005826409971171593, 
        -0.9988076088338027
      ]
    ], 
    "trans_mat": [
      -0.016726699089663816, 
      0.08391418368576435, 
      0.78890818788757
    ]
  }, 
  {
    "img": "/media/hdd/YCBvideo/YCB_Video_Dataset/YCB_Video_Dataset/data/0030/000043-label.png", 
    "mask": "/media/hdd/YCBvideo/YCB_Video_Dataset/Generated_YCB_Video_Dataset/mask/0030/000043-mask-00.png", 
    "depth_minmax": [
      0.757, 
      0.792
    ], 
    "model": "/media/hdd/YCBvideo/YCB_Video_Dataset/YCB_Video_Dataset/models/035_power_drill/textured.obj", 
    "rot_mat": [
      [
        -0.9951117877843606, 
        -0.08577603527326752, 
        -0.04895042408336534
      ], 
      [
        -0.08542302966584614, 
        0.9963021226861988, 
        -0.009258734531430201
      ], 
      [
        0.04956331423664008, 
        -0.005032093007862357, 
        -0.9987578365766172
      ]
    ], 
    "trans_mat": [
      -0.016449660278206074, 
      0.08289553708580379, 
      0.7885421926900358
    ]
  }, 
  {
    "img": "/media/hdd/YCBvideo/YCB_Video_Dataset/YCB_Video_Dataset/data/0030/000044-label.png", 
    "mask": "/media/hdd/YCBvideo/YCB_Video_Dataset/Generated_YCB_Video_Dataset/mask/0030/000044-mask-00.png", 
    "depth_minmax": [
      0.757, 
      0.795
    ], 
    "model": "/media/hdd/YCBvideo/YCB_Video_Dataset/YCB_Video_Dataset/models/035_power_drill/textured.obj", 
    "rot_mat": [
      [
        -0.9948219717040617, 
        -0.08803856185469172, 
        -0.0507918984978633
      ], 
      [
        -0.08766362223504892, 
        0.996104736996032, 
        -0.009564036634895523
      ], 
      [
        0.05143596795865035, 
        -0.005061538319829759, 
        -0.9986632687054209
      ]
    ], 
    "trans_mat": [
      -0.016251194064825284, 
      0.08221213430877372, 
      0.78804271190265
    ]
  }, 
  {
    "img": "/media/hdd/YCBvideo/YCB_Video_Dataset/YCB_Video_Dataset/data/0030/000045-label.png", 
    "mask": "/media/hdd/YCBvideo/YCB_Video_Dataset/Generated_YCB_Video_Dataset/mask/0030/000045-mask-00.png", 
    "depth_minmax": [
      0.756, 
      0.79
    ], 
    "model": "/media/hdd/YCBvideo/YCB_Video_Dataset/YCB_Video_Dataset/models/035_power_drill/textured.obj", 
    "rot_mat": [
      [
        -0.9949242917760623, 
        -0.08748075573135064, 
        -0.049744233642488284
      ], 
      [
        -0.08717010503572861, 
        0.9961584477899552, 
        -0.008373673612942934
      ], 
      [
        0.050284726353551384, 
        -0.003995337553511297, 
        -0.9987267086877716
      ]
    ], 
    "trans_mat": [
      -0.01572208798637028, 
      0.08172740721362534, 
      0.787730841954301
    ]
  }, 
  {
    "img": "/media/hdd/YCBvideo/YCB_Video_Dataset/YCB_Video_Dataset/data/0030/000046-label.png", 
    "mask": "/media/hdd/YCBvideo/YCB_Video_Dataset/Generated_YCB_Video_Dataset/mask/0030/000046-mask-00.png", 
    "depth_minmax": [
      0.757, 
      0.79
    ], 
    "model": "/media/hdd/YCBvideo/YCB_Video_Dataset/YCB_Video_Dataset/models/035_power_drill/textured.obj", 
    "rot_mat": [
      [
        -0.9948350737995277, 
        -0.08846207876272291, 
        -0.04978018854448975
      ], 
      [
        -0.08812886595940123, 
        0.9960696677251171, 
        -0.008850218202392852
      ], 
      [
        0.0503668206509791, 
        -0.004417221418241564, 
        -0.9987203069508561
      ]
    ], 
    "trans_mat": [
      -0.016657037350455074, 
      0.08120480467554546, 
      0.7875075810957758
    ]
  }, 
  {
    "img": "/media/hdd/YCBvideo/YCB_Video_Dataset/YCB_Video_Dataset/data/0030/000047-label.png", 
    "mask": "/media/hdd/YCBvideo/YCB_Video_Dataset/Generated_YCB_Video_Dataset/mask/0030/000047-mask-00.png", 
    "depth_minmax": [
      0.755, 
      0.79
    ], 
    "model": "/media/hdd/YCBvideo/YCB_Video_Dataset/YCB_Video_Dataset/models/035_power_drill/textured.obj", 
    "rot_mat": [
      [
        -0.9950010498146373, 
        -0.08585453171447802, 
        -0.05101461325355746
      ], 
      [
        -0.08555448960243747, 
        0.9963016640555634, 
        -0.008033601088624187
      ], 
      [
        0.05151527090891393, 
        -0.003628583802203887, 
        -0.9986653190426579
      ]
    ], 
    "trans_mat": [
      -0.01635944609409338, 
      0.08046299984137256, 
      0.7872753099651175
    ]
  }, 
  {
    "img": "/media/hdd/YCBvideo/YCB_Video_Dataset/YCB_Video_Dataset/data/0030/000048-label.png", 
    "mask": "/media/hdd/YCBvideo/YCB_Video_Dataset/Generated_YCB_Video_Dataset/mask/0030/000048-mask-00.png", 
    "depth_minmax": [
      0.756, 
      0.79
    ], 
    "model": "/media/hdd/YCBvideo/YCB_Video_Dataset/YCB_Video_Dataset/models/035_power_drill/textured.obj", 
    "rot_mat": [
      [
        -0.9950367894464904, 
        -0.08552321724974873, 
        -0.05087629287381332
      ], 
      [
        -0.08531748576337427, 
        0.9963351274232314, 
        -0.006196836414900213
      ], 
      [
        0.05121967750125184, 
