[
  {
    "img": "/media/hdd/YCBvideo/YCB_Video_Dataset/YCB_Video_Dataset/data/0031/000001-label.png", 
    "mask": "/media/hdd/YCBvideo/YCB_Video_Dataset/Generated_YCB_Video_Dataset/mask/0031/000001-mask-00.png", 
    "depth_minmax": [
      0.666, 
      0.772
    ], 
    "model": "/media/hdd/YCBvideo/YCB_Video_Dataset/YCB_Video_Dataset/models/002_master_chef_can/textured.obj", 
    "rot_mat": [
      [
        -0.5521286184619699, 
        -0.8272475311015823, 
        0.10399189658656181
      ], 
      [
        -0.49700433403091065, 
        0.2264101846701983, 
        -0.837691134039499
      ], 
      [
        0.6694332458787502, 
        -0.5141968782178237, 
        -0.5361537499336623
      ]
    ], 
    "trans_mat": [
      -0.04219193623428961, 
      0.07269822399502975, 
      0.7402098015051038
    ]
  }, 
  {
    "img": "/media/hdd/YCBvideo/YCB_Video_Dataset/YCB_Video_Dataset/data/0031/000107-label.png", 
    "mask": "/media/hdd/YCBvideo/YCB_Video_Dataset/Generated_YCB_Video_Dataset/mask/0031/000107-mask-00.png", 
    "depth_minmax": [
      0.686, 
      0.779
    ], 
    "model": "/media/hdd/YCBvideo/YCB_Video_Dataset/YCB_Video_Dataset/models/002_master_chef_can/textured.obj", 
    "rot_mat": [
      [
        -0.5497594303865774, 
        -0.8260128264979026, 
        0.12436617795847295
      ], 
      [
        -0.45873105676360043, 
        0.1741196707037686, 
        -0.8713486133854363
      ], 
      [
        0.6980905743344017, 
        -0.5360827253664827, 
        -0.47464210504709126
      ]
    ], 
    "trans_mat": [
      -0.021169504847384522, 
      0.07529737437372142, 
      0.7593933773943534
    ]
  }, 
  {
    "img": "/media/hdd/YCBvideo/YCB_Video_Dataset/YCB_Video_Dataset/data/0031/000108-label.png", 
    "mask": "/media/hdd/YCBvideo/YCB_Video_Dataset/Generated_YCB_Video_Dataset/mask/0031/000108-mask-00.png", 
    "depth_minmax": [
      0.685, 
      0.773
    ], 
    "model": "/media/hdd/YCBvideo/YCB_Video_Dataset/YCB_Video_Dataset/models/002_master_chef_can/textured.obj", 
    "rot_mat": [
      [
        -0.5521084330764616, 
        -0.8242261304082175, 
        0.1258076202982125
      ], 
      [
        -0.4601943918525339, 
        0.17541874226871088, 
        -0.8703154211640813
      ], 
      [
        0.6952676853225128, 
        -0.538403982479185, 
        -0.47615459183281217
      ]
    ], 
    "trans_mat": [
      -0.02377092391751989, 
      0.07286343287396321, 
      0.759525974143729
    ]
  }, 
  {
    "img": "/media/hdd/YCBvideo/YCB_Video_Dataset/YCB_Video_Dataset/data/0031/000109-label.png", 
    "mask": "/media/hdd/YCBvideo/YCB_Video_Dataset/Generated_YCB_Video_Dataset/mask/0031/000109-mask-00.png", 
    "depth_minmax": [
      0.686, 
      0.777
    ], 
    "model": "/media/hdd/YCBvideo/YCB_Video_Dataset/YCB_Video_Dataset/models/002_master_chef_can/textured.obj", 
    "rot_mat": [
      [
        -0.5555739271816524, 
        -0.8221711899139587, 
        0.12397976438721793
      ], 
      [
        -0.4581239174031899, 
        0.17825515599298614, 
        -0.8708317034317218
      ], 
      [
        0.6938724976068761, 
        -0.5406095870985337, 
        -0.4756903964809211
      ]
    ], 
    "trans_mat": [
      -0.02606923418311744, 
      0.07152865921994164, 
      0.7596675781953891
    ]
  }, 
  {
    "img": "/media/hdd/YCBvideo/YCB_Video_Dataset/YCB_Video_Dataset/data/0031/000110-label.png", 
    "mask": "/media/hdd/YCBvideo/YCB_Video_Dataset/Generated_YCB_Video_Dataset/mask/0031/000110-mask-00.png", 
    "depth_minmax": [
      0.686, 
      0.775
    ], 
    "model": "/media/hdd/YCBvideo/YCB_Video_Dataset/YCB_Video_Dataset/models/002_master_chef_can/textured.obj", 
    "rot_mat": [
      [
        -0.5568955056074965, 
        -0.8215672492356663, 
        0.1220383048677403
      ], 
      [
        -0.4567848585232151, 
        0.18022913299457569, 
        -0.871128484454274
      ], 
      [
        0.6936963039086032, 
        -0.5408734161089933, 
        -0.47564833941275914
      ]
    ], 
    "trans_mat": [
      -0.025718348722226732, 
      0.07118985196332162, 
      0.7601314739946489
    ]
  }, 
  {
    "img": "/media/hdd/YCBvideo/YCB_Video_Dataset/YCB_Video_Dataset/data/0031/000111-label.png", 
    "mask": "/media/hdd/YCBvideo/YCB_Video_Dataset/Generated_YCB_Video_Dataset/mask/0031/000111-mask-00.png", 
    "depth_minmax": [
      0.687, 
      0.775
    ], 
    "model": "/media/hdd/YCBvideo/YCB_Video_Dataset/YCB_Video_Dataset/models/002_master_chef_can/textured.obj", 
    "rot_mat": [
      [
        -0.5557088142768449, 
        -0.8221653402772728, 
        0.1234187957743082
      ], 
      [
        -0.4564004553038988, 
        0.1776052323500693, 
        -0.8718688609146358
      ], 
      [
        0.6948998633321132, 
        -0.5408334874778629, 
        -0.47393403243707777
      ]
    ], 
    "trans_mat": [
      -0.02549334524778367, 
      0.07122511791317575, 
      0.7604084848349965
    ]
  }, 
  {
    "img": "/media/hdd/YCBvideo/YCB_Video_Dataset/YCB_Video_Dataset/data/0031/000112-label.png", 
    "mask": "/media/hdd/YCBvideo/YCB_Video_Dataset/Generated_YCB_Video_Dataset/mask/0031/000112-mask-00.png", 
    "depth_minmax": [
      0.688, 
      0.777
    ], 
    "model": "/media/hdd/YCBvideo/YCB_Video_Dataset/YCB_Video_Dataset/models/002_master_chef_can/textured.obj", 
    "rot_mat": [
      [
        -0.5585631335952611, 
        -0.8198822256603253, 
        0.12569638727422602
      ], 
      [
        -0.4554706289074433, 
        0.17652499055532864, 
        -0.872574073543709
      ], 
      [
        0.6932195083022326, 
        -0.5446386516577247, 
        -0.4720330144268321
      ]
    ], 
    "trans_mat": [
      -0.028911365957673324, 
      0.07175404812622715, 
      0.7606038396217059
    ]
  }, 
  {
    "img": "/media/hdd/YCBvideo/YCB_Video_Dataset/YCB_Video_Dataset/data/0031/000113-label.png", 
    "mask": "/media/hdd/YCBvideo/YCB_Video_Dataset/Generated_YCB_Video_Dataset/mask/0031/000113-mask-00.png", 
    "depth_minmax": [
      0.688, 
      0.777
    ], 
    "model": "/media/hdd/YCBvideo/YCB_Video_Dataset/YCB_Video_Dataset/models/002_master_chef_can/textured.obj", 
    "rot_mat": [
      [
        -0.5616602524900512, 
        -0.8181037183363936, 
        0.12346125809352304
      ], 
      [
        -0.4529052894693393, 
        0.17913414402258096, 
        -0.8733774233673263
      ], 
      [
        0.6923977563641559, 
        -0.5464580945803833, 
        -0.471136124958436
      ]
    ], 
    "trans_mat": [
      -0.030259049898081255, 
      0.07100276808553135, 
      0.7608924576922094
    ]
  }, 
  {
    "img": "/media/hdd/YCBvideo/YCB_Video_Dataset/YCB_Video_Dataset/data/0031/000114-label.png", 
    "mask": "/media/hdd/YCBvideo/YCB_Video_Dataset/Generated_YCB_Video_Dataset/mask/0031/000114-mask-00.png", 
    "depth_minmax": [
      0.689, 
      0.787
    ], 
    "model": "/media/hdd/YCBvideo/YCB_Video_Dataset/YCB_Video_Dataset/models/002_master_chef_can/textured.obj", 
    "rot_mat": [
      [
        -0.5627506967591959, 
        -0.8176902704029624, 
        0.12121697377540296
      ], 
      [
        -0.45169240577464714, 
        0.18136686394801663, 
        -0.8735449549024673
      ], 
      [
        0.6923047441659875, 
        -0.5463403613845595, 
        -0.47140864371061936
      ]
    ], 
    "trans_mat": [
      -0.02908343218253094, 
      0.06926908784683145, 
      0.7612886466057637
    ]
  }, 
  {
    "img": "/media/hdd/YCBvideo/YCB_Video_Dataset/YCB_Video_Dataset/data/0031/000115-label.png", 
    "mask": "/media/hdd/YCBvideo/YCB_Video_Dataset/Generated_YCB_Video_Dataset/mask/0031/000115-mask-00.png", 
    "depth_minmax": [
      0.689, 
      0.777
    ], 
    "model": "/media/hdd/YCBvideo/YCB_Video_Dataset/YCB_Video_Dataset/models/002_master_chef_can/textured.obj", 
    "rot_mat": [
      [
        -0.5627713113182473, 
        -0.817302377093945, 
        0.12371067217312913
      ], 
      [
        -0.45285318282838183, 
        0.17963507130984283, 
        -0.8733013762373231
      ], 
      [
        0.6915289715389586, 
        -0.547491142476439, 
        -0.4712114100300596
      ]
    ], 
    "trans_mat": [
      -0.03059805910790844, 
      0.06658309040857605, 
      0.7614725583254723
    ]
  }, 
  {
    "img": "/media/hdd/YCBvideo/YCB_Video_Dataset/YCB_Video_Dataset/data/0031/000116-label.png", 
    "mask": "/media/hdd/YCBvideo/YCB_Video_Dataset/Generated_YCB_Video_Dataset/mask/0031/000116-mask-00.png", 
    "depth_minmax": [
      0.689, 
      0.776
    ], 
    "model": "/media/hdd/YCBvideo/YCB_Video_Dataset/YCB_Video_Dataset/models/002_master_chef_can/textured.obj", 
    "rot_mat": [
      [
        -0.5673648578176825, 
        -0.8137012069574658, 
        0.12644227836456326
      ], 
      [
        -0.4535852839301799, 
        0.1806572991998394, 
        -0.8727103703813476
      ], 
      [
        0.687282468543589, 
        -0.5524976497976648, 
        -0.4715814499952683
      ]
    ], 
    "trans_mat": [
      -0.03483472015018719, 
      0.06467119408941807, 
      0.7613871967177857
    ]
  }, 
  {
    "img": "/media/hdd/YCBvideo/YCB_Video_Dataset/YCB_Video_Dataset/data/0031/000117-label.png", 
    "mask": "/media/hdd/YCBvideo/YCB_Video_Dataset/Generated_YCB_Video_Dataset/mask/0031/000117-mask-00.png", 
    "depth_minmax": [
      0.689, 
      0.78
    ], 
    "model": "/media/hdd/YCBvideo/YCB_Video_Dataset/YCB_Video_Dataset/models/002_master_chef_can/textured.obj", 
    "rot_mat": [
      [
        -0.5698614518288299, 
        -0.8118020992131382, 
        0.12741223471146776
      ], 
      [
        -0.4522859069325529, 
        0.18040557109761055, 
        -0.8734362451025933
      ], 
      [
        0.6860723681935602, 
        -0.5553650434921703, 
        -0.4699738398784291
      ]
    ], 
    "trans_mat": [
      -0.036936787923601284, 
      0.06518373089686316, 
      0.7614659650111005
    ]
  }, 
  {
    "img": "/media/hdd/YCBvideo/YCB_Video_Dataset/YCB_Video_Dataset/data/0031/000118-label.png", 
    "mask": "/media/hdd/YCBvideo/YCB_Video_Dataset/Generated_YCB_Video_Dataset/mask/0031/000118-mask-00.png", 
    "depth_minmax": [
      0.69, 
      0.779
    ], 
    "model": "/media/hdd/YCBvideo/YCB_Video_Dataset/YCB_Video_Dataset/models/002_master_chef_can/textured.obj", 
    "rot_mat": [
      [
        -0.5695364024115153, 
        -0.8117249082051866, 
        0.12934972096601138
      ], 
      [
        -0.4505201990163571, 
        0.1766502773788887, 
        -0.8751150684974242
      ], 
      [
        0.6875026624265167, 
        -0.5566845544230552, 
        -0.46630705452864135
      ]
    ], 
    "trans_mat": [
      -0.03772766783967464, 
      0.06646992875071742, 
      0.7614055213029839
    ]
  }, 
  {
    "img": "/media/hdd/YCBvideo/YCB_Video_Dataset/YCB_Video_Dataset/data/0031/000119-label.png", 
    "mask": "/media/hdd/YCBvideo/YCB_Video_Dataset/Generated_YCB_Video_Dataset/mask/0031/000119-mask-00.png", 
    "depth_minmax": [
      0.689, 
      0.777
    ], 
    "model": "/media/hdd/YCBvideo/YCB_Video_Dataset/YCB_Video_Dataset/models/002_master_chef_can/textured.obj", 
    "rot_mat": [
      [
        -0.5692328541006513, 
        -0.8106403127628689, 
        0.13724338871245692
      ], 
      [
        -0.45314902053759065, 
        0.17005089229457707, 
        -0.8750648152759638
      ], 
      [
        0.6860245228208832, 
        -0.5603078296571258, 
        -0.46414000669019984
      ]
    ], 
    "trans_mat": [
      -0.040497244395369114, 
      0.06686394359841168, 
      0.7611542540245579
    ]
  }, 
  {
    "img": "/media/hdd/YCBvideo/YCB_Video_Dataset/YCB_Video_Dataset/data/0031/000120-label.png", 
    "mask": "/media/hdd/YCBvideo/YCB_Video_Dataset/Generated_YCB_Video_Dataset/mask/0031/000120-mask-00.png", 
    "depth_minmax": [
      0.689, 
      0.773
    ], 
    "model": "/media/hdd/YCBvideo/YCB_Video_Dataset/YCB_Video_Dataset/models/002_master_chef_can/textured.obj", 
    "rot_mat": [
      [
        -0.5718121763376915, 
        -0.8085573868177043, 
        0.13880075630858746
      ], 
      [
        -0.45155981301279097, 
        0.16894806424926342, 
        -0.8760997198576634
      ], 
      [
        0.6849264675407323, 
        -0.5636407948394178, 
        -0.4617190855916315
      ]
    ], 
    "trans_mat": [
      -0.04331210735823432, 
      0.06801670639884116, 
      0.7608978008282947
    ]
  }, 
  {
    "img": "/media/hdd/YCBvideo/YCB_Video_Dataset/YCB_Video_Dataset/data/0031/000121-label.png", 
    "mask": "/media/hdd/YCBvideo/YCB_Video_Dataset/Generated_YCB_Video_Dataset/mask/0031/000121-mask-00.png", 
    "depth_minmax": [
      0.689, 
      0.777
    ], 
    "model": "/media/hdd/YCBvideo/YCB_Video_Dataset/YCB_Video_Dataset/models/002_master_chef_can/textured.obj", 
    "rot_mat": [
      [
        -0.5718033287122839, 
        -0.8082788795914188, 
        0.1404480298772535
      ], 
      [
        -0.45056596992564996, 
        0.1663368174801423, 
        -0.87711018912815
      ], 
      [
        0.6855878488250771, 
        -0.5648156799453387, 
        -0.4592954851234583
      ]
    ], 
    "trans_mat": [
      -0.04483589975289211, 
      0.06793360089201018, 
      0.7607271608439865
    ]
  }, 
  {
    "img": "/media/hdd/YCBvideo/YCB_Video_Dataset/YCB_Video_Dataset/data/0031/000122-label.png", 
    "mask": "/media/hdd/YCBvideo/YCB_Video_Dataset/Generated_YCB_Video_Dataset/mask/0031/000122-mask-00.png", 
    "depth_minmax": [
      0.688, 
      0.777
    ], 
    "model": "/media/hdd/YCBvideo/YCB_Video_Dataset/YCB_Video_Dataset/models/002_master_chef_can/textured.obj", 
    "rot_mat": [
      [
        -0.574239266463607, 
        -0.8061351455838088, 
        0.1428088672369542
      ], 
      [
        -0.45183052857937633, 
        0.1665972850169019, 
        -0.8764095517097766
      ], 
      [
        0.6827139835957785, 
        -0.5677945399152267, 
        -0.4599042759506214
      ]
    ], 
    "trans_mat": [
      -0.046864819300932385, 
      0.06630724624697419, 
      0.7604500634167742
    ]
  }, 
  {
    "img": "/media/hdd/YCBvideo/YCB_Video_Dataset/YCB_Video_Dataset/data/0031/000123-label.png", 
    "mask": "/media/hdd/YCBvideo/YCB_Video_Dataset/Generated_YCB_Video_Dataset/mask/0031/000123-mask-00.png", 
    "depth_minmax": [
      0.688, 
      0.774
    ], 
    "model": "/media/hdd/YCBvideo/YCB_Video_Dataset/YCB_Video_Dataset/models/002_master_chef_can/textured.obj", 
    "rot_mat": [
      [
        -0.5736484887346209, 
        -0.8053591917736876, 
        0.14941063242187713
      ], 
      [
        -0.4543100651063539, 
        0.16105360848956982, 
        -0.8761644545837048
      ], 
      [
        0.681564234468601, 
        -0.5704885503084592, 
        -0.458270460132272
      ]
    ], 
    "trans_mat": [
      -0.04841732296153156, 
      0.06552616732469752, 
      0.7599637203739733
    ]
  }, 
  {
    "img": "/media/hdd/YCBvideo/YCB_Video_Dataset/YCB_Video_Dataset/data/0031/000124-label.png", 
    "mask": "/media/hdd/YCBvideo/YCB_Video_Dataset/Generated_YCB_Video_Dataset/mask/0031/000124-mask-00.png", 
    "depth_minmax": [
      0.688, 
      0.772
    ], 
    "model": "/media/hdd/YCBvideo/YCB_Video_Dataset/YCB_Video_Dataset/models/002_master_chef_can/textured.obj", 
    "rot_mat": [
      [
        -0.5725994080052657, 
        -0.8044166072663007, 
        0.1582494774563991
      ], 
      [
        -0.45792750526845777, 
        0.15370852265354606, 
        -0.8756004655194658
      ], 
      [
        0.6800237156487076, 
        -0.5738346032135826, 
        -0.4563778024571547
      ]
    ], 
    "trans_mat": [
      -0.05119400933647787, 
      0.0639055262722713, 
      0.7593189017474763
    ]
  }, 
  {
    "img": "/media/hdd/YCBvideo/YCB_Video_Dataset/YCB_Video_Dataset/data/0031/000125-label.png", 
    "mask": "/media/hdd/YCBvideo/YCB_Video_Dataset/Generated_YCB_Video_Dataset/mask/0031/000125-mask-00.png", 
    "depth_minmax": [
      0.686, 
      0.773
    ], 
    "model": "/media/hdd/YCBvideo/YCB_Video_Dataset/YCB_Video_Dataset/models/002_master_chef_can/textured.obj", 
    "rot_mat": [
      [
        -0.5739182579011157, 
        -0.8019563389796771, 
        0.16578347679461414
      ], 
      [
        -0.46113554298941717, 
        0.14919019745272233, 
        -0.8746975770971948
      ], 
      [
        0.6767366223692752, 
        -0.5784527793871209, 
        -0.455433809249174
      ]
    ], 
    "trans_mat": [
      -0.05355621716483473, 
      0.06272309721021647, 
      0.7583951981658642
    ]
  }, 
  {
    "img": "/media/hdd/YCBvideo/YCB_Video_Dataset/YCB_Video_Dataset/data/0031/000126-label.png", 
    "mask": "/media/hdd/YCBvideo/YCB_Video_Dataset/Generated_YCB_Video_Dataset/mask/0031/000126-mask-00.png", 
    "depth_minmax": [
      0.685, 
      0.775
    ], 
    "model": "/media/hdd/YCBvideo/YCB_Video_Dataset/YCB_Video_Dataset/models/002_master_chef_can/textured.obj", 
    "rot_mat": [
      [
        -0.5749462451425861, 
        -0.8012544133678792, 
        0.165610383779594
      ], 
      [
        -0.4589208687474664, 
        0.14823824945670852, 
        -0.8760232507378239
      ], 
      [
        0.6773678950326698, 
        -0.5796683832043188, 
        -0.45294266787525544
      ]
    ], 
    "trans_mat": [
      -0.05389605367308638, 
      0.0631993816630574, 
      0.7576605661032814
    ]
  }, 
  {
    "img": "/media/hdd/YCBvideo/YCB_Video_Dataset/YCB_Video_Dataset/data/0031/000127-label.png", 
    "mask": "/media/hdd/YCBvideo/YCB_Video_Dataset/Generated_YCB_Video_Dataset/mask/0031/000127-mask-00.png", 
    "depth_minmax": [
      0.685, 
      0.769
    ], 
    "model": "/media/hdd/YCBvideo/YCB_Video_Dataset/YCB_Video_Dataset/models/002_master_chef_can/textured.obj", 
    "rot_mat": [
      [
        -0.5750854448242884, 
        -0.8012385639876447, 
        0.16520609767920114
      ], 
      [
        -0.4571342062052887, 
        0.14725346743249992, 
        -0.877122673860496
      ], 
      [
        0.6784575868765153, 
        -0.5799422249173798, 
        -0.45095712070961286
      ]
    ], 
    "trans_mat": [
      -0.05274149878819004, 
      0.06416834990883521, 
      0.7571573346451124
    ]
  }, 
  {
    "img": "/media/hdd/YCBvideo/YCB_Video_Dataset/YCB_Video_Dataset/data/0031/000128-label.png", 
    "mask": "/media/hdd/YCBvideo/YCB_Video_Dataset/Generated_YCB_Video_Dataset/mask/0031/000128-mask-00.png", 
    "depth_minmax": [
      0.685, 
      0.771
    ], 
    "model": "/media/hdd/YCBvideo/YCB_Video_Dataset/YCB_Video_Dataset/models/002_master_chef_can/textured.obj", 
    "rot_mat": [
      [
        -0.5746946490952968, 
        -0.8018784950909243, 
        0.1634543806547705
      ], 
      [
        -0.45599888386627524, 
        0.14791794412204573, 
        -0.8776022044334032
      ], 
      [
        0.6795525399718005, 
        -0.5788879101348481, 
        -0.45066372866373483
      ]
    ], 
    "trans_mat": [
      -0.05005554596983297, 
      0.06350877975042628, 
      0.7567730487417592
    ]
  }, 
  {
    "img": "/media/hdd/YCBvideo/YCB_Video_Dataset/YCB_Video_Dataset/data/0031/000129-label.png", 
    "mask": "/media/hdd/YCBvideo/YCB_Video_Dataset/Generated_YCB_Video_Dataset/mask/0031/000129-mask-00.png", 
    "depth_minmax": [
      0.685, 
      0.77
    ], 
    "model": "/media/hdd/YCBvideo/YCB_Video_Dataset/YCB_Video_Dataset/models/002_master_chef_can/textured.obj", 
    "rot_mat": [
      [
        -0.5733045662325069, 
        -0.8022655924692851, 
        0.16640685347884102
      ], 
      [
        -0.45764265708960455, 
        0.1450806540614929, 
        -0.8772194515536701
      ], 
      [
        0.6796211448212182, 
        -0.57906878301, 
        -0.4503274740796461
      ]
    ], 
    "trans_mat": [
      -0.049726023712563794, 
      0.06263722886339348, 
      0.7561544158988269
    ]
  }, 
  {
    "img": "/media/hdd/YCBvideo/YCB_Video_Dataset/YCB_Video_Dataset/data/0031/000130-label.png", 
    "mask": "/media/hdd/YCBvideo/YCB_Video_Dataset/Generated_YCB_Video_Dataset/mask/0031/000130-mask-00.png", 
    "depth_minmax": [
      0.684, 
      0.77
    ], 
    "model": "/media/hdd/YCBvideo/YCB_Video_Dataset/YCB_Video_Dataset/models/002_master_chef_can/textured.obj", 
    "rot_mat": [
      [
        -0.5754205187616633, 
        -0.8002075210370614, 
        0.168992581056458
      ], 
      [
        -0.45859073890166074, 
        0.14459896217759197, 
        -0.8768039863311637
      ], 
      [
        0.6771897482523487, 
        -0.5820293258860945, 
        -0.45017313086210037
      ]
    ], 
    "trans_mat": [
      -0.05203212124667668, 
      0.061377375298753936, 
      0.7551424890881443
    ]
  }, 
  {
    "img": "/media/hdd/YCBvideo/YCB_Video_Dataset/YCB_Video_Dataset/data/0031/000131-label.png", 
    "mask": "/media/hdd/YCBvideo/YCB_Video_Dataset/Generated_YCB_Video_Dataset/mask/0031/000131-mask-00.png", 
    "depth_minmax": [
      0.682, 
      0.77
    ], 
    "model": "/media/hdd/YCBvideo/YCB_Video_Dataset/YCB_Video_Dataset/models/002_master_chef_can/textured.obj", 
    "rot_mat": [
      [
        -0.576948574552341, 
        -0.7997780613071236, 
        0.16578759438252044
      ], 
      [
        -0.45782104563837056, 
        0.148565406310134, 
        -0.8765433615160793
      ], 
      [
        0.6764100102366573, 
        -0.58162108473679, 
        -0.45187041822675367
      ]
    ], 
    "trans_mat": [
      -0.051594977547287424, 
      0.05860586670098826, 
      0.7542980941389794
    ]
  }, 
  {
    "img": "/media/hdd/YCBvideo/YCB_Video_Dataset/YCB_Video_Dataset/data/0031/000132-label.png", 
    "mask": "/media/hdd/YCBvideo/YCB_Video_Dataset/Generated_YCB_Video_Dataset/mask/0031/000132-mask-00.png", 
    "depth_minmax": [
      0.682, 
      0.769
    ], 
    "model": "/media/hdd/YCBvideo/YCB_Video_Dataset/YCB_Video_Dataset/models/002_master_chef_can/textured.obj", 
    "rot_mat": [
      [
        -0.5780990063895602, 
        -0.7985588200973829, 
        0.1676435782297264
      ], 
      [
        -0.4595405179228752, 
        0.14885830286579516, 
        -0.8755939666020474
      ], 
      [
        0.6742582034071706, 
        -0.583218798934843, 
        -0.4530253217958053
      ]
    ], 
    "trans_mat": [
      -0.0530157152984816, 
      0.057602682305592845, 
      0.7530577848125121
    ]
  }, 
  {
    "img": "/media/hdd/YCBvideo/YCB_Video_Dataset/YCB_Video_Dataset/data/0031/000133-label.png", 
    "mask": "/media/hdd/YCBvideo/YCB_Video_Dataset/Generated_YCB_Video_Dataset/mask/0031/000133-mask-00.png", 
    "depth_minmax": [
      0.681, 
      0.773
    ], 
    "model": "/media/hdd/YCBvideo/YCB_Video_Dataset/YCB_Video_Dataset/models/002_master_chef_can/textured.obj", 
    "rot_mat": [
      [
        -0.5810951538522185, 
        -0.7954610888620256, 
        0.17195889813261847
      ], 
      [
        -0.45976908495360025, 
        0.14652696465755924, 
        -0.8758663508931632
      ], 
      [
        0.6715208678977873, 
        -0.5880232624712219, 
        -0.45087510186095314
      ]
    ], 
    "trans_mat": [
      -0.05623850671410133, 
      0.057784035557876846, 
      0.7517477621641181
    ]
  }, 
  {
    "img": "/media/hdd/YCBvideo/YCB_Video_Dataset/YCB_Video_Dataset/data/0031/000134-label.png", 
    "mask": "/media/hdd/YCBvideo/YCB_Video_Dataset/Generated_YCB_Video_Dataset/mask/0031/000134-mask-00.png", 
    "depth_minmax": [
      0.679, 
      0.767
    ], 
    "model": "/media/hdd/YCBvideo/YCB_Video_Dataset/YCB_Video_Dataset/models/002_master_chef_can/textured.obj", 
    "rot_mat": [
      [
        -0.5826945844218995, 
        -0.7938641013255829, 
        0.17391345391635238
      ], 
      [
        -0.45957010728057945, 
        0.14538177245100742, 
        -0.8761615671884044
      ], 
      [
        0.6702694153673555, 
        -0.5904602590384813, 
        -0.449550227425306
      ]
    ], 
    "trans_mat": [
      -0.05832548575702799, 
      0.05708015886585612, 
      0.750687229820858
    ]
  }, 
  {
    "img": "/media/hdd/YCBvideo/YCB_Video_Dataset/YCB_Video_Dataset/data/0031/000135-label.png", 
    "mask": "/media/hdd/YCBvideo/YCB_Video_Dataset/Generated_YCB_Video_Dataset/mask/0031/000135-mask-00.png", 
    "depth_minmax": [
      0.678, 
      0.767
    ], 
    "model": "/media/hdd/YCBvideo/YCB_Video_Dataset/YCB_Video_Dataset/models/002_master_chef_can/textured.obj", 
    "rot_mat": [
      [
        -0.5859646354561403, 
        -0.7913892208143579, 
        0.1742041398963479
      ], 
      [
        -0.4586850076451644, 
        0.14670321276072604, 
        -0.8764058525978788
      ], 
      [
        0.6680216310423837, 
        -0.5934480831543989, 
        -0.44896148386699986
      ]
    ], 
    "trans_mat": [
      -0.059883354148999916, 
      0.056850627806232984, 
      0.7498043494295134
    ]
  }, 
  {
    "img": "/media/hdd/YCBvideo/YCB_Video_Dataset/YCB_Video_Dataset/data/0031/000136-label.png", 
    "mask": "/media/hdd/YCBvideo/YCB_Video_Dataset/Generated_YCB_Video_Dataset/mask/0031/000136-mask-00.png", 
    "depth_minmax": [
      0.677, 
      0.769
    ], 
    "model": "/media/hdd/YCBvideo/YCB_Video_Dataset/YCB_Video_Dataset/models/002_master_chef_can/textured.obj", 
    "rot_mat": [
      [
        -0.5862523052801696, 
        -0.7906896103451334, 
        0.1764013431761875
      ], 
      [
        -0.4605455341742701, 
        0.14614089135601738, 
        -0.875522774872602
      ], 
      [
        0.6664881794610659, 
        -0.5945186186869413, 
        -0.4498245988545199
      ]
    ], 
    "trans_mat": [
      -0.05979963302442444, 
      0.05475595176476594, 
      0.7489195470314077
    ]
  }, 
  {
    "img": "/media/hdd/YCBvideo/YCB_Video_Dataset/YCB_Video_Dataset/data/0031/000137-label.png", 
    "mask": "/media/hdd/YCBvideo/YCB_Video_Dataset/Generated_YCB_Video_Dataset/mask/0031/000137-mask-00.png", 
    "depth_minmax": [
      0.677, 
      0.767
    ], 
    "model": "/media/hdd/YCBvideo/YCB_Video_Dataset/YCB_Video_Dataset/models/002_master_chef_can/textured.obj", 
    "rot_mat": [
      [
        -0.58448857255415, 
        -0.7914881015735055, 
        0.17865889488927025
      ], 
      [
        -0.4632686309464598, 
        0.14475354387267345, 
        -0.8743162518140581
      ], 
      [
        0.6661492389320128, 
        -0.5937949218616025, 
        -0.45127908705788083
      ]
    ], 
    "trans_mat": [
      -0.05894072733417602, 
      0.05225862279963186, 
      0.7480582606413019
    ]
  }, 
  {
    "img": "/media/hdd/YCBvideo/YCB_Video_Dataset/YCB_Video_Dataset/data/0031/000138-label.png", 
    "mask": "/media/hdd/YCBvideo/YCB_Video_Dataset/Generated_YCB_Video_Dataset/mask/0031/000138-mask-00.png", 
    "depth_minmax": [
      0.675, 
      0.761
    ], 
    "model": "/media/hdd/YCBvideo/YCB_Video_Dataset/YCB_Video_Dataset/models/002_master_chef_can/textured.obj", 
    "rot_mat": [
      [
        -0.5846923177957041, 
        -0.7916034862251561, 
        0.17747988569001533
      ], 
      [
        -0.4623194712771344, 
        0.14536332467134966, 
        -0.8747168597047843
      ], 
      [
        0.6666299172385985, 
        -0.5934924225606018, 
        -0.45096694450363595
      ]
    ], 
    "trans_mat": [
      -0.05774170566888678, 
      0.05158895503070991, 
      0.747102886495661
    ]
  }, 
  {
    "img": "/media/hdd/YCBvideo/YCB_Video_Dataset/YCB_Video_Dataset/data/0031/000139-label.png", 
    "mask": "/media/hdd/YCBvideo/YCB_Video_Dataset/Generated_YCB_Video_Dataset/mask/0031/000139-mask-00.png", 
    "depth_minmax": [
      0.674, 
      0.758
    ], 
    "model": "/media/hdd/YCBvideo/YCB_Video_Dataset/YCB_Video_Dataset/models/002_master_chef_can/textured.obj", 
    "rot_mat": [
      [
        -0.583368995570023, 
        -0.7923178911715685, 
        0.17863990207797936
      ], 
      [
        -0.46338138317517835, 
        0.14403797367861904, 
        -0.87437470424899
      ], 
      [
        0.6670521081707191, 
        -0.5928607703325637, 
        -0.45117252477306713
      ]
    ], 
    "trans_mat": [
      -0.055983302550153186, 
      0.05050146922652335, 
      0.7460367341380769
    ]
  }, 
  {
    "img": "/media/hdd/YCBvideo/YCB_Video_Dataset/YCB_Video_Dataset/data/0031/000140-label.png", 
    "mask": "/media/hdd/YCBvideo/YCB_Video_Dataset/Generated_YCB_Video_Dataset/mask/0031/000140-mask-00.png", 
    "depth_minmax": [
      0.671, 
      0.762
    ], 
    "model": "/media/hdd/YCBvideo/YCB_Video_Dataset/YCB_Video_Dataset/models/002_master_chef_can/textured.obj", 
    "rot_mat": [
      [
        -0.5824625982473778, 
        -0.792795412669399, 
        0.17947635605071433
      ], 
      [
        -0.4643328142427254, 
        0.14328470636388224, 
        -0.8739931801118217
      ], 
      [
        0.6671823348241175, 
        -0.5924050708167009, 
        -0.4515800407659752
      ]
    ], 
    "trans_mat": [
      -0.05538139316494488, 
      0.04865447228515291, 
      0.7449822992939202
    ]
  }, 
  {
    "img": "/media/hdd/YCBvideo/YCB_Video_Dataset/YCB_Video_Dataset/data/0031/000141-label.png", 
    "mask": "/media/hdd/YCBvideo/YCB_Video_Dataset/Generated_YCB_Video_Dataset/mask/0031/000141-mask-00.png", 
    "depth_minmax": [
      0.669, 
      0.768
    ], 
    "model": "/media/hdd/YCBvideo/YCB_Video_Dataset/YCB_Video_Dataset/models/002_master_chef_can/textured.obj", 
    "rot_mat": [
      [
        -0.5839005836782813, 
        -0.7923651443148544, 
        0.17668424683541736
      ], 
      [
        -0.46255713432093964, 
        0.14586176427900358, 
        -0.8745092691916501
      ], 
      [
        0.6671589127540107, 
        -0.5923516505473644, 
        -0.451682673847602
      ]
    ], 
    "trans_mat": [
      -0.053958163703892795, 
      0.048115033125553604, 
      0.7438203350552299
    ]
  }, 
  {
    "img": "/media/hdd/YCBvideo/YCB_Video_Dataset/YCB_Video_Dataset/data/0031/000142-label.png", 
    "mask": "/media/hdd/YCBvideo/YCB_Video_Dataset/Generated_YCB_Video_Dataset/mask/0031/000142-mask-00.png", 
    "depth_minmax": [
      0.671, 
      0.759
    ], 
    "model": "/media/hdd/YCBvideo/YCB_Video_Dataset/YCB_Video_Dataset/models/002_master_chef_can/textured.obj", 
    "rot_mat": [
      [
        -0.581557825788514, 
        -0.7945925726617353, 
        0.1743897362422878
      ], 
      [
        -0.4611467190383324, 
        0.14540084134380066, 
        -0.8753298708533847
      ], 
      [
        0.6701744202528247, 
        -0.5894745581432882, 
        -0.4509827430937883
      ]
    ], 
    "trans_mat": [
      -0.05115786143354012, 
      0.04972057049251373, 
      0.7429148139725245
    ]
  }, 
  {
    "img": "/media/hdd/YCBvideo/YCB_Video_Dataset/YCB_Video_Dataset/data/0031/000143-label.png", 
    "mask": "/media/hdd/YCBvideo/YCB_Video_Dataset/Generated_YCB_Video_Dataset/mask/0031/000143-mask-00.png", 
    "depth_minmax": [
      0.669, 
      0.756
    ], 
    "model": "/media/hdd/YCBvideo/YCB_Video_Dataset/YCB_Video_Dataset/models/002_master_chef_can/textured.obj", 
    "rot_mat": [
      [
        -0.5811779118675765, 
        -0.7945075040477713, 
        0.17603872646888744
      ], 
      [
        -0.4599127496576122, 
        0.14221799234150165, 
        -0.8765010641444351
      ], 
      [
        0.6713514834231918, 
        -0.5903649491020165, 
        -0.4480583176344899
      ]
    ], 
    "trans_mat": [
      -0.05088475824039229, 
      0.05097836248628507, 
      0.7417084644995684
    ]
  }, 
  {
    "img": "/media/hdd/YCBvideo/YCB_Video_Dataset/YCB_Video_Dataset/data/0031/000144-label.png", 
    "mask": "/media/hdd/YCBvideo/YCB_Video_Dataset/Generated_YCB_Video_Dataset/mask/0031/000144-mask-00.png", 
    "depth_minmax": [
      0.668, 
      0.755
    ], 
    "model": "/media/hdd/YCBvideo/YCB_Video_Dataset/YCB_Video_Dataset/models/002_master_chef_can/textured.obj", 
    "rot_mat": [
      [
        -0.5809796754988699, 
        -0.7949804857122124, 
        0.17455316277476676
      ], 
      [
        -0.4567318181009948, 
        0.14092100367786617, 
        -0.8783724749510039
      ], 
      [
        0.6736907477294382, 
        -0.5900399223694823, 
        -0.4449647298340071
      ]
    ], 
    "trans_mat": [
      -0.05047437338731068, 
      0.05322349181187343, 
      0.7406807362516276
    ]
  }, 
  {
    "img": "/media/hdd/YCBvideo/YCB_Video_Dataset/YCB_Video_Dataset/data/0031/000145-label.png", 
    "mask": "/media/hdd/YCBvideo/YCB_Video_Dataset/Generated_YCB_Video_Dataset/mask/0031/000145-mask-00.png", 
    "depth_minmax": [
      0.668, 
      0.751
    ], 
    "model": "/media/hdd/YCBvideo/YCB_Video_Dataset/YCB_Video_Dataset/models/002_master_chef_can/textured.obj", 
    "rot_mat": [
      [
        -0.5821291282500304, 
        -0.7939061064579491, 
        0.1756067684385085
      ], 
      [
        -0.4543494671990516, 
        0.13850264329101744, 
        -0.8799905791029525
      ], 
      [
        0.6743085794805116, 
        -0.592054254937843, 
        -0.4413377067010222
      ]
    ], 
    "trans_mat": [
      -0.05163033187674875, 
      0.05657304062087721, 
      0.7396180487656002
    ]
  }, 
  {
    "img": "/media/hdd/YCBvideo/YCB_Video_Dataset/YCB_Video_Dataset/data/0031/000146-label.png", 
    "mask": "/media/hdd/YCBvideo/YCB_Video_Dataset/Generated_YCB_Video_Dataset/mask/0031/000146-mask-00.png", 
    "depth_minmax": [
      0.668, 
      0.755
    ], 
    "model": "/media/hdd/YCBvideo/YCB_Video_Dataset/YCB_Video_Dataset/models/002_master_chef_can/textured.obj", 
    "rot_mat": [
      [
        -0.5850611457078417, 
        -0.7910187944247656, 
        0.17886238563730678
      ], 
      [
        -0.4526208084513407, 
        0.13548419732029118, 
        -0.8813506540996681
      ], 
      [
        0.6729320068328678, 
        -0.5966004684534942, 
        -0.43729813412776986
      ]
    ], 
    "trans_mat": [
      -0.05505022902503078, 
      0.059627298676485, 
      0.7386199675340751
    ]
  }, 
  {
    "img": "/media/hdd/YCBvideo/YCB_Video_Dataset/YCB_Video_Dataset/data/0031/000147-label.png", 
    "mask": "/media/hdd/YCBvideo/YCB_Video_Dataset/Generated_YCB_Video_Dataset/mask/0031/000147-mask-00.png", 
    "depth_minmax": [
      0.668, 
      0.754
    ], 
    "model": "/media/hdd/YCBvideo/YCB_Video_Dataset/YCB_Video_Dataset/models/002_master_chef_can/textured.obj", 
    "rot_mat": [
      [
        -0.5890385721068101, 
        -0.7876396085570323, 
        0.18071196920099808
      ], 
      [
        -0.4494753938854034, 
        0.13349055376208624, 
        -0.883262360271071
      ], 
      [
        0.6715690813376363, 
        -0.6015010767257839, 
        -0.43265622685121136
      ]
    ], 
    "trans_mat": [
      -0.05909377165818994, 
      0.06291785372219892, 
      0.73768728442257
    ]
  }, 
  {
    "img": "/media/hdd/YCBvideo/YCB_Video_Dataset/YCB_Video_Dataset/data/0031/000148-label.png", 
    "mask": "/media/hdd/YCBvideo/YCB_Video_Dataset/Generated_YCB_Video_Dataset/mask/0031/000148-mask-00.png", 
    "depth_minmax": [
      0.666, 
      0.751
    ], 
    "model": "/media/hdd/YCBvideo/YCB_Video_Dataset/YCB_Video_Dataset/models/002_master_chef_can/textured.obj", 
    "rot_mat": [
      [
        -0.5925976836904834, 
        -0.78611772534856, 
        0.1756319381343736
      ], 
      [
        -0.44310307335194155, 
        0.13605726888703032, 
        -0.8860854286385319
      ], 
      [
        0.6726712533128801, 
        -0.6029150113379247, 
        -0.42895922923560836
      ]
    ], 
    "trans_mat": [
      -0.05892016907202083, 
      0.06618610099017028, 
      0.737458203884629
    ]
  }, 
  {
    "img": "/media/hdd/YCBvideo/YCB_Video_Dataset/YCB_Video_Dataset/data/0031/000149-label.png", 
    "mask": "/media/hdd/YCBvideo/YCB_Video_Dataset/Generated_YCB_Video_Dataset/mask/0031/000149-mask-00.png", 
    "depth_minmax": [
      0.668, 
      0.749
    ], 
    "model": "/media/hdd/YCBvideo/YCB_Video_Dataset/YCB_Video_Dataset/models/002_master_chef_can/textured.obj", 
    "rot_mat": [
      [
        -0.5939723663328197, 
        -0.7865286772030421, 
        0.1690246315075398
      ], 
      [
        -0.4370560045450433, 
        0.1390943502732717, 
        -0.8886141055331562
      ], 
      [
        0.6754095920677621, 
        -0.601685214814368, 
        -0.42637579356725247
      ]
    ], 
    "trans_mat": [
      -0.05725704859414981, 
      0.06942837602876988, 
      0.7375769425775764
    ]
  }, 
  {
    "img": "/media/hdd/YCBvideo/YCB_Video_Dataset/YCB_Video_Dataset/data/0031/000150-label.png", 
    "mask": "/media/hdd/YCBvideo/YCB_Video_Dataset/Generated_YCB_Video_Dataset/mask/0031/000150-mask-00.png", 
    "depth_minmax": [
      0.668, 
      0.749
    ], 
    "model": "/media/hdd/YCBvideo/YCB_Video_Dataset/YCB_Video_Dataset/models/002_master_chef_can/textured.obj", 
    "rot_mat": [
      [
        -0.5946856384526328, 
        -0.7854277959364346, 
        0.17161479528971202
      ], 
      [
        -0.4356461095070565, 
        0.13541263428876021, 
        -0.8898739605803747
      ], 
      [
        0.6756932638827561, 
        -0.6039581300028738, 
        -0.42269719397415695
      ]
    ], 
    "trans_mat": [
      -0.05899534980083478, 
      0.07209379046066608, 
      0.7375644651870551
    ]
  }, 
  {
    "img": "/media/hdd/YCBvideo/YCB_Video_Dataset/YCB_Video_Dataset/data/0031/000158-label.png", 
    "mask": "/media/hdd/YCBvideo/YCB_Video_Dataset/Generated_YCB_Video_Dataset/mask/0031/000158-mask-00.png", 
    "depth_minmax": [
      0.668, 
      0.751
    ], 
    "model": "/media/hdd/YCBvideo/YCB_Video_Dataset/YCB_Video_Dataset/models/002_master_chef_can/textured.obj", 
    "rot_mat": [
      [
        -0.6041395489697746, 
        -0.7780866162908769, 
        0.17203373302986535
      ], 
      [
        -0.4304027252466075, 
        0.13692076885646567, 
        -0.8921919505627195
      ], 
      [
        0.6706477237614493, 
        -0.6130520100208582, 
        -0.41761075253814733
      ]
    ], 
    "trans_mat": [
      -0.06725341787134896, 
      0.06903951076159016, 
      0.73845436588914
    ]
  }, 
  {
    "img": "/media/hdd/YCBvideo/YCB_Video_Dataset/YCB_Video_Dataset/data/0031/000159-label.png", 
    "mask": "/media/hdd/YCBvideo/YCB_Video_Dataset/Generated_YCB_Video_Dataset/mask/0031/000159-mask-00.png", 
    "depth_minmax": [
      0.668, 
      0.756
    ], 
    "model": "/media/hdd/YCBvideo/YCB_Video_Dataset/YCB_Video_Dataset/models/002_master_chef_can/textured.obj", 
    "rot_mat": [
      [
        -0.6072407768064214, 
        -0.7747111091767996, 
        0.17629528067770173
      ], 
      [
        -0.43442838218269136, 
        0.13796992655165774, 
        -0.890076934314978
      ], 
      [
        0.6652289931515606, 
        -0.6170787596870188, 
        -0.42033798785700316
      ]
    ], 
    "trans_mat": [
      -0.07122077084319642, 
      0.06333861363474538, 
      0.737904240498403
    ]
  }, 
  {
    "img": "/media/hdd/YCBvideo/YCB_Video_Dataset/YCB_Video_Dataset/data/0031/000160-label.png", 
    "mask": "/media/hdd/YCBvideo/YCB_Video_Dataset/Generated_YCB_Video_Dataset/mask/0031/000160-mask-00.png", 
    "depth_minmax": [
      0.668, 
      0.756
    ], 
    "model": "/media/hdd/YCBvideo/YCB_Video_Dataset/YCB_Video_Dataset/models/002_master_chef_can/textured.obj", 
    "rot_mat": [
      [
        -0.6088368009078915, 
        -0.7744700301295373, 
        0.17179643711611456
      ], 
      [
        -0.43506508724063736, 
        0.1448918206128674, 
        -0.8886643523179765
      ], 
      [
        0.6633523008447705, 
        -0.6157937077391031, 
        -0.42516034241677925
      ]
    ], 
    "trans_mat": [
      -0.0709032723830132, 
