[
  {
    "img": "/media/hdd/YCBvideo/YCB_Video_Dataset/YCB_Video_Dataset/data/0032/000001-label.png", 
    "mask": "/media/hdd/YCBvideo/YCB_Video_Dataset/Generated_YCB_Video_Dataset/mask/0032/000001-mask-00.png", 
    "depth_minmax": [
      1.066, 
      1.214
    ], 
    "model": "/media/hdd/YCBvideo/YCB_Video_Dataset/YCB_Video_Dataset/models/021_bleach_cleanser/textured.obj", 
    "rot_mat": [
      [
        0.7178547163771963, 
        0.691027476357053, 
        0.08465247724235718
      ], 
      [
        0.3442656920618705, 
        -0.2466568857789357, 
        -0.9058924020439831
      ], 
      [
        -0.6051160993802804, 
        0.679442411447398, 
        -0.41496088954004473
      ]
    ], 
    "trans_mat": [
      -0.14051976542702166, 
      0.011327727355042718, 
      1.1399863295979542
    ]
  }, 
  {
    "img": "/media/hdd/YCBvideo/YCB_Video_Dataset/YCB_Video_Dataset/data/0032/000001-label.png", 
    "mask": "/media/hdd/YCBvideo/YCB_Video_Dataset/Generated_YCB_Video_Dataset/mask/0032/000001-mask-01.png", 
    "depth_minmax": [
      1.188, 
      1.249
    ], 
    "model": "/media/hdd/YCBvideo/YCB_Video_Dataset/YCB_Video_Dataset/models/024_bowl/textured.obj", 
    "rot_mat": [
      [
        0.46606544725928056, 
        0.46426905390267803, 
        -0.7531513400457834
      ], 
      [
        -0.5886083065543386, 
        0.7982479460733517, 
        0.12782524187346564
      ], 
      [
        0.6605471498249855, 
        0.38373618268704723, 
        0.6453086793486129
      ]
    ], 
    "trans_mat": [
      0.12287369231144224, 
      0.02579336865628534, 
      1.240051735995054
    ]
  }, 
  {
    "img": "/media/hdd/YCBvideo/YCB_Video_Dataset/YCB_Video_Dataset/data/0032/000002-label.png", 
    "mask": "/media/hdd/YCBvideo/YCB_Video_Dataset/Generated_YCB_Video_Dataset/mask/0032/000002-mask-00.png", 
    "depth_minmax": [
      1.068, 
      1.2
    ], 
    "model": "/media/hdd/YCBvideo/YCB_Video_Dataset/YCB_Video_Dataset/models/021_bleach_cleanser/textured.obj", 
    "rot_mat": [
      [
        0.7140452174643034, 
        0.6952651518965541, 
        0.08213157351367309
      ], 
      [
        0.3530633272417583, 
        -0.2563059896891628, 
        -0.8998078332048884
      ], 
      [
        -0.6045539782228269, 
        0.6715009422516682, 
        -0.42848685211403903
      ]
    ], 
    "trans_mat": [
      -0.13964726967233906, 
      0.014936790199770062, 
      1.1412993255709405
    ]
  }, 
  {
    "img": "/media/hdd/YCBvideo/YCB_Video_Dataset/YCB_Video_Dataset/data/0032/000002-label.png", 
    "mask": "/media/hdd/YCBvideo/YCB_Video_Dataset/Generated_YCB_Video_Dataset/mask/0032/000002-mask-01.png", 
    "depth_minmax": [
      1.188, 
      1.251
    ], 
    "model": "/media/hdd/YCBvideo/YCB_Video_Dataset/YCB_Video_Dataset/models/024_bowl/textured.obj", 
    "rot_mat": [
      [
        0.47021481624016165, 
        0.46659245158653356, 
        -0.7491252174031752
      ], 
      [
        -0.5979865407260541, 
        0.7927135776658089, 
        0.11839418107134513
      ], 
      [
        0.6490834034188827, 
        0.39229595583911614, 
        0.6517621431276233
      ]
    ], 
    "trans_mat": [
      0.1243633966944418, 
      0.028002406617562745, 
      1.2399200449001941
    ]
  }, 
  {
    "img": "/media/hdd/YCBvideo/YCB_Video_Dataset/YCB_Video_Dataset/data/0032/000003-label.png", 
    "mask": "/media/hdd/YCBvideo/YCB_Video_Dataset/Generated_YCB_Video_Dataset/mask/0032/000003-mask-00.png", 
    "depth_minmax": [
      1.068, 
      1.206
    ], 
    "model": "/media/hdd/YCBvideo/YCB_Video_Dataset/YCB_Video_Dataset/models/021_bleach_cleanser/textured.obj", 
    "rot_mat": [
      [
        0.716025631229148, 
        0.6932709023260715, 
        0.08174957925328546
      ], 
      [
        0.3447611621168518, 
        -0.24936445769815435, 
        -0.9049624950696139
      ], 
      [
        -0.6069979203408071, 
        0.6761604608552992, 
        -0.41756482779995996
      ]
    ], 
    "trans_mat": [
      -0.13713141972198858, 
      0.013945330908373464, 
      1.1405507367874865
    ]
  }, 
  {
    "img": "/media/hdd/YCBvideo/YCB_Video_Dataset/YCB_Video_Dataset/data/0032/000003-label.png", 
    "mask": "/media/hdd/YCBvideo/YCB_Video_Dataset/Generated_YCB_Video_Dataset/mask/0032/000003-mask-01.png", 
    "depth_minmax": [
      1.188, 
      1.25
    ], 
    "model": "/media/hdd/YCBvideo/YCB_Video_Dataset/YCB_Video_Dataset/models/024_bowl/textured.obj", 
    "rot_mat": [
      [
        0.46774361704765105, 
        0.4668917993449362, 
        -0.7504848316808713
      ], 
      [
        -0.5909436176370259, 
        0.7966087339445297, 
        0.1272771004312979
      ], 
      [
        0.6572671705716149, 
        0.38396169834818655, 
        0.6485155169103589
      ]
    ], 
    "trans_mat": [
      0.12666454789102943, 
      0.027779822632012875, 
      1.2396403142351227
    ]
  }, 
  {
    "img": "/media/hdd/YCBvideo/YCB_Video_Dataset/YCB_Video_Dataset/data/0032/000004-label.png", 
    "mask": "/media/hdd/YCBvideo/YCB_Video_Dataset/Generated_YCB_Video_Dataset/mask/0032/000004-mask-00.png", 
    "depth_minmax": [
      1.065, 
      1.21
    ], 
    "model": "/media/hdd/YCBvideo/YCB_Video_Dataset/YCB_Video_Dataset/models/021_bleach_cleanser/textured.obj", 
    "rot_mat": [
      [
        0.7157055976757634, 
        0.6930508250875461, 
        0.08629658663745832
      ], 
      [
        0.3472170941306938, 
        -0.24588262576683456, 
        -0.9049769459003464
      ], 
      [
        -0.605975301203613, 
        0.6776607597910567, 
        -0.4166176569034735
      ]
    ], 
    "trans_mat": [
      -0.1382092322357268, 
      0.01373019997137688, 
      1.1401694770576825
    ]
  }, 
  {
    "img": "/media/hdd/YCBvideo/YCB_Video_Dataset/YCB_Video_Dataset/data/0032/000004-label.png", 
    "mask": "/media/hdd/YCBvideo/YCB_Video_Dataset/Generated_YCB_Video_Dataset/mask/0032/000004-mask-01.png", 
    "depth_minmax": [
      1.188, 
      1.249
    ], 
    "model": "/media/hdd/YCBvideo/YCB_Video_Dataset/YCB_Video_Dataset/models/024_bowl/textured.obj", 
    "rot_mat": [
      [
        0.4689853061401345, 
        0.46285344611718215, 
        -0.7522099474479418
      ], 
      [
        -0.588416039778159, 
        0.7988833634570052, 
        0.12470954158436008
      ], 
      [
        0.6586504819929486, 
        0.38412465795998046, 
        0.6470142940626876
      ]
    ], 
    "trans_mat": [
      0.12534276701259844, 
      0.028751079845640237, 
      1.2397346812619277
    ]
  }, 
  {
    "img": "/media/hdd/YCBvideo/YCB_Video_Dataset/YCB_Video_Dataset/data/0032/000005-label.png", 
    "mask": "/media/hdd/YCBvideo/YCB_Video_Dataset/Generated_YCB_Video_Dataset/mask/0032/000005-mask-00.png", 
    "depth_minmax": [
      1.068, 
      1.202
    ], 
    "model": "/media/hdd/YCBvideo/YCB_Video_Dataset/YCB_Video_Dataset/models/021_bleach_cleanser/textured.obj", 
    "rot_mat": [
      [
        0.7166310631635812, 
        0.6923084388026087, 
        0.08454996602802928
      ], 
      [
        0.34575068998630354, 
        -0.24735641379582182, 
        -0.9051360219487519
      ], 
      [
        -0.6057194004736718, 
        0.677882382541881, 
        -0.4166296765811576
      ]
    ], 
    "trans_mat": [
      -0.13869264671938253, 
      0.016179721923127218, 
      1.1397940912840492
    ]
  }, 
  {
    "img": "/media/hdd/YCBvideo/YCB_Video_Dataset/YCB_Video_Dataset/data/0032/000005-label.png", 
    "mask": "/media/hdd/YCBvideo/YCB_Video_Dataset/Generated_YCB_Video_Dataset/mask/0032/000005-mask-01.png", 
    "depth_minmax": [
      1.188, 
      1.25
    ], 
    "model": "/media/hdd/YCBvideo/YCB_Video_Dataset/YCB_Video_Dataset/models/024_bowl/textured.obj", 
    "rot_mat": [
      [
        0.46753593636761626, 
        0.464388256832586, 
        -0.7521653627835724
      ], 
      [
        -0.589420929501427, 
        0.7978993785378748, 
        0.1262489130729252
      ], 
      [
        0.6587813864979419, 
        0.3843162281949715, 
        0.6467674923713521
      ]
    ], 
    "trans_mat": [
      0.12485642980756526, 
      0.03064678019882389, 
      1.2394484637003391
    ]
  }, 
  {
    "img": "/media/hdd/YCBvideo/YCB_Video_Dataset/YCB_Video_Dataset/data/0032/000006-label.png", 
    "mask": "/media/hdd/YCBvideo/YCB_Video_Dataset/Generated_YCB_Video_Dataset/mask/0032/000006-mask-00.png", 
    "depth_minmax": [
      1.068, 
      1.212
    ], 
    "model": "/media/hdd/YCBvideo/YCB_Video_Dataset/YCB_Video_Dataset/models/021_bleach_cleanser/textured.obj", 
    "rot_mat": [
      [
        0.7127046280917941, 
        0.6965949179058656, 
        0.08250813177004195
      ], 
      [
        0.352210893851296, 
        -0.25365048091003367, 
        -0.9008933106371559
      ], 
      [
        -0.6066290584586982, 
        0.6711318277580438, 
        -0.4261264176164171
      ]
    ], 
    "trans_mat": [
      -0.13729469152431537, 
      0.018810551371503264, 
      1.1404156148270792
    ]
  }, 
  {
    "img": "/media/hdd/YCBvideo/YCB_Video_Dataset/YCB_Video_Dataset/data/0032/000006-label.png", 
    "mask": "/media/hdd/YCBvideo/YCB_Video_Dataset/Generated_YCB_Video_Dataset/mask/0032/000006-mask-01.png", 
    "depth_minmax": [
      1.181, 
      1.253
    ], 
    "model": "/media/hdd/YCBvideo/YCB_Video_Dataset/YCB_Video_Dataset/models/024_bowl/textured.obj", 
    "rot_mat": [
      [
        0.4719043599644103, 
        0.46628258808615447, 
        -0.7482553447755603
      ], 
      [
        -0.5956497835308274, 
        0.7943297426528596, 
        0.1193344988271918
      ], 
      [
        0.6500056885345121, 
        0.3893839981116052, 
        0.6525890289457749
      ]
    ], 
    "trans_mat": [
      0.12685252001896719, 
      0.03245185988284489, 
      1.2385920202768785
    ]
  }, 
  {
    "img": "/media/hdd/YCBvideo/YCB_Video_Dataset/YCB_Video_Dataset/data/0032/000007-label.png", 
    "mask": "/media/hdd/YCBvideo/YCB_Video_Dataset/Generated_YCB_Video_Dataset/mask/0032/000007-mask-00.png", 
    "depth_minmax": [
      1.068, 
      1.204
    ], 
    "model": "/media/hdd/YCBvideo/YCB_Video_Dataset/YCB_Video_Dataset/models/021_bleach_cleanser/textured.obj", 
    "rot_mat": [
      [
        0.7141745468378382, 
        0.6943501544204495, 
        0.08850888187996543
      ], 
      [
        0.3505312469211639, 
        -0.24532569330380977, 
        -0.9038492115085199
      ], 
      [
        -0.6058735085435109, 
        0.6765313116426538, 
        -0.4185974275728226
      ]
    ], 
    "trans_mat": [
      -0.13866776679990048, 
      0.01765671372941265, 
      1.1392492469487199
    ]
  }, 
  {
    "img": "/media/hdd/YCBvideo/YCB_Video_Dataset/YCB_Video_Dataset/data/0032/000007-label.png", 
    "mask": "/media/hdd/YCBvideo/YCB_Video_Dataset/Generated_YCB_Video_Dataset/mask/0032/000007-mask-01.png", 
    "depth_minmax": [
      1.188, 
      1.253
    ], 
    "model": "/media/hdd/YCBvideo/YCB_Video_Dataset/YCB_Video_Dataset/models/024_bowl/textured.obj", 
    "rot_mat": [
      [
        0.47124606298966, 
        0.4609126457264114, 
        -0.7519888349268206
      ], 
      [
        -0.5884566134869368, 
        0.799392572644242, 
        0.12120174679511028
      ], 
      [
        0.6569974940920191, 
        0.3853975390163329, 
        0.647937824085135
      ]
    ], 
    "trans_mat": [
      0.12492849862930921, 
      0.03322084228461423, 
      1.238613715549699
    ]
  }, 
  {
    "img": "/media/hdd/YCBvideo/YCB_Video_Dataset/YCB_Video_Dataset/data/0032/000008-label.png", 
    "mask": "/media/hdd/YCBvideo/YCB_Video_Dataset/Generated_YCB_Video_Dataset/mask/0032/000008-mask-00.png", 
    "depth_minmax": [
      1.068, 
      1.198
    ], 
    "model": "/media/hdd/YCBvideo/YCB_Video_Dataset/YCB_Video_Dataset/models/021_bleach_cleanser/textured.obj", 
    "rot_mat": [
      [
        0.7170724206565716, 
        0.6913689509188096, 
        0.08841072774117278
      ], 
      [
        0.3446084682521699, 
        -0.2414131588747352, 
        -0.9071738885104665
      ], 
      [
        -0.6058483633582352, 
        0.6809771637044137, 
        -0.411361672938694
      ]
    ], 
    "trans_mat": [
      -0.14052071418519174, 
      0.01857468083303423, 
      1.138011144163774
    ]
  }, 
  {
    "img": "/media/hdd/YCBvideo/YCB_Video_Dataset/YCB_Video_Dataset/data/0032/000008-label.png", 
    "mask": "/media/hdd/YCBvideo/YCB_Video_Dataset/Generated_YCB_Video_Dataset/mask/0032/000008-mask-01.png", 
    "depth_minmax": [
      1.185, 
      1.253
    ], 
    "model": "/media/hdd/YCBvideo/YCB_Video_Dataset/YCB_Video_Dataset/models/024_bowl/textured.obj", 
    "rot_mat": [
      [
        0.46770983270187083, 
        0.4609379186523389, 
        -0.7541772837937032
      ], 
      [
        -0.5842791812352718, 
        0.8014741887291185, 
        0.12749909651763003
      ], 
      [
        0.663223759379291, 
        0.38101692948260446, 
        0.6441740222013127
      ]
    ], 
    "trans_mat": [
      0.12273094556051581, 
      0.034419741414009136, 
      1.2382406362919218
    ]
  }, 
  {
    "img": "/media/hdd/YCBvideo/YCB_Video_Dataset/YCB_Video_Dataset/data/0032/000009-label.png", 
    "mask": "/media/hdd/YCBvideo/YCB_Video_Dataset/Generated_YCB_Video_Dataset/mask/0032/000009-mask-00.png", 
    "depth_minmax": [
      1.068, 
      1.199
    ], 
    "model": "/media/hdd/YCBvideo/YCB_Video_Dataset/YCB_Video_Dataset/models/021_bleach_cleanser/textured.obj", 
    "rot_mat": [
      [
        0.7165625725461185, 
        0.6917771639167767, 
        0.08934370438818869
      ], 
      [
        0.34412056978854555, 
        -0.23918773709097058, 
        -0.9079487406667122
      ], 
      [
        -0.6067279202194973, 
        0.6813472087440136, 
        -0.4094476728928931
      ]
    ], 
    "trans_mat": [
      -0.14092368501407668, 
      0.01998940600006359, 
      1.1372780508842055
    ]
  }, 
  {
    "img": "/media/hdd/YCBvideo/YCB_Video_Dataset/YCB_Video_Dataset/data/0032/000009-label.png", 
    "mask": "/media/hdd/YCBvideo/YCB_Video_Dataset/Generated_YCB_Video_Dataset/mask/0032/000009-mask-01.png", 
    "depth_minmax": [
      1.184, 
      1.253
    ], 
    "model": "/media/hdd/YCBvideo/YCB_Video_Dataset/YCB_Video_Dataset/models/024_bowl/textured.obj", 
    "rot_mat": [
      [
        0.46849886065726687, 
        0.4601167409927129, 
        -0.7541886717718314
      ], 
      [
        -0.5823412776221127, 
        0.802800064556197, 
        0.12802589729011915
      ], 
      [
        0.6643697262132136, 
        0.3792150408538229, 
        0.6440561073300002
      ]
    ], 
    "trans_mat": [
      0.122330339709016, 
      0.03634279651439647, 
      1.2374194263767846
    ]
  }, 
  {
    "img": "/media/hdd/YCBvideo/YCB_Video_Dataset/YCB_Video_Dataset/data/0032/000010-label.png", 
    "mask": "/media/hdd/YCBvideo/YCB_Video_Dataset/Generated_YCB_Video_Dataset/mask/0032/000010-mask-00.png", 
    "depth_minmax": [
      1.067, 
      1.202
    ], 
    "model": "/media/hdd/YCBvideo/YCB_Video_Dataset/YCB_Video_Dataset/models/021_bleach_cleanser/textured.obj", 
    "rot_mat": [
      [
        0.7154076552172914, 
        0.6931961474914279, 
        0.08758524257738473
      ], 
      [
        0.34637244767134595, 
        -0.2429879244107829, 
        -0.9060806345096578
      ], 
      [
        -0.606808977388845, 
        0.6785547370242313, 
        -0.4139402229699701
      ]
    ], 
    "trans_mat": [
      -0.14051864765551883, 
      0.022340215057897964, 
      1.1370126460719485
    ]
  }, 
  {
    "img": "/media/hdd/YCBvideo/YCB_Video_Dataset/YCB_Video_Dataset/data/0032/000010-label.png", 
    "mask": "/media/hdd/YCBvideo/YCB_Video_Dataset/Generated_YCB_Video_Dataset/mask/0032/000010-mask-01.png", 
    "depth_minmax": [
      1.184, 
      1.253
    ], 
    "model": "/media/hdd/YCBvideo/YCB_Video_Dataset/YCB_Video_Dataset/models/024_bowl/textured.obj", 
    "rot_mat": [
      [
        0.4695829635940726, 
        0.46171093839429317, 
        -0.752538585067227
      ], 
      [
        -0.5858676922755343, 
        0.8006098152666548, 
        0.12562394289128895
      ], 
      [
        0.6604920492457647, 
        0.38189792711053866, 
        0.6464546895062054
      ]
    ], 
    "trans_mat": [
      0.12298772334197594, 
      0.03799736025238369, 
      1.2366002907150189
    ]
  }, 
  {
    "img": "/media/hdd/YCBvideo/YCB_Video_Dataset/YCB_Video_Dataset/data/0032/000011-label.png", 
    "mask": "/media/hdd/YCBvideo/YCB_Video_Dataset/Generated_YCB_Video_Dataset/mask/0032/000011-mask-00.png", 
    "depth_minmax": [
      1.064, 
      1.206
    ], 
    "model": "/media/hdd/YCBvideo/YCB_Video_Dataset/YCB_Video_Dataset/models/021_bleach_cleanser/textured.obj", 
    "rot_mat": [
      [
        0.7168179061668808, 
        0.692330468472652, 
        0.08277446550166787
      ], 
      [
        0.3467815831396727, 
        -0.25099743755779486, 
        -0.9037382337791366
      ], 
      [
        -0.6049087463456713, 
        0.6765201743844326, 
        -0.4200071891726518
      ]
    ], 
    "trans_mat": [
      -0.13997425095107013, 
      0.024336608821610897, 
      1.1361613078505253
    ]
  }, 
  {
    "img": "/media/hdd/YCBvideo/YCB_Video_Dataset/YCB_Video_Dataset/data/0032/000011-label.png", 
    "mask": "/media/hdd/YCBvideo/YCB_Video_Dataset/Generated_YCB_Video_Dataset/mask/0032/000011-mask-01.png", 
    "depth_minmax": [
      1.181, 
      1.25
    ], 
    "model": "/media/hdd/YCBvideo/YCB_Video_Dataset/YCB_Video_Dataset/models/024_bowl/textured.obj", 
    "rot_mat": [
      [
        0.46697597564502946, 
        0.4659638167992941, 
        -0.7515393837741826
      ], 
      [
        -0.592615010884168, 
        0.7957079127212251, 
        0.12512245406964792
      ], 
      [
        0.6563080388985059, 
        0.3869444068866209, 
        0.6477138436543272
      ]
    ], 
    "trans_mat": [
      0.12366260224090697, 
      0.03799884046888071, 
      1.2356974128342066
    ]
  }, 
  {
    "img": "/media/hdd/YCBvideo/YCB_Video_Dataset/YCB_Video_Dataset/data/0032/000012-label.png", 
    "mask": "/media/hdd/YCBvideo/YCB_Video_Dataset/Generated_YCB_Video_Dataset/mask/0032/000012-mask-00.png", 
    "depth_minmax": [
      1.065, 
      1.201
    ], 
    "model": "/media/hdd/YCBvideo/YCB_Video_Dataset/YCB_Video_Dataset/models/021_bleach_cleanser/textured.obj", 
    "rot_mat": [
      [
        0.7133833129613026, 
        0.6953936540554276, 
        0.08667657999856805
      ], 
      [
        0.3528315232324837, 
        -0.24955564379142822, 
        -0.9017937989336889
      ], 
      [
        -0.605470605929312, 
        0.6739064616758208, 
        -0.4233852724525628
      ]
    ], 
    "trans_mat": [
      -0.1393411189454581, 
      0.02392562359339248, 
      1.1354222942389136
    ]
  }, 
  {
    "img": "/media/hdd/YCBvideo/YCB_Video_Dataset/YCB_Video_Dataset/data/0032/000012-label.png", 
    "mask": "/media/hdd/YCBvideo/YCB_Video_Dataset/Generated_YCB_Video_Dataset/mask/0032/000012-mask-01.png", 
    "depth_minmax": [
      1.18, 
      1.247
    ], 
    "model": "/media/hdd/YCBvideo/YCB_Video_Dataset/YCB_Video_Dataset/models/024_bowl/textured.obj", 
    "rot_mat": [
      [
        0.4718667703331787, 
        0.4625613650002575, 
        -0.7505857258363327
      ], 
      [
        -0.5923337496742274, 
        0.7968972939995542, 
        0.11872185839806873
      ], 
      [
        0.6530556076051679, 
        0.3885757652622942, 
        0.6500201336274735
      ]
    ], 
    "trans_mat": [
      0.12446590288278045, 
      0.03868800499557194, 
      1.2343484985385433
    ]
  }, 
  {
    "img": "/media/hdd/YCBvideo/YCB_Video_Dataset/YCB_Video_Dataset/data/0032/000013-label.png", 
    "mask": "/media/hdd/YCBvideo/YCB_Video_Dataset/Generated_YCB_Video_Dataset/mask/0032/000013-mask-00.png", 
    "depth_minmax": [
      1.067, 
      1.201
    ], 
    "model": "/media/hdd/YCBvideo/YCB_Video_Dataset/YCB_Video_Dataset/models/021_bleach_cleanser/textured.obj", 
    "rot_mat": [
      [
        0.7174643221806671, 
        0.6920490927680055, 
        0.0794518956686129
      ], 
      [
        0.33762326988636254, 
        -0.2457036199331496, 
        -0.9086479413790799
      ], 
      [
        -0.6093066846299394, 
        0.6787470105698792, 
        -0.4099361276019622
      ]
    ], 
    "trans_mat": [
      -0.13800675034006576, 
      0.02297027351855523, 
      1.1340612293962071
    ]
  }, 
  {
    "img": "/media/hdd/YCBvideo/YCB_Video_Dataset/YCB_Video_Dataset/data/0032/000013-label.png", 
    "mask": "/media/hdd/YCBvideo/YCB_Video_Dataset/Generated_YCB_Video_Dataset/mask/0032/000013-mask-01.png", 
    "depth_minmax": [
      1.18, 
      1.247
    ], 
    "model": "/media/hdd/YCBvideo/YCB_Video_Dataset/YCB_Video_Dataset/models/024_bowl/textured.obj", 
    "rot_mat": [
      [
        0.46555311003406485, 
        0.46889968928092507, 
        -0.7505946123932633
      ], 
      [
        -0.5867790857011586, 
        0.7984409445421353, 
        0.13484237632185736
      ], 
      [
        0.6625325105591449, 
        0.37765734606679074, 
        0.6468575105899519
      ]
    ], 
    "trans_mat": [
      0.12575448444953474, 
      0.03687310869273311, 
      1.233233340244274
    ]
  }, 
  {
    "img": "/media/hdd/YCBvideo/YCB_Video_Dataset/YCB_Video_Dataset/data/0032/000014-label.png", 
    "mask": "/media/hdd/YCBvideo/YCB_Video_Dataset/Generated_YCB_Video_Dataset/mask/0032/000014-mask-00.png", 
    "depth_minmax": [
      1.065, 
      1.204
    ], 
    "model": "/media/hdd/YCBvideo/YCB_Video_Dataset/YCB_Video_Dataset/models/021_bleach_cleanser/textured.obj", 
    "rot_mat": [
      [
        0.7167087618753979, 
        0.6931440421607856, 
        0.07667765310143614
      ], 
      [
        0.34019403231723, 
        -0.2515246303556998, 
        -0.906092756980212
      ], 
      [
        -0.6087658486686058, 
        0.6754900601713343, 
        -0.41607336088838953
      ]
    ], 
    "trans_mat": [
      -0.13782540688507852, 
      0.02362388571142028, 
      1.1332733339552474
    ]
  }, 
  {
    "img": "/media/hdd/YCBvideo/YCB_Video_Dataset/YCB_Video_Dataset/data/0032/000014-label.png", 
    "mask": "/media/hdd/YCBvideo/YCB_Video_Dataset/Generated_YCB_Video_Dataset/mask/0032/000014-mask-01.png", 
    "depth_minmax": [
      1.177, 
      1.247
    ], 
    "model": "/media/hdd/YCBvideo/YCB_Video_Dataset/YCB_Video_Dataset/models/024_bowl/textured.obj", 
    "rot_mat": [
      [
        0.465930161592035, 
        0.47137572146292545, 
        -0.7488076330786719
      ], 
      [
        -0.5920369292477917, 
        0.7950139888611876, 
        0.13207959563141722
      ], 
      [
        0.6575717669711486, 
        0.38178189482806696, 
        0.6494928371962444
      ]
    ], 
    "trans_mat": [
      0.1261944793709982, 
      0.03635283864460287, 
      1.2319134519731336
    ]
  }, 
  {
    "img": "/media/hdd/YCBvideo/YCB_Video_Dataset/YCB_Video_Dataset/data/0032/000015-label.png", 
    "mask": "/media/hdd/YCBvideo/YCB_Video_Dataset/Generated_YCB_Video_Dataset/mask/0032/000015-mask-00.png", 
    "depth_minmax": [
      1.065, 
      1.204
    ], 
    "model": "/media/hdd/YCBvideo/YCB_Video_Dataset/YCB_Video_Dataset/models/021_bleach_cleanser/textured.obj", 
    "rot_mat": [
      [
        0.7169090501402051, 
        0.693663838577183, 
        0.06980842904260409
      ], 
      [
        0.3348344300507906, 
        -0.25475802072196313, 
        -0.9071846415097572
      ], 
      [
        -0.6114963788338327, 
        0.6737431563757639, 
        -0.41490095150443496
      ]
    ], 
    "trans_mat": [
      -0.1370166408479874, 
      0.025429481790107844, 
      1.1326242746450896
    ]
  }, 
  {
    "img": "/media/hdd/YCBvideo/YCB_Video_Dataset/YCB_Video_Dataset/data/0032/000015-label.png", 
    "mask": "/media/hdd/YCBvideo/YCB_Video_Dataset/Generated_YCB_Video_Dataset/mask/0032/000015-mask-01.png", 
    "depth_minmax": [
      1.176, 
      1.246
    ], 
    "model": "/media/hdd/YCBvideo/YCB_Video_Dataset/YCB_Video_Dataset/models/024_bowl/textured.obj", 
    "rot_mat": [
      [
        0.464301755229804, 
        0.4774421234021319, 
        -0.7459715159921556
      ], 
      [
        -0.5938896984498239, 
        0.7926761940263417, 
        0.13768979206676102
      ], 
      [
        0.6570527343522744, 
        0.3790951686295992, 
        0.6515890506767875
      ]
    ], 
    "trans_mat": [
      0.12738016613625877, 
      0.03668137873605421, 
      1.2304314490204893
    ]
  }, 
  {
    "img": "/media/hdd/YCBvideo/YCB_Video_Dataset/YCB_Video_Dataset/data/0032/000016-label.png", 
    "mask": "/media/hdd/YCBvideo/YCB_Video_Dataset/Generated_YCB_Video_Dataset/mask/0032/000016-mask-00.png", 
    "depth_minmax": [
      1.064, 
      1.203
    ], 
    "model": "/media/hdd/YCBvideo/YCB_Video_Dataset/YCB_Video_Dataset/models/021_bleach_cleanser/textured.obj", 
    "rot_mat": [
      [
        0.718154075139212, 
        0.6924306783209313, 
        0.069251444211643
      ], 
      [
        0.33213263577739677, 
        -0.25361051857005634, 
        -0.9084986769989956
      ], 
      [
        -0.611508911249671, 
        0.6754426055746562, 
        -0.41210976367612134
      ]
    ], 
    "trans_mat": [
      -0.1362721197020346, 
      0.02567887422927611, 
      1.1314355647696388
    ]
  }, 
  {
    "img": "/media/hdd/YCBvideo/YCB_Video_Dataset/YCB_Video_Dataset/data/0032/000016-label.png", 
    "mask": "/media/hdd/YCBvideo/YCB_Video_Dataset/Generated_YCB_Video_Dataset/mask/0032/000016-mask-01.png", 
    "depth_minmax": [
      1.176, 
      1.243
    ], 
    "model": "/media/hdd/YCBvideo/YCB_Video_Dataset/YCB_Video_Dataset/models/024_bowl/textured.obj", 
    "rot_mat": [
      [
        0.4626724277547165, 
        0.477905336486819, 
        -0.7466868673132903
      ], 
      [
        -0.5925073745718447, 
        0.7932098426846694, 
        0.14054418147331021
      ], 
      [
        0.6594462343069628, 
        0.377391018771526, 
        0.6501586530513536
      ]
    ], 
    "trans_mat": [
      0.12800502369028716, 
      0.036895328069618, 
      1.2295696248388903
    ]
  }, 
  {
    "img": "/media/hdd/YCBvideo/YCB_Video_Dataset/YCB_Video_Dataset/data/0032/000017-label.png", 
    "mask": "/media/hdd/YCBvideo/YCB_Video_Dataset/Generated_YCB_Video_Dataset/mask/0032/000017-mask-00.png", 
    "depth_minmax": [
      1.062, 
      1.208
    ], 
    "model": "/media/hdd/YCBvideo/YCB_Video_Dataset/YCB_Video_Dataset/models/021_bleach_cleanser/textured.obj", 
    "rot_mat": [
      [
        0.7149636180635728, 
        0.6963124278502991, 
        0.06305425843491798
      ], 
      [
        0.33453456614816823, 
        -0.26151036315167325, 
        -0.905372289520215
      ], 
      [
        -0.613932334764107, 
        0.6684029637482936, 
        -0.41991129171695574
      ]
    ], 
    "trans_mat": [
      -0.13411022033790684, 
      0.027739685982577686, 
      1.1312777736811581
    ]
  }, 
  {
    "img": "/media/hdd/YCBvideo/YCB_Video_Dataset/YCB_Video_Dataset/data/0032/000017-label.png", 
    "mask": "/media/hdd/YCBvideo/YCB_Video_Dataset/Generated_YCB_Video_Dataset/mask/0032/000017-mask-01.png", 
    "depth_minmax": [
      1.173, 
      1.243
    ], 
    "model": "/media/hdd/YCBvideo/YCB_Video_Dataset/YCB_Video_Dataset/models/024_bowl/textured.obj", 
    "rot_mat": [
      [
        0.46523236208255964, 
        0.48342384196843724, 
        -0.7415249991374798
      ], 
      [
        -0.5994537848288171, 
        0.7884382321942528, 
        0.13791166485931786
      ], 
      [
        0.6513172085958926, 
        0.3803494244228588, 
        0.6565976022641782
      ]
    ], 
    "trans_mat": [
      0.1308979227378565, 
      0.037228957562491304, 
      1.2276057207400926
    ]
  }, 
  {
    "img": "/media/hdd/YCBvideo/YCB_Video_Dataset/YCB_Video_Dataset/data/0032/000018-label.png", 
    "mask": "/media/hdd/YCBvideo/YCB_Video_Dataset/Generated_YCB_Video_Dataset/mask/0032/000018-mask-00.png", 
    "depth_minmax": [
      1.064, 
      1.205
    ], 
    "model": "/media/hdd/YCBvideo/YCB_Video_Dataset/YCB_Video_Dataset/models/021_bleach_cleanser/textured.obj", 
    "rot_mat": [
      [
        0.7131550605169077, 
        0.6981586210088572, 
        0.06313141928692259
      ], 
      [
        0.3317968234924949, 
        -0.2568427462692528, 
        -0.9077132049096409
      ], 
      [
        -0.6175120996951928, 
        0.6682860638910004, 
        -0.41481538076625085
      ]
    ], 
    "trans_mat": [
      -0.1319946336441621, 
      0.02736562803244895, 
      1.1302251306181772
    ]
  }, 
  {
    "img": "/media/hdd/YCBvideo/YCB_Video_Dataset/YCB_Video_Dataset/data/0032/000018-label.png", 
    "mask": "/media/hdd/YCBvideo/YCB_Video_Dataset/Generated_YCB_Video_Dataset/mask/0032/000018-mask-01.png", 
    "depth_minmax": [
      1.172, 
      1.237
    ], 
    "model": "/media/hdd/YCBvideo/YCB_Video_Dataset/YCB_Video_Dataset/models/024_bowl/textured.obj", 
    "rot_mat": [
      [
        0.46743090091225475, 
        0.48338913434280895, 
        -0.7401646748497288
      ], 
      [
        -0.5951438217028844, 
        0.79117812207016, 
        0.14085767169879826
      ], 
      [
        0.653690184520063, 
        0.37466272486738605, 
        0.6575070513359563
      ]
    ], 
    "trans_mat": [
      0.13322452172343158, 
      0.03771532765508896, 
      1.2258815921334467
    ]
  }, 
  {
    "img": "/media/hdd/YCBvideo/YCB_Video_Dataset/YCB_Video_Dataset/data/0032/000019-label.png", 
    "mask": "/media/hdd/YCBvideo/YCB_Video_Dataset/Generated_YCB_Video_Dataset/mask/0032/000019-mask-00.png", 
    "depth_minmax": [
      1.062, 
      1.204
    ], 
    "model": "/media/hdd/YCBvideo/YCB_Video_Dataset/YCB_Video_Dataset/models/021_bleach_cleanser/textured.obj", 
    "rot_mat": [
      [
        0.7128665532524138, 
        0.6989465143413963, 
        0.057400708493086705
      ], 
      [
        0.33524527857339903, 
        -0.2677408467367794, 
        -0.9032859540740632
      ], 
      [
        -0.6159798885698912, 
        0.6631660677776763, 
        -0.4251825419114747
      ]
    ], 
    "trans_mat": [
      -0.1310352895092181, 
      0.029798406368759075, 
      1.1300164319990396
    ]
  }, 
  {
    "img": "/media/hdd/YCBvideo/YCB_Video_Dataset/YCB_Video_Dataset/data/0032/000019-label.png", 
    "mask": "/media/hdd/YCBvideo/YCB_Video_Dataset/Generated_YCB_Video_Dataset/mask/0032/000019-mask-01.png", 
    "depth_minmax": [
      1.172, 
      1.235
    ], 
    "model": "/media/hdd/YCBvideo/YCB_Video_Dataset/YCB_Video_Dataset/models/024_bowl/textured.obj", 
    "rot_mat": [
      [
        0.4665188982638571, 
        0.48841509560281177, 
        -0.7374346579682775
      ], 
      [
        -0.6047286292353474, 
        0.784549879061071, 
        0.1370552147021575
      ], 
      [
        0.6454944027101528, 
        0.3820093702883219, 
        0.6613665749563865
      ]
    ], 
    "trans_mat": [
      0.13452478794680717, 
      0.03777971659343405, 
      1.2249508971904977
    ]
  }, 
  {
    "img": "/media/hdd/YCBvideo/YCB_Video_Dataset/YCB_Video_Dataset/data/0032/000020-label.png", 
    "mask": "/media/hdd/YCBvideo/YCB_Video_Dataset/Generated_YCB_Video_Dataset/mask/0032/000020-mask-00.png", 
    "depth_minmax": [
      1.061, 
      1.197
    ], 
    "model": "/media/hdd/YCBvideo/YCB_Video_Dataset/YCB_Video_Dataset/models/021_bleach_cleanser/textured.obj", 
    "rot_mat": [
      [
        0.7128303469115159, 
        0.6990201405186268, 
        0.05695827867112645
      ], 
      [
        0.33161064643602584, 
        -0.26436974060642887, 
        -0.9056171902249176
      ], 
      [
        -0.6179859353379711, 
        0.6644395443791568, 
        -0.4202534147860074
      ]
    ], 
    "trans_mat": [
      -0.13072251380447042, 
      0.030243671844192122, 
      1.1287594446615854
    ]
  }, 
  {
    "img": "/media/hdd/YCBvideo/YCB_Video_Dataset/YCB_Video_Dataset/data/0032/000020-label.png", 
    "mask": "/media/hdd/YCBvideo/YCB_Video_Dataset/Generated_YCB_Video_Dataset/mask/0032/000020-mask-01.png", 
    "depth_minmax": [
      1.168, 
      1.229
    ], 
    "model": "/media/hdd/YCBvideo/YCB_Video_Dataset/YCB_Video_Dataset/models/024_bowl/textured.obj", 
    "rot_mat": [
      [
        0.4664639433193022, 
        0.4888028023044077, 
        -0.7372129844697956
      ], 
      [
        -0.6013632794075234, 
        0.7864457740953057, 
        0.1409397420063078
      ], 
      [
        0.6486698311789408, 
        0.3775896281037333, 
        0.6607966869839563
      ]
    ], 
    "trans_mat": [
      0.13486517775528312, 
      0.03864585366101676, 
      1.2235805530001072
    ]
  }, 
  {
    "img": "/media/hdd/YCBvideo/YCB_Video_Dataset/YCB_Video_Dataset/data/0032/000021-label.png", 
    "mask": "/media/hdd/YCBvideo/YCB_Video_Dataset/Generated_YCB_Video_Dataset/mask/0032/000021-mask-00.png", 
    "depth_minmax": [
      1.056, 
      1.2
    ], 
    "model": "/media/hdd/YCBvideo/YCB_Video_Dataset/YCB_Video_Dataset/models/021_bleach_cleanser/textured.obj", 
    "rot_mat": [
      [
        0.7120053301498862, 
        0.7000997753810453, 
        0.05393280226109783
      ], 
      [
        0.32992343565707033, 
        -0.26575233271538795, 
        -0.905829004384687
      ], 
      [
        -0.6198376117144552, 
        0.6627488007094071, 
        -0.420196389163914
      ]
    ], 
    "trans_mat": [
      -0.12924824239765542, 
      0.03118983235219301, 
      1.1279233461866416
    ]
  }, 
  {
    "img": "/media/hdd/YCBvideo/YCB_Video_Dataset/YCB_Video_Dataset/data/0032/000021-label.png", 
    "mask": "/media/hdd/YCBvideo/YCB_Video_Dataset/Generated_YCB_Video_Dataset/mask/0032/000021-mask-01.png", 
    "depth_minmax": [
      1.168, 
      1.232
    ], 
    "model": "/media/hdd/YCBvideo/YCB_Video_Dataset/YCB_Video_Dataset/models/024_bowl/textured.obj", 
    "rot_mat": [
      [
        0.466770554406156, 
        0.4914586416710541, 
        -0.7352502648868083
      ], 
      [
        -0.6022412476419562, 
        0.7854583323476104, 
        0.14268823677090695
      ], 
      [
        0.6476338876136517, 
        0.37619518617691217, 
        0.6626058081961038
      ]
    ], 
    "trans_mat": [
      0.13659317624290332, 
      0.03903289202970643, 
      1.222078744745374
    ]
  }, 
  {
    "img": "/media/hdd/YCBvideo/YCB_Video_Dataset/YCB_Video_Dataset/data/0032/000022-label.png", 
    "mask": "/media/hdd/YCBvideo/YCB_Video_Dataset/Generated_YCB_Video_Dataset/mask/0032/000022-mask-00.png", 
    "depth_minmax": [
      1.057, 
      1.198
    ], 
    "model": "/media/hdd/YCBvideo/YCB_Video_Dataset/YCB_Video_Dataset/models/021_bleach_cleanser/textured.obj", 
    "rot_mat": [
      [
        0.7115159564745108, 
        0.7006718024420974, 
        0.0529555783435262
      ], 
      [
        0.33018650072217887, 
        -0.26686877217435906, 
        -0.9054051632107912
      ], 
      [
        -0.6202583344479874, 
        0.6616951796710383, 
        -0.4212345052221405
      ]
    ], 
    "trans_mat": [
      -0.12910948384059237, 
      0.03151578163349706, 
      1.1264800747821604
    ]
  }, 
  {
    "img": "/media/hdd/YCBvideo/YCB_Video_Dataset/YCB_Video_Dataset/data/0032/000022-label.png", 
    "mask": "/media/hdd/YCBvideo/YCB_Video_Dataset/Generated_YCB_Video_Dataset/mask/0032/000022-mask-01.png", 
    "depth_minmax": [
      1.168, 
      1.235
    ], 
    "model": "/media/hdd/YCBvideo/YCB_Video_Dataset/YCB_Video_Dataset/models/024_bowl/textured.obj", 
    "rot_mat": [
      [
        0.4671338361955999, 
        0.4923185874793107, 
        -0.7344439235717029
      ], 
      [
        -0.603207861416032, 
        0.7847704453757235, 
        0.14239201179939465
      ], 
      [
        0.6464714280070628, 
        0.3765069580810181, 
        0.6635630406617897
      ]
    ], 
    "trans_mat": [
      0.13683916029076007, 
      0.039105132280635474, 
      1.220353220275443
    ]
  }, 
  {
    "img": "/media/hdd/YCBvideo/YCB_Video_Dataset/YCB_Video_Dataset/data/0032/000023-label.png", 
    "mask": "/media/hdd/YCBvideo/YCB_Video_Dataset/Generated_YCB_Video_Dataset/mask/0032/000023-mask-00.png", 
    "depth_minmax": [
      1.054, 
      1.192
    ], 
    "model": "/media/hdd/YCBvideo/YCB_Video_Dataset/YCB_Video_Dataset/models/021_bleach_cleanser/textured.obj", 
    "rot_mat": [
      [
        0.7097325586426746, 
        0.7019965243056571, 
        0.05899592440415641
      ], 
      [
        0.3347046613725541, 
        -0.26233064214597196, 
        -0.9050716997885374
      ], 
      [
        -0.6198801827555372, 
        0.6621053870082076, 
        -0.4211469198545007
      ]
    ], 
    "trans_mat": [
      -0.13263704324096529, 
      0.03129588373370882, 
      1.1250283369838037
    ]
  }, 
  {
    "img": "/media/hdd/YCBvideo/YCB_Video_Dataset/YCB_Video_Dataset/data/0032/000023-label.png", 
    "mask": "/media/hdd/YCBvideo/YCB_Video_Dataset/Generated_YCB_Video_Dataset/mask/0032/000023-mask-01.png", 
    "depth_minmax": [
      1.168, 
      1.235
    ], 
    "model": "/media/hdd/YCBvideo/YCB_Video_Dataset/YCB_Video_Dataset/models/024_bowl/textured.obj", 
    "rot_mat": [
      [
        0.4706283623555818, 
        0.48706542152325877, 
        -0.7357142304158492
      ], 
      [
        -0.600161003990692, 
        0.787933227724994, 
        0.13771942850155852
      ], 
      [
        0.6467720884991889, 
        0.3767330472311922, 
        0.6631418201898333
      ]
    ], 
    "trans_mat": [
      0.13320467137230485, 
      0.04059600252831301, 
      1.2190502251444562
    ]
  }, 
  {
    "img": "/media/hdd/YCBvideo/YCB_Video_Dataset/YCB_Video_Dataset/data/0032/000024-label.png", 
    "mask": "/media/hdd/YCBvideo/YCB_Video_Dataset/Generated_YCB_Video_Dataset/mask/0032/000024-mask-00.png", 
    "depth_minmax": [
      1.055, 
      1.194
    ], 
    "model": "/media/hdd/YCBvideo/YCB_Video_Dataset/YCB_Video_Dataset/models/021_bleach_cleanser/textured.obj", 
    "rot_mat": [
      [
        0.7101940645300366, 
        0.7011982225404486, 
        0.06281192004537024
      ], 
      [
        0.3333027188052361, 
        -0.2563041051520048, 
        -0.9073134082420563
      ], 
      [
        -0.6201070376299336, 
        0.66530361270699, 
        -0.41573708009162424
      ]
    ], 
    "trans_mat": [
      -0.13499807357054777, 
      0.03285322330275426, 
      1.1232525192833216
    ]
  }, 
  {
    "img": "/media/hdd/YCBvideo/YCB_Video_Dataset/YCB_Video_Dataset/data/0032/000024-label.png", 
    "mask": "/media/hdd/YCBvideo/YCB_Video_Dataset/Generated_YCB_Video_Dataset/mask/0032/000024-mask-01.png", 
    "depth_minmax": [
      1.149, 
      1.236
    ], 
    "model": "/media/hdd/YCBvideo/YCB_Video_Dataset/YCB_Video_Dataset/models/024_bowl/textured.obj", 
    "rot_mat": [
      [
        0.47091283142793644, 
        0.4837147052988584, 
        -0.7377400289749314
      ], 
      [
        -0.5949342781741372, 
        0.7916142995285804, 
        0.13928174904192672
      ], 
      [
        0.6513777830809723, 
        0.3733171666710808, 
        0.6605600020503036
      ]
    ], 
    "trans_mat": [
      0.13058515438372417, 
      0.043523783587631044, 
      1.2178573643426003
    ]
  }, 
  {
    "img": "/media/hdd/YCBvideo/YCB_Video_Dataset/YCB_Video_Dataset/data/0032/000025-label.png", 
    "mask": "/media/hdd/YCBvideo/YCB_Video_Dataset/Generated_YCB_Video_Dataset/mask/0032/000025-mask-00.png", 
    "depth_minmax": [
      1.052, 
      1.191
    ], 
    "model": "/media/hdd/YCBvideo/YCB_Video_Dataset/YCB_Video_Dataset/models/021_bleach_cleanser/textured.obj", 
