[
  {
    "img": "/media/hdd/YCBvideo/YCB_Video_Dataset/YCB_Video_Dataset/data/0033/000001-label.png", 
    "mask": "/media/hdd/YCBvideo/YCB_Video_Dataset/Generated_YCB_Video_Dataset/mask/0033/000001-mask-00.png", 
    "depth_minmax": [
      0.859, 
      0.923
    ], 
    "model": "/media/hdd/YCBvideo/YCB_Video_Dataset/YCB_Video_Dataset/models/004_sugar_box/textured.obj", 
    "rot_mat": [
      [
        0.11604369455717317, 
        -0.0784741993363414, 
        -0.990138880958838
      ], 
      [
        -0.4935917303602956, 
        0.8605110730599127, 
        -0.12604858673590424
      ], 
      [
        0.8619175780023177, 
        0.503351254235787, 
        0.06112208955283417
      ]
    ], 
    "trans_mat": [
      0.0006726353890854977, 
      0.037978238969056964, 
      0.906963091209403
    ]
  }, 
  {
    "img": "/media/hdd/YCBvideo/YCB_Video_Dataset/YCB_Video_Dataset/data/0033/000001-label.png", 
    "mask": "/media/hdd/YCBvideo/YCB_Video_Dataset/Generated_YCB_Video_Dataset/mask/0033/000001-mask-02.png", 
    "depth_minmax": [
      0.968, 
      1.14
    ], 
    "model": "/media/hdd/YCBvideo/YCB_Video_Dataset/YCB_Video_Dataset/models/052_extra_large_clamp/textured.obj", 
    "rot_mat": [
      [
        -0.9082134318929145, 
        -0.22765492981776095, 
        0.35117137110142277
      ], 
      [
        -0.4170599391568705, 
        0.42260791815827864, 
        -0.804651124606883
      ], 
      [
        0.03477449062833408, 
        -0.8772544378067144, 
        -0.4787639847138867
      ]
    ], 
    "trans_mat": [
      0.0411600895082137, 
      -0.06305801958974948, 
      1.0417501358579928
    ]
  }, 
  {
    "img": "/media/hdd/YCBvideo/YCB_Video_Dataset/YCB_Video_Dataset/data/0033/000001-label.png", 
    "mask": "/media/hdd/YCBvideo/YCB_Video_Dataset/Generated_YCB_Video_Dataset/mask/0033/000001-mask-01.png", 
    "depth_minmax": [
      0.871, 
      1.004
    ], 
    "model": "/media/hdd/YCBvideo/YCB_Video_Dataset/YCB_Video_Dataset/models/025_mug/textured.obj", 
    "rot_mat": [
      [
        0.0683291884985147, 
        -0.9956433647902356, 
        0.06344923362369095
      ], 
      [
        -0.5656428259009522, 
        -0.09105002497607677, 
        -0.8196090325031242
      ], 
      [
        0.8218142905899055, 
        0.020113549809960888, 
        -0.5694001392656924
      ]
    ], 
    "trans_mat": [
      0.1895019751045627, 
      0.03115001279333214, 
      0.9351961006543009
    ]
  }, 
  {
    "img": "/media/hdd/YCBvideo/YCB_Video_Dataset/YCB_Video_Dataset/data/0033/000002-label.png", 
    "mask": "/media/hdd/YCBvideo/YCB_Video_Dataset/Generated_YCB_Video_Dataset/mask/0033/000002-mask-00.png", 
    "depth_minmax": [
      0.861, 
      0.923
    ], 
    "model": "/media/hdd/YCBvideo/YCB_Video_Dataset/YCB_Video_Dataset/models/004_sugar_box/textured.obj", 
    "rot_mat": [
      [
        0.11564947283132732, 
        -0.07471044271216203, 
        -0.9904765256730368
      ], 
      [
        -0.49539113568557935, 
        0.8599592944565181, 
        -0.12270797669167761
      ], 
      [
        0.8609380268033549, 
        0.5048636671537041, 
        0.062442555561848995
      ]
    ], 
    "trans_mat": [
      0.001080601126030513, 
      0.03756744894169598, 
      0.9062776130124175
    ]
  }, 
  {
    "img": "/media/hdd/YCBvideo/YCB_Video_Dataset/YCB_Video_Dataset/data/0033/000002-label.png", 
    "mask": "/media/hdd/YCBvideo/YCB_Video_Dataset/Generated_YCB_Video_Dataset/mask/0033/000002-mask-02.png", 
    "depth_minmax": [
      0.968, 
      1.128
    ], 
    "model": "/media/hdd/YCBvideo/YCB_Video_Dataset/YCB_Video_Dataset/models/052_extra_large_clamp/textured.obj", 
    "rot_mat": [
      [
        -0.9096035775463378, 
        -0.2275302106628671, 
        0.3476376452261881
      ], 
      [
        -0.41395882231771286, 
        0.4248204318950205, 
        -0.8050868450193037
      ], 
      [
        0.03549786599422306, 
        -0.8762178795985284, 
        -0.48060594427302084
      ]
    ], 
    "trans_mat": [
      0.041423361213221536, 
      -0.06382760976443376, 
      1.0408384767936614
    ]
  }, 
  {
    "img": "/media/hdd/YCBvideo/YCB_Video_Dataset/YCB_Video_Dataset/data/0033/000002-label.png", 
    "mask": "/media/hdd/YCBvideo/YCB_Video_Dataset/Generated_YCB_Video_Dataset/mask/0033/000002-mask-01.png", 
    "depth_minmax": [
      0.871, 
      1.005
    ], 
    "model": "/media/hdd/YCBvideo/YCB_Video_Dataset/YCB_Video_Dataset/models/025_mug/textured.obj", 
    "rot_mat": [
      [
        0.06762332725879963, 
        -0.9959222306138333, 
        0.05972642680952747
      ], 
      [
        -0.5672108065050028, 
        -0.08762394917442874, 
        -0.8188980896123872
      ], 
      [
        0.8207916878643664, 
        0.021499231449162083, 
        -0.570823064365705
      ]
    ], 
    "trans_mat": [
      0.18992823607124082, 
      0.030037573280010537, 
      0.934208746235367
    ]
  }, 
  {
    "img": "/media/hdd/YCBvideo/YCB_Video_Dataset/YCB_Video_Dataset/data/0033/000003-label.png", 
    "mask": "/media/hdd/YCBvideo/YCB_Video_Dataset/Generated_YCB_Video_Dataset/mask/0033/000003-mask-00.png", 
    "depth_minmax": [
      0.859, 
      0.922
    ], 
    "model": "/media/hdd/YCBvideo/YCB_Video_Dataset/YCB_Video_Dataset/models/004_sugar_box/textured.obj", 
    "rot_mat": [
      [
        0.11246019142137659, 
        -0.07380940048668644, 
        -0.9909110409376454
      ], 
      [
        -0.49546708370438397, 
        0.8602548726510081, 
        -0.12030835461049542
      ], 
      [
        0.8613167453405804, 
        0.5044934152558687, 
        0.06017382130520713
      ]
    ], 
    "trans_mat": [
      0.0007759680017550077, 
      0.0381698300873153, 
      0.9055542256972557
    ]
  }, 
  {
    "img": "/media/hdd/YCBvideo/YCB_Video_Dataset/YCB_Video_Dataset/data/0033/000003-label.png", 
    "mask": "/media/hdd/YCBvideo/YCB_Video_Dataset/Generated_YCB_Video_Dataset/mask/0033/000003-mask-02.png", 
    "depth_minmax": [
      0.968, 
      1.105
    ], 
    "model": "/media/hdd/YCBvideo/YCB_Video_Dataset/YCB_Video_Dataset/models/052_extra_large_clamp/textured.obj", 
    "rot_mat": [
      [
        -0.9106774687553812, 
        -0.22447480687186064, 
        0.34681093634287574
      ], 
      [
        -0.41175943914004687, 
        0.42516236390512885, 
        -0.8060340088752058
      ], 
      [
        0.03348300661137753, 
        -0.8768399011123597, 
        -0.4796154385593718
      ]
    ], 
    "trans_mat": [
      0.040562411888457474, 
      -0.06329064700818848, 
      1.0402313656855018
    ]
  }, 
  {
    "img": "/media/hdd/YCBvideo/YCB_Video_Dataset/YCB_Video_Dataset/data/0033/000003-label.png", 
    "mask": "/media/hdd/YCBvideo/YCB_Video_Dataset/Generated_YCB_Video_Dataset/mask/0033/000003-mask-01.png", 
    "depth_minmax": [
      0.871, 
      1.003
    ], 
    "model": "/media/hdd/YCBvideo/YCB_Video_Dataset/YCB_Video_Dataset/models/025_mug/textured.obj", 
    "rot_mat": [
      [
        0.06435443216507748, 
        -0.9961773213757136, 
        0.05907724515208312
      ], 
      [
        -0.5671803165861914, 
        -0.08522087621666083, 
        -0.8191731137142726
      ], 
      [
        0.8210755033725704, 
        0.01920998893838045, 
        -0.5704967331195416
      ]
    ], 
    "trans_mat": [
      0.18953963485943676, 
      0.03019182508007344, 
      0.9339248617490018
    ]
  }, 
  {
    "img": "/media/hdd/YCBvideo/YCB_Video_Dataset/YCB_Video_Dataset/data/0033/000004-label.png", 
    "mask": "/media/hdd/YCBvideo/YCB_Video_Dataset/Generated_YCB_Video_Dataset/mask/0033/000004-mask-00.png", 
    "depth_minmax": [
      0.863, 
      0.919
    ], 
    "model": "/media/hdd/YCBvideo/YCB_Video_Dataset/YCB_Video_Dataset/models/004_sugar_box/textured.obj", 
    "rot_mat": [
      [
        0.11018017833641824, 
        -0.07479531111002487, 
        -0.9910928693099662
      ], 
      [
        -0.49506327872725525, 
        0.8605328194962395, 
        -0.11997822192856746
      ], 
      [
        0.8618434860667988, 
        0.50387280674095, 
        0.05778529562686384
      ]
    ], 
    "trans_mat": [
      -0.0005111249436723538, 
      0.0378515190576198, 
      0.904952200831931
    ]
  }, 
  {
    "img": "/media/hdd/YCBvideo/YCB_Video_Dataset/YCB_Video_Dataset/data/0033/000004-label.png", 
    "mask": "/media/hdd/YCBvideo/YCB_Video_Dataset/Generated_YCB_Video_Dataset/mask/0033/000004-mask-02.png", 
    "depth_minmax": [
      0.967, 
      1.13
    ], 
    "model": "/media/hdd/YCBvideo/YCB_Video_Dataset/YCB_Video_Dataset/models/052_extra_large_clamp/textured.obj", 
    "rot_mat": [
      [
        -0.9108820211470136, 
        -0.22217736162343624, 
        0.3477508507316763
      ], 
      [
        -0.41146691244245304, 
        0.42478457777516937, 
        -0.8063818683011924
      ], 
      [
        0.0314408032149349, 
        -0.8776077978803505, 
        -0.4783476034069022
      ]
    ], 
    "trans_mat": [
      0.03891145650203636, 
      -0.0635525121170567, 
      1.0397787572950439
    ]
  }, 
  {
    "img": "/media/hdd/YCBvideo/YCB_Video_Dataset/YCB_Video_Dataset/data/0033/000004-label.png", 
    "mask": "/media/hdd/YCBvideo/YCB_Video_Dataset/Generated_YCB_Video_Dataset/mask/0033/000004-mask-01.png", 
    "depth_minmax": [
      0.87, 
      1.001
    ], 
    "model": "/media/hdd/YCBvideo/YCB_Video_Dataset/YCB_Video_Dataset/models/025_mug/textured.obj", 
    "rot_mat": [
      [
        0.06215230901509227, 
        -0.996247217356036, 
        0.06023884073689484
      ], 
      [
        -0.5667823614298582, 
        -0.08490998106944458, 
        -0.8194801586107853
      ], 
      [
        0.8215198540693243, 
        0.01679076697183089, 
        -0.5699331829451346
      ]
    ], 
    "trans_mat": [
      0.18817933132136824, 
      0.02983087761537484, 
      0.9337933944487818
    ]
  }, 
  {
    "img": "/media/hdd/YCBvideo/YCB_Video_Dataset/YCB_Video_Dataset/data/0033/000005-label.png", 
    "mask": "/media/hdd/YCBvideo/YCB_Video_Dataset/Generated_YCB_Video_Dataset/mask/0033/000005-mask-00.png", 
    "depth_minmax": [
      0.862, 
      0.92
    ], 
    "model": "/media/hdd/YCBvideo/YCB_Video_Dataset/YCB_Video_Dataset/models/004_sugar_box/textured.obj", 
    "rot_mat": [
      [
        0.10670813417217782, 
        -0.07213926906806085, 
        -0.9916698422812011
      ], 
      [
        -0.49681136481827526, 
        0.8600679560736859, 
        -0.11602414389466856
      ], 
      [
        0.8612740036247531, 
        0.5050529421380024, 
        0.055935563965276554
      ]
    ], 
    "trans_mat": [
      -0.0015789621388088843, 
      0.03748666483430739, 
      0.903982412738631
    ]
  }, 
  {
    "img": "/media/hdd/YCBvideo/YCB_Video_Dataset/YCB_Video_Dataset/data/0033/000005-label.png", 
    "mask": "/media/hdd/YCBvideo/YCB_Video_Dataset/Generated_YCB_Video_Dataset/mask/0033/000005-mask-02.png", 
    "depth_minmax": [
      0.966, 
      1.128
    ], 
    "model": "/media/hdd/YCBvideo/YCB_Video_Dataset/YCB_Video_Dataset/models/052_extra_large_clamp/textured.obj", 
    "rot_mat": [
      [
        -0.9126027356968559, 
        -0.2189639627721236, 
        0.34526977483837856
      ], 
      [
        -0.40779735823071345, 
        0.4270137172516767, 
        -0.8070688527449342
      ], 
      [
        0.029283196921168538, 
        -0.8773334556585108, 
        -0.4789863617662895
      ]
    ], 
    "trans_mat": [
      0.037202653782220575, 
      -0.06428106597382983, 
      1.0387208022594316
    ]
  }, 
  {
    "img": "/media/hdd/YCBvideo/YCB_Video_Dataset/YCB_Video_Dataset/data/0033/000005-label.png", 
    "mask": "/media/hdd/YCBvideo/YCB_Video_Dataset/Generated_YCB_Video_Dataset/mask/0033/000005-mask-01.png", 
    "depth_minmax": [
      0.871, 
      0.997
    ], 
    "model": "/media/hdd/YCBvideo/YCB_Video_Dataset/YCB_Video_Dataset/models/025_mug/textured.obj", 
    "rot_mat": [
      [
        0.05845659322159904, 
        -0.996612110257574, 
        0.05786164150815397
      ], 
      [
        -0.5682730231204722, 
        -0.08087320996188394, 
        -0.8188564189605331
      ], 
      [
        0.8207607298361032, 
        0.014985772430094135, 
        -0.571075228610416
      ]
    ], 
    "trans_mat": [
      0.1870283852415, 
      0.02865324489367678, 
      0.9331287550563799
    ]
  }, 
  {
    "img": "/media/hdd/YCBvideo/YCB_Video_Dataset/YCB_Video_Dataset/data/0033/000006-label.png", 
    "mask": "/media/hdd/YCBvideo/YCB_Video_Dataset/Generated_YCB_Video_Dataset/mask/0033/000006-mask-00.png", 
    "depth_minmax": [
      0.862, 
      0.92
    ], 
    "model": "/media/hdd/YCBvideo/YCB_Video_Dataset/YCB_Video_Dataset/models/004_sugar_box/textured.obj", 
    "rot_mat": [
      [
        0.1047247037413315, 
        -0.07205212138396254, 
        -0.9918873593308583
      ], 
      [
        -0.49668746134675557, 
        0.8602855537921689, 
        -0.11493307573770169
      ], 
      [
        0.8615889313525552, 
        0.5046944126632443, 
        0.054305751671679225
      ]
    ], 
    "trans_mat": [
      -0.0027000592339491702, 
      0.03742014939199122, 
      0.9032364744972297
    ]
  }, 
  {
    "img": "/media/hdd/YCBvideo/YCB_Video_Dataset/YCB_Video_Dataset/data/0033/000006-label.png", 
    "mask": "/media/hdd/YCBvideo/YCB_Video_Dataset/Generated_YCB_Video_Dataset/mask/0033/000006-mask-02.png", 
    "depth_minmax": [
      0.961, 
      1.13
    ], 
    "model": "/media/hdd/YCBvideo/YCB_Video_Dataset/YCB_Video_Dataset/models/052_extra_large_clamp/textured.obj", 
    "rot_mat": [
      [
        -0.9130924911020074, 
        -0.21702913073528135, 
        0.3451958548944934
      ], 
      [
        -0.4067991433047861, 
        0.4270071611666998, 
        -0.8075754641283547
      ], 
      [
        0.02786635237590369, 
        -0.8778172303097864, 
        -0.47818478517263024
      ]
    ], 
    "trans_mat": [
      0.03574511403627809, 
      -0.06435212742108826, 
      1.0380677747432687
    ]
  }, 
  {
    "img": "/media/hdd/YCBvideo/YCB_Video_Dataset/YCB_Video_Dataset/data/0033/000006-label.png", 
    "mask": "/media/hdd/YCBvideo/YCB_Video_Dataset/Generated_YCB_Video_Dataset/mask/0033/000006-mask-01.png", 
    "depth_minmax": [
      0.874, 
      1.0
    ], 
    "model": "/media/hdd/YCBvideo/YCB_Video_Dataset/YCB_Video_Dataset/models/025_mug/textured.obj", 
    "rot_mat": [
      [
        0.056463610535997064, 
        -0.99672280775491, 
        0.057929945683960066
      ], 
      [
        -0.5681079698764633, 
        -0.07978818670396874, 
        -0.8190769050731126
      ], 
      [
        0.8210145463133129, 
        0.013338027634407362, 
        -0.5707519208091211
      ]
    ], 
    "trans_mat": [
      0.18584841698259114, 
      0.028390294249704726, 
      0.9327012734293959
    ]
  }, 
  {
    "img": "/media/hdd/YCBvideo/YCB_Video_Dataset/YCB_Video_Dataset/data/0033/000007-label.png", 
    "mask": "/media/hdd/YCBvideo/YCB_Video_Dataset/Generated_YCB_Video_Dataset/mask/0033/000007-mask-00.png", 
    "depth_minmax": [
      0.858, 
      0.918
    ], 
    "model": "/media/hdd/YCBvideo/YCB_Video_Dataset/YCB_Video_Dataset/models/004_sugar_box/textured.obj", 
    "rot_mat": [
      [
        0.10231912976315859, 
        -0.0698361870065639, 
        -0.992296620143011
      ], 
      [
        -0.49740007532348635, 
        0.8602826602493296, 
        -0.11183389927886571
      ], 
      [
        0.8614671895972761, 
        0.505010461993192, 
        0.05328717019483102
      ]
    ], 
    "trans_mat": [
      -0.004561784625803037, 
      0.03629099290622865, 
      0.902536381361794
    ]
  }, 
  {
    "img": "/media/hdd/YCBvideo/YCB_Video_Dataset/YCB_Video_Dataset/data/0033/000007-label.png", 
    "mask": "/media/hdd/YCBvideo/YCB_Video_Dataset/Generated_YCB_Video_Dataset/mask/0033/000007-mask-02.png", 
    "depth_minmax": [
      0.964, 
      1.105
    ], 
    "model": "/media/hdd/YCBvideo/YCB_Video_Dataset/YCB_Video_Dataset/models/052_extra_large_clamp/textured.obj", 
    "rot_mat": [
      [
        -0.9143952304370321, 
        -0.2148264435430213, 
        0.34311843454569524
      ], 
      [
        -0.40393484308006455, 
        0.42808094733812285, 
        -0.8084446549323504
      ], 
      [
        0.02679342516890605, 
        -0.8778362676824714, 
        -0.47821090371406566
      ]
    ], 
    "trans_mat": [
      0.03343111426474707, 
      -0.06566213228703413, 
      1.0373593243298598
    ]
  }, 
  {
    "img": "/media/hdd/YCBvideo/YCB_Video_Dataset/YCB_Video_Dataset/data/0033/000007-label.png", 
    "mask": "/media/hdd/YCBvideo/YCB_Video_Dataset/Generated_YCB_Video_Dataset/mask/0033/000007-mask-01.png", 
    "depth_minmax": [
      0.873, 
      0.98
    ], 
    "model": "/media/hdd/YCBvideo/YCB_Video_Dataset/YCB_Video_Dataset/models/025_mug/textured.obj", 
    "rot_mat": [
      [
        0.053873082952817584, 
        -0.9969813946560506, 
        0.05590832690952836
      ], 
      [
        -0.5686501549912324, 
        -0.076655634522395, 
        -0.8190002071472976
      ], 
      [
        0.8208136895946302, 
        0.012330556307669327, 
        -0.571063169929213
      ]
    ], 
    "trans_mat": [
      0.18392842815685098, 
      0.026654369231856285, 
      0.93218089802782
    ]
  }, 
  {
    "img": "/media/hdd/YCBvideo/YCB_Video_Dataset/YCB_Video_Dataset/data/0033/000008-label.png", 
    "mask": "/media/hdd/YCBvideo/YCB_Video_Dataset/Generated_YCB_Video_Dataset/mask/0033/000008-mask-00.png", 
    "depth_minmax": [
      0.857, 
      0.918
    ], 
    "model": "/media/hdd/YCBvideo/YCB_Video_Dataset/YCB_Video_Dataset/models/004_sugar_box/textured.obj", 
    "rot_mat": [
      [
        0.10022200537827242, 
        -0.06620840765676761, 
        -0.9927597219664877
      ], 
      [
        -0.4984351870228365, 
        0.8602127230840279, 
        -0.10768631782793496
      ], 
      [
        0.8611150605640513, 
        0.5056182652058779, 
        0.053210946241990735
      ]
    ], 
    "trans_mat": [
      -0.003907563828331878, 
      0.03615665520289919, 
      0.9020708376707478
    ]
  }, 
  {
    "img": "/media/hdd/YCBvideo/YCB_Video_Dataset/YCB_Video_Dataset/data/0033/000008-label.png", 
    "mask": "/media/hdd/YCBvideo/YCB_Video_Dataset/Generated_YCB_Video_Dataset/mask/0033/000008-mask-02.png", 
    "depth_minmax": [
      0.966, 
      1.13
    ], 
    "model": "/media/hdd/YCBvideo/YCB_Video_Dataset/YCB_Video_Dataset/models/052_extra_large_clamp/textured.obj", 
    "rot_mat": [
      [
        -0.9160904508954395, 
        -0.2130206246800945, 
        0.3397069225705485
      ], 
      [
        -0.40009436995808256, 
        0.4296026551610285, 
        -0.8095464519940999
      ], 
      [
        0.026510606553942433, 
        -0.8775327894903414, 
        -0.47878286879963355
      ]
    ], 
    "trans_mat": [
      0.03365530725754144, 
      -0.06605092897256834, 
      1.0368215749571563
    ]
  }, 
  {
    "img": "/media/hdd/YCBvideo/YCB_Video_Dataset/YCB_Video_Dataset/data/0033/000008-label.png", 
    "mask": "/media/hdd/YCBvideo/YCB_Video_Dataset/Generated_YCB_Video_Dataset/mask/0033/000008-mask-01.png", 
    "depth_minmax": [
      0.874, 
      0.984
    ], 
    "model": "/media/hdd/YCBvideo/YCB_Video_Dataset/YCB_Video_Dataset/models/025_mug/textured.obj", 
    "rot_mat": [
      [
        0.05147595570140992, 
        -0.9972961844685638, 
        0.052454651417052425
      ], 
      [
        -0.569451632409154, 
        -0.0724597043435204, 
        -0.8188252837150441
      ], 
      [
        0.8204113747020589, 
        0.012279219969772147, 
        -0.5716417347516392
      ]
    ], 
    "trans_mat": [
      0.18454046439500166, 
      0.025704390194996495, 
      0.9317079966404913
    ]
  }, 
  {
    "img": "/media/hdd/YCBvideo/YCB_Video_Dataset/YCB_Video_Dataset/data/0033/000009-label.png", 
    "mask": "/media/hdd/YCBvideo/YCB_Video_Dataset/Generated_YCB_Video_Dataset/mask/0033/000009-mask-00.png", 
    "depth_minmax": [
      0.857, 
      0.918
    ], 
    "model": "/media/hdd/YCBvideo/YCB_Video_Dataset/YCB_Video_Dataset/models/004_sugar_box/textured.obj", 
    "rot_mat": [
      [
        0.09676645042493182, 
        -0.06374725719306078, 
        -0.9932633592873507
      ], 
      [
        -0.4988086542561609, 
        0.8604710908665353, 
        -0.10381975321440098
      ], 
      [
        0.861293970047078, 
        0.5054943775268017, 
        0.05146671322602463
      ]
    ], 
    "trans_mat": [
      -0.0037912361203012723, 
      0.03560445538407425, 
      0.9015004879715092
    ]
  }, 
  {
    "img": "/media/hdd/YCBvideo/YCB_Video_Dataset/YCB_Video_Dataset/data/0033/000009-label.png", 
    "mask": "/media/hdd/YCBvideo/YCB_Video_Dataset/Generated_YCB_Video_Dataset/mask/0033/000009-mask-02.png", 
    "depth_minmax": [
      0.966, 
      1.132
    ], 
    "model": "/media/hdd/YCBvideo/YCB_Video_Dataset/YCB_Video_Dataset/models/052_extra_large_clamp/textured.obj", 
    "rot_mat": [
      [
        -0.91768641373164, 
        -0.2098031750605831, 
        0.3373933380312389
      ], 
      [
        -0.3965243485658975, 
        0.4304155658558759, 
        -0.8108695859872969
      ], 
      [
        0.02490348899245583, 
        -0.8779094018200235, 
        -0.47817868077897885
      ]
    ], 
    "trans_mat": [
      0.03313642429054383, 
      -0.06674655737303224, 
      1.0363178721322603
    ]
  }, 
  {
    "img": "/media/hdd/YCBvideo/YCB_Video_Dataset/YCB_Video_Dataset/data/0033/000009-label.png", 
    "mask": "/media/hdd/YCBvideo/YCB_Video_Dataset/Generated_YCB_Video_Dataset/mask/0033/000009-mask-01.png", 
    "depth_minmax": [
      0.872, 
      0.995
    ], 
    "model": "/media/hdd/YCBvideo/YCB_Video_Dataset/YCB_Video_Dataset/models/025_mug/textured.obj", 
    "rot_mat": [
      [
        0.04781589299148077, 
        -0.9975906583482292, 
        0.05027085025949007
      ], 
      [
        -0.5696353612337826, 
        -0.06857636500373679, 
        -0.8190314129821064
      ], 
      [
        0.820505220033413, 
        0.010526791269272941, 
        -0.5715422581649866
      ]
    ], 
    "trans_mat": [
      0.18456224311623473, 
      0.024419063798495903, 
      0.9314689305781493
    ]
  }, 
  {
    "img": "/media/hdd/YCBvideo/YCB_Video_Dataset/YCB_Video_Dataset/data/0033/000010-label.png", 
    "mask": "/media/hdd/YCBvideo/YCB_Video_Dataset/Generated_YCB_Video_Dataset/mask/0033/000010-mask-00.png", 
    "depth_minmax": [
      0.856, 
      0.917
    ], 
    "model": "/media/hdd/YCBvideo/YCB_Video_Dataset/YCB_Video_Dataset/models/004_sugar_box/textured.obj", 
    "rot_mat": [
      [
        0.0944956456245562, 
        -0.06134737301686723, 
        -0.9936328989115836
      ], 
      [
        -0.5014152274595504, 
        0.8593215102453484, 
        -0.10073956539275378
      ], 
      [
        0.8600311308757491, 
        0.507741805033396, 
        0.05044139704426893
      ]
    ], 
    "trans_mat": [
      -0.0035254487139995093, 
      0.033124169994703634, 
      0.9007118690703939
    ]
  }, 
  {
    "img": "/media/hdd/YCBvideo/YCB_Video_Dataset/YCB_Video_Dataset/data/0033/000010-label.png", 
    "mask": "/media/hdd/YCBvideo/YCB_Video_Dataset/Generated_YCB_Video_Dataset/mask/0033/000010-mask-02.png", 
    "depth_minmax": [
      0.96, 
      1.144
    ], 
    "model": "/media/hdd/YCBvideo/YCB_Video_Dataset/YCB_Video_Dataset/models/052_extra_large_clamp/textured.obj", 
    "rot_mat": [
      [
        -0.9189833684700667, 
        -0.2077403993792214, 
        0.3351316099845087
      ], 
      [
        -0.39361547580181233, 
        0.4334331197186377, 
        -0.8106794797302933
      ], 
      [
        0.023153610907902425, 
        -0.8769142240240665, 
        -0.480087741743951
      ]
    ], 
    "trans_mat": [
      0.03296809168858376, 
      -0.0697051684399703, 
      1.035283168001234
    ]
  }, 
  {
    "img": "/media/hdd/YCBvideo/YCB_Video_Dataset/YCB_Video_Dataset/data/0033/000010-label.png", 
    "mask": "/media/hdd/YCBvideo/YCB_Video_Dataset/Generated_YCB_Video_Dataset/mask/0033/000010-mask-01.png", 
    "depth_minmax": [
      0.874, 
      1.003
    ], 
    "model": "/media/hdd/YCBvideo/YCB_Video_Dataset/YCB_Video_Dataset/models/025_mug/textured.obj", 
    "rot_mat": [
      [
        0.045347233385061636, 
        -0.9978149377614374, 
        0.048055455168466314
      ], 
      [
        -0.5719739832298287, 
        -0.06537326200263725, 
        -0.8176623652679028
      ], 
      [
        0.8190165803058378, 
        0.009592503584254416, 
        -0.5736888905049713
      ]
    ], 
    "trans_mat": [
      0.18476793760087395, 
      0.02124897191679027, 
      0.9307921322864613
    ]
  }, 
  {
    "img": "/media/hdd/YCBvideo/YCB_Video_Dataset/YCB_Video_Dataset/data/0033/000011-label.png", 
    "mask": "/media/hdd/YCBvideo/YCB_Video_Dataset/Generated_YCB_Video_Dataset/mask/0033/000011-mask-00.png", 
    "depth_minmax": [
      0.855, 
      0.915
    ], 
    "model": "/media/hdd/YCBvideo/YCB_Video_Dataset/YCB_Video_Dataset/models/004_sugar_box/textured.obj", 
    "rot_mat": [
      [
        0.0931771857632732, 
        -0.051058634932140606, 
        -0.9943397760389533
      ], 
      [
        -0.5034887184305947, 
        0.8591640909752397, 
        -0.09129830006259504
      ], 
      [
        0.8589635015106948, 
        0.5091450514200306, 
        0.054346902256589044
      ]
    ], 
    "trans_mat": [
      -0.00017549142226419567, 
      0.02968004156014635, 
      0.899906627247161
    ]
  }, 
  {
    "img": "/media/hdd/YCBvideo/YCB_Video_Dataset/YCB_Video_Dataset/data/0033/000011-label.png", 
    "mask": "/media/hdd/YCBvideo/YCB_Video_Dataset/Generated_YCB_Video_Dataset/mask/0033/000011-mask-02.png", 
    "depth_minmax": [
      0.96, 
      1.14
    ], 
    "model": "/media/hdd/YCBvideo/YCB_Video_Dataset/YCB_Video_Dataset/models/052_extra_large_clamp/textured.obj", 
    "rot_mat": [
      [
        -0.9226087605790183, 
        -0.20713518151288246, 
        0.3254060570591387
      ], 
      [
        -0.3848368881465655, 
        0.4366166643107491, 
        -0.8131821010505546
      ], 
      [
        0.02636099198504066, 
        -0.8754774331122895, 
        -0.482539320983602
      ]
    ], 
    "trans_mat": [
      0.035877261870379255, 
      -0.07368028874140477, 
      1.0341897272682503
    ]
  }, 
  {
    "img": "/media/hdd/YCBvideo/YCB_Video_Dataset/YCB_Video_Dataset/data/0033/000011-label.png", 
    "mask": "/media/hdd/YCBvideo/YCB_Video_Dataset/Generated_YCB_Video_Dataset/mask/0033/000011-mask-01.png", 
    "depth_minmax": [
      0.875, 
      0.997
    ], 
    "model": "/media/hdd/YCBvideo/YCB_Video_Dataset/YCB_Video_Dataset/models/025_mug/textured.obj", 
    "rot_mat": [
      [
        0.04318960113860208, 
        -0.9983486270647578, 
        0.03789887723565023
      ], 
      [
        -0.5735170685289408, 
        -0.055836981341719695, 
        -0.817288256170346
      ], 
      [
        0.8180541308830187, 
        0.013563039418152022, 
        -0.5749813512791754
      ]
    ], 
    "trans_mat": [
      0.1881161109880965, 
      0.015962192864437008, 
      0.9292047195303381
    ]
  }, 
  {
    "img": "/media/hdd/YCBvideo/YCB_Video_Dataset/YCB_Video_Dataset/data/0033/000012-label.png", 
    "mask": "/media/hdd/YCBvideo/YCB_Video_Dataset/Generated_YCB_Video_Dataset/mask/0033/000012-mask-00.png", 
    "depth_minmax": [
      0.855, 
      0.916
    ], 
    "model": "/media/hdd/YCBvideo/YCB_Video_Dataset/YCB_Video_Dataset/models/004_sugar_box/textured.obj", 
    "rot_mat": [
      [
        0.09004162905716949, 
        -0.04387465808445625, 
        -0.9949709919341153
      ], 
      [
        -0.5062106081780166, 
        0.8583425521778568, 
        -0.08366011237588675
      ], 
      [
        0.8576971723180431, 
        0.5111976899795464, 
        0.05507649427864015
      ]
    ], 
    "trans_mat": [
      0.0016960137995912887, 
      0.027270788917967952, 
      0.8990925493520734
    ]
  }, 
  {
    "img": "/media/hdd/YCBvideo/YCB_Video_Dataset/YCB_Video_Dataset/data/0033/000012-label.png", 
    "mask": "/media/hdd/YCBvideo/YCB_Video_Dataset/Generated_YCB_Video_Dataset/mask/0033/000012-mask-02.png", 
    "depth_minmax": [
      0.957, 
      1.094
    ], 
    "model": "/media/hdd/YCBvideo/YCB_Video_Dataset/YCB_Video_Dataset/models/052_extra_large_clamp/textured.obj", 
    "rot_mat": [
      [
        -0.9255603681848408, 
        -0.2045335891015383, 
        0.3185972848717361
      ], 
      [
        -0.37768354377621033, 
        0.4402690329144077, 
        -0.8145660829038528
      ], 
      [
        0.02633737408018242, 
        -0.8742591074297571, 
        -0.48474484547457064
      ]
    ], 
    "trans_mat": [
      0.037065432967562754, 
      -0.0766819861079357, 
      1.033099763511793
    ]
  }, 
  {
    "img": "/media/hdd/YCBvideo/YCB_Video_Dataset/YCB_Video_Dataset/data/0033/000012-label.png", 
    "mask": "/media/hdd/YCBvideo/YCB_Video_Dataset/Generated_YCB_Video_Dataset/mask/0033/000012-mask-01.png", 
    "depth_minmax": [
      0.871, 
      0.995
    ], 
    "model": "/media/hdd/YCBvideo/YCB_Video_Dataset/YCB_Video_Dataset/models/025_mug/textured.obj", 
    "rot_mat": [
      [
        0.039470740903137846, 
        -0.9987407467149854, 
        0.03098107118240338
      ], 
      [
        -0.5757506548534457, 
        -0.04807317746600679, 
        -0.8162112215693456
      ], 
      [
        0.8166718419812544, 
        0.014379340068739786, 
        -0.576923554102224
      ]
    ], 
    "trans_mat": [
      0.18990185030757045, 
      0.012014876619293853, 
      0.9281799800581938
    ]
  }, 
  {
    "img": "/media/hdd/YCBvideo/YCB_Video_Dataset/YCB_Video_Dataset/data/0033/000013-label.png", 
    "mask": "/media/hdd/YCBvideo/YCB_Video_Dataset/Generated_YCB_Video_Dataset/mask/0033/000013-mask-00.png", 
    "depth_minmax": [
      0.856, 
      0.914
    ], 
    "model": "/media/hdd/YCBvideo/YCB_Video_Dataset/YCB_Video_Dataset/models/004_sugar_box/textured.obj", 
    "rot_mat": [
      [
        0.08473916900873137, 
        -0.041865309400775444, 
        -0.9955226494521363
      ], 
      [
        -0.5077220194648561, 
        0.8578641498841195, 
        -0.07929310847015995
      ], 
      [
        0.857344458235298, 
        0.5121672891509667, 
        0.05143840899116527
      ]
    ], 
    "trans_mat": [
      -0.0006551553701650177, 
      0.027323011118326385, 
      0.8987992543496481
    ]
  }, 
  {
    "img": "/media/hdd/YCBvideo/YCB_Video_Dataset/YCB_Video_Dataset/data/0033/000013-label.png", 
    "mask": "/media/hdd/YCBvideo/YCB_Video_Dataset/Generated_YCB_Video_Dataset/mask/0033/000013-mask-02.png", 
    "depth_minmax": [
      0.957, 
      1.122
    ], 
    "model": "/media/hdd/YCBvideo/YCB_Video_Dataset/YCB_Video_Dataset/models/052_extra_large_clamp/textured.obj", 
    "rot_mat": [
      [
        -0.9273210107738261, 
        -0.19946417297639196, 
        0.31668443187590734
      ], 
      [
        -0.373585549051249, 
        0.44231334918246873, 
        -0.8153478578457917
      ], 
      [
        0.0225589040499814, 
        -0.8743989272673198, 
        -0.48468303663479756
      ]
    ], 
    "trans_mat": [
      0.03377468655211523, 
      -0.07696064386508884, 
      1.0327941860269123
    ]
  }, 
  {
    "img": "/media/hdd/YCBvideo/YCB_Video_Dataset/YCB_Video_Dataset/data/0033/000013-label.png", 
    "mask": "/media/hdd/YCBvideo/YCB_Video_Dataset/Generated_YCB_Video_Dataset/mask/0033/000013-mask-01.png", 
    "depth_minmax": [
      0.871, 
      0.996
    ], 
    "model": "/media/hdd/YCBvideo/YCB_Video_Dataset/YCB_Video_Dataset/models/025_mug/textured.obj", 
    "rot_mat": [
      [
        0.034005009296459734, 
        -0.998989280653615, 
        0.029393033692165747
      ], 
      [
        -0.576982407662242, 
        -0.043636825967820814, 
        -0.8155903027568905
      ], 
      [
        0.8160486700561732, 
        0.010774986210040999, 
        -0.577882982213794
      ]
    ], 
    "trans_mat": [
      0.1873762769130568, 
      0.011190015523410446, 
      0.9285336925782529
    ]
  }, 
  {
    "img": "/media/hdd/YCBvideo/YCB_Video_Dataset/YCB_Video_Dataset/data/0033/000014-label.png", 
    "mask": "/media/hdd/YCBvideo/YCB_Video_Dataset/Generated_YCB_Video_Dataset/mask/0033/000014-mask-00.png", 
    "depth_minmax": [
      0.854, 
      0.914
    ], 
    "model": "/media/hdd/YCBvideo/YCB_Video_Dataset/YCB_Video_Dataset/models/004_sugar_box/textured.obj", 
    "rot_mat": [
      [
        0.07889833332150166, 
        -0.03951421266497997, 
        -0.9960989699393836
      ], 
      [
        -0.5062942583054914, 
        0.8591639830764174, 
        -0.07418340535414689
      ], 
      [
        0.8587442859196531, 
        0.5101713455854514, 
        0.04778017850175725
      ]
    ], 
    "trans_mat": [
      -0.003408763214050165, 
      0.030690605547026354, 
      0.8985251760997728
    ]
  }, 
  {
    "img": "/media/hdd/YCBvideo/YCB_Video_Dataset/YCB_Video_Dataset/data/0033/000014-label.png", 
    "mask": "/media/hdd/YCBvideo/YCB_Video_Dataset/Generated_YCB_Video_Dataset/mask/0033/000014-mask-02.png", 
    "depth_minmax": [
      0.96, 
      1.146
    ], 
    "model": "/media/hdd/YCBvideo/YCB_Video_Dataset/YCB_Video_Dataset/models/052_extra_large_clamp/textured.obj", 
    "rot_mat": [
      [
        -0.9292677147857871, 
        -0.19388459740002262, 
        0.31443636804218156
      ], 
      [
        -0.36887599224007006, 
        0.44142580585956814, 
        -0.8179688286298666
      ], 
      [
        0.019790836082650688, 
        -0.8761000763268151, 
        -0.48172164452825417
      ]
    ], 
    "trans_mat": [
      0.02998243603527534, 
      -0.07347588878386081, 
      1.0328735033396732
    ]
  }, 
  {
    "img": "/media/hdd/YCBvideo/YCB_Video_Dataset/YCB_Video_Dataset/data/0033/000014-label.png", 
    "mask": "/media/hdd/YCBvideo/YCB_Video_Dataset/Generated_YCB_Video_Dataset/mask/0033/000014-mask-01.png", 
    "depth_minmax": [
      0.873, 
      0.976
    ], 
    "model": "/media/hdd/YCBvideo/YCB_Video_Dataset/YCB_Video_Dataset/models/025_mug/textured.obj", 
    "rot_mat": [
      [
        0.02797520939359454, 
        -0.9992303819747175, 
        0.027506634494602084
      ], 
      [
        -0.575387804903975, 
        -0.038597788089599135, 
        -0.8169696184744751
      ], 
      [
        0.817401624487635, 
        0.007027797559995019, 
        -0.5760244713484716
      ]
    ], 
    "trans_mat": [
      0.18442388404611823, 
      0.013677892396869144, 
      0.9290165176016987
    ]
  }, 
  {
    "img": "/media/hdd/YCBvideo/YCB_Video_Dataset/YCB_Video_Dataset/data/0033/000015-label.png", 
    "mask": "/media/hdd/YCBvideo/YCB_Video_Dataset/Generated_YCB_Video_Dataset/mask/0033/000015-mask-00.png", 
    "depth_minmax": [
      0.854, 
      0.911
    ], 
    "model": "/media/hdd/YCBvideo/YCB_Video_Dataset/YCB_Video_Dataset/models/004_sugar_box/textured.obj", 
    "rot_mat": [
      [
        0.07595058867981828, 
        -0.03970591638393679, 
        -0.9963204508326624
      ], 
      [
        -0.5021698189753998, 
        0.8617137264306827, 
        -0.0726219175836684
      ], 
      [
        0.8614279573340415, 
        0.5058377359802637, 
        0.04550821481083741
      ]
    ], 
    "trans_mat": [
      -0.00512167785443263, 
      0.03394493631547782, 
      0.8985190075738755
    ]
  }, 
  {
    "img": "/media/hdd/YCBvideo/YCB_Video_Dataset/YCB_Video_Dataset/data/0033/000015-label.png", 
    "mask": "/media/hdd/YCBvideo/YCB_Video_Dataset/Generated_YCB_Video_Dataset/mask/0033/000015-mask-02.png", 
    "depth_minmax": [
      0.96, 
      1.099
    ], 
    "model": "/media/hdd/YCBvideo/YCB_Video_Dataset/YCB_Video_Dataset/models/052_extra_large_clamp/textured.obj", 
    "rot_mat": [
      [
        -0.9298117143443297, 
        -0.19097772749897485, 
        0.31460714092125686
      ], 
      [
        -0.3675371316020774, 
        0.43736990748994675, 
        -0.8207450780544268
      ], 
      [
        0.019144090437031913, 
        -0.878769023139215, 
        -0.47686340425324203
      ]
    ], 
    "trans_mat": [
      0.027774714861983338, 
      -0.06960397565100838, 
      1.0334655127830532
    ]
  }, 
  {
    "img": "/media/hdd/YCBvideo/YCB_Video_Dataset/YCB_Video_Dataset/data/0033/000015-label.png", 
    "mask": "/media/hdd/YCBvideo/YCB_Video_Dataset/Generated_YCB_Video_Dataset/mask/0033/000015-mask-01.png", 
    "depth_minmax": [
      0.874, 
      0.992
    ], 
    "model": "/media/hdd/YCBvideo/YCB_Video_Dataset/YCB_Video_Dataset/models/025_mug/textured.obj", 
    "rot_mat": [
      [
        0.025043949617059344, 
        -0.9992964409674525, 
        0.027928941625689537
      ], 
      [
        -0.5713979691282902, 
        -0.037232998737740844, 
        -0.8198277634992529
      ], 
      [
        0.8202906525335775, 
        0.004573304699997298, 
        -0.5719289768240098
      ]
    ], 
    "trans_mat": [
      0.18260679030361862, 
      0.016832427839040372, 
      0.929590506477695
    ]
  }, 
  {
    "img": "/media/hdd/YCBvideo/YCB_Video_Dataset/YCB_Video_Dataset/data/0033/000016-label.png", 
    "mask": "/media/hdd/YCBvideo/YCB_Video_Dataset/Generated_YCB_Video_Dataset/mask/0033/000016-mask-00.png", 
    "depth_minmax": [
      0.856, 
      0.91
    ], 
    "model": "/media/hdd/YCBvideo/YCB_Video_Dataset/YCB_Video_Dataset/models/004_sugar_box/textured.obj", 
    "rot_mat": [
      [
        0.07366482766315607, 
        -0.0340193203984056, 
        -0.9967026279212767
      ], 
      [
        -0.5018750651833069, 
        0.8623777347302507, 
        -0.06652685004715753
      ], 
      [
        0.8617977763528241, 
        0.5051201924977655, 
        0.04645317893455329
      ]
    ], 
    "trans_mat": [
      -0.0050184780984718486, 
      0.035203910821118775, 
      0.898269071768338
    ]
  }, 
  {
    "img": "/media/hdd/YCBvideo/YCB_Video_Dataset/YCB_Video_Dataset/data/0033/000016-label.png", 
    "mask": "/media/hdd/YCBvideo/YCB_Video_Dataset/Generated_YCB_Video_Dataset/mask/0033/000016-mask-02.png", 
    "depth_minmax": [
      0.957, 
      1.115
    ], 
    "model": "/media/hdd/YCBvideo/YCB_Video_Dataset/YCB_Video_Dataset/models/052_extra_large_clamp/textured.obj", 
    "rot_mat": [
      [
        -0.9320104478596625, 
        -0.18909897196174744, 
        0.3091901333011214
      ], 
      [
        -0.3618636277020322, 
        0.43776028938789296, 
        -0.823055188333283
      ], 
      [
        0.02028759623666669, 
        -0.8789804815655607, 
        -0.47642491505470264
      ]
    ], 
    "trans_mat": [
      0.027368271756012863, 
      -0.06842596642818023, 
      1.03327664231427
    ]
  }, 
  {
    "img": "/media/hdd/YCBvideo/YCB_Video_Dataset/YCB_Video_Dataset/data/0033/000016-label.png", 
    "mask": "/media/hdd/YCBvideo/YCB_Video_Dataset/Generated_YCB_Video_Dataset/mask/0033/000016-mask-01.png", 
    "depth_minmax": [
      0.872, 
      0.997
    ], 
    "model": "/media/hdd/YCBvideo/YCB_Video_Dataset/YCB_Video_Dataset/models/025_mug/textured.obj", 
    "rot_mat": [
      [
        0.02230190310602463, 
        -0.9994999816238537, 
        0.022438229497297634
      ], 
      [
        -0.5708282692305496, 
        -0.031155998257121086, 
        -0.820478293335928
      ], 
      [
        0.8207659885960786, 
        0.005490076655179603, 
        -0.5712374722836466
      ]
    ], 
    "trans_mat": [
      0.1826301778871482, 
      0.01697790760008731, 
      0.9291893383045656
    ]
  }, 
  {
    "img": "/media/hdd/YCBvideo/YCB_Video_Dataset/YCB_Video_Dataset/data/0033/000017-label.png", 
