[
  {
    "img": "/media/hdd/YCBvideo/YCB_Video_Dataset/YCB_Video_Dataset/data/0034/000001-label.png", 
    "mask": "/media/hdd/YCBvideo/YCB_Video_Dataset/Generated_YCB_Video_Dataset/mask/0034/000001-mask-00.png", 
    "depth_minmax": [
      1.102, 
      1.199
    ], 
    "model": "/media/hdd/YCBvideo/YCB_Video_Dataset/YCB_Video_Dataset/models/010_potted_meat_can/textured.obj", 
    "rot_mat": [
      [
        0.3787626078256433, 
        0.920659479392136, 
        0.09447844108503382
      ], 
      [
        0.5705460459547861, 
        -0.15189955631874558, 
        -0.8070958491250857
      ], 
      [
        -0.7287089417041651, 
        0.3596015316282388, 
        -0.5828126578715894
      ]
    ], 
    "trans_mat": [
      0.20655103734798405, 
      0.10458249176298376, 
      1.1551612274516168
    ]
  }, 
  {
    "img": "/media/hdd/YCBvideo/YCB_Video_Dataset/YCB_Video_Dataset/data/0034/000001-label.png", 
    "mask": "/media/hdd/YCBvideo/YCB_Video_Dataset/Generated_YCB_Video_Dataset/mask/0034/000001-mask-01.png", 
    "depth_minmax": [
      0.952, 
      1.113
    ], 
    "model": "/media/hdd/YCBvideo/YCB_Video_Dataset/YCB_Video_Dataset/models/019_pitcher_base/textured.obj", 
    "rot_mat": [
      [
        -0.9969690526632271, 
        0.07049978272912172, 
        0.03290493525383012
      ], 
      [
        0.01368993787442156, 
        0.5753101870530621, 
        -0.8178200610073331
      ], 
      [
        -0.07658663459361152, 
        -0.8148913683978403, 
        -0.5745314685627289
      ]
    ], 
    "trans_mat": [
      0.03510593819079067, 
      0.06786978858564652, 
      1.0391851918447432
    ]
  }, 
  {
    "img": "/media/hdd/YCBvideo/YCB_Video_Dataset/YCB_Video_Dataset/data/0034/000002-label.png", 
    "mask": "/media/hdd/YCBvideo/YCB_Video_Dataset/Generated_YCB_Video_Dataset/mask/0034/000002-mask-00.png", 
    "depth_minmax": [
      1.099, 
      1.197
    ], 
    "model": "/media/hdd/YCBvideo/YCB_Video_Dataset/YCB_Video_Dataset/models/010_potted_meat_can/textured.obj", 
    "rot_mat": [
      [
        0.3848886945475822, 
        0.9184610340770161, 
        0.0910513737396874
      ], 
      [
        0.5697078615451769, 
        -0.1588021954360459, 
        -0.806359140882719
      ], 
      [
        -0.7261497777340934, 
        0.36223075225055407, 
        -0.5843756992484554
      ]
    ], 
    "trans_mat": [
      0.2032072603208084, 
      0.10115723205587755, 
      1.1559565994430596
    ]
  }, 
  {
    "img": "/media/hdd/YCBvideo/YCB_Video_Dataset/YCB_Video_Dataset/data/0034/000002-label.png", 
    "mask": "/media/hdd/YCBvideo/YCB_Video_Dataset/Generated_YCB_Video_Dataset/mask/0034/000002-mask-01.png", 
    "depth_minmax": [
      0.952, 
      1.118
    ], 
    "model": "/media/hdd/YCBvideo/YCB_Video_Dataset/YCB_Video_Dataset/models/019_pitcher_base/textured.obj", 
    "rot_mat": [
      [
        -0.996601902768423, 
        0.07694648665035818, 
        0.029381857300055925
      ], 
      [
        0.020448643740846893, 
        0.576705583974354, 
        -0.8166955850391278
      ], 
      [
        -0.07978662207038666, 
        -0.8133198785776161, 
        -0.576319121337385
      ]
    ], 
    "trans_mat": [
      0.03190252249331635, 
      0.06584428057331176, 
      1.0393404190532443
    ]
  }, 
  {
    "img": "/media/hdd/YCBvideo/YCB_Video_Dataset/YCB_Video_Dataset/data/0034/000003-label.png", 
    "mask": "/media/hdd/YCBvideo/YCB_Video_Dataset/Generated_YCB_Video_Dataset/mask/0034/000003-mask-00.png", 
    "depth_minmax": [
      1.103, 
      1.2
    ], 
    "model": "/media/hdd/YCBvideo/YCB_Video_Dataset/YCB_Video_Dataset/models/010_potted_meat_can/textured.obj", 
    "rot_mat": [
      [
        0.3922393519939178, 
        0.9158373692583408, 
        0.08597005125861376
      ], 
      [
        0.5663286250266963, 
        -0.16678392779371393, 
        -0.8071280291526053
      ], 
      [
        -0.7248592264614788, 
        0.3652741180862869, 
        -0.5840837225292902
      ]
    ], 
    "trans_mat": [
      0.2007530642030159, 
      0.0985189115177078, 
      1.1565369124782585
    ]
  }, 
  {
    "img": "/media/hdd/YCBvideo/YCB_Video_Dataset/YCB_Video_Dataset/data/0034/000003-label.png", 
    "mask": "/media/hdd/YCBvideo/YCB_Video_Dataset/Generated_YCB_Video_Dataset/mask/0034/000003-mask-01.png", 
    "depth_minmax": [
      0.954, 
      1.121
    ], 
    "model": "/media/hdd/YCBvideo/YCB_Video_Dataset/YCB_Video_Dataset/models/019_pitcher_base/textured.obj", 
    "rot_mat": [
      [
        -0.9961161122650504, 
        0.08466063139100014, 
        0.024186517772076633
      ], 
      [
        0.029118899410002536, 
        0.5760046179533427, 
        -0.8169273679188206
      ], 
      [
        -0.0830930958837246, 
        -0.8130506558381531, 
        -0.5762320096045637
      ]
    ], 
    "trans_mat": [
      0.029535453787605692, 
      0.06469651566820038, 
      1.0393522964860467
    ]
  }, 
  {
    "img": "/media/hdd/YCBvideo/YCB_Video_Dataset/YCB_Video_Dataset/data/0034/000004-label.png", 
    "mask": "/media/hdd/YCBvideo/YCB_Video_Dataset/Generated_YCB_Video_Dataset/mask/0034/000004-mask-00.png", 
    "depth_minmax": [
      1.099, 
      1.202
    ], 
    "model": "/media/hdd/YCBvideo/YCB_Video_Dataset/YCB_Video_Dataset/models/010_potted_meat_can/textured.obj", 
    "rot_mat": [
      [
        0.3942600129120966, 
        0.9150413496052571, 
        0.08519865437415844
      ], 
      [
        0.5674632247582854, 
        -0.16947606257405393, 
        -0.8057691069956356
      ], 
      [
        -0.7228728500528105, 
        0.36602931985866977, 
        -0.5860696737966865
      ]
    ], 
    "trans_mat": [
      0.1984877091801011, 
      0.09667847900946225, 
      1.1571227759161602
    ]
  }, 
  {
    "img": "/media/hdd/YCBvideo/YCB_Video_Dataset/YCB_Video_Dataset/data/0034/000004-label.png", 
    "mask": "/media/hdd/YCBvideo/YCB_Video_Dataset/Generated_YCB_Video_Dataset/mask/0034/000004-mask-01.png", 
    "depth_minmax": [
      0.952, 
      1.117
    ], 
    "model": "/media/hdd/YCBvideo/YCB_Video_Dataset/YCB_Video_Dataset/models/019_pitcher_base/textured.obj", 
    "rot_mat": [
      [
        -0.9959496162108331, 
        0.08681560415809632, 
        0.023386429576711255
      ], 
      [
        0.031231050400186727, 
        0.5779539583144154, 
        -0.8154711877972471
      ], 
      [
        -0.084311990020159, 
        -0.8114386138135296, 
        -0.5783238105924284
      ]
    ], 
    "trans_mat": [
      0.02735923194580927, 
      0.0634868308759567, 
      1.0396280389659416
    ]
  }, 
  {
    "img": "/media/hdd/YCBvideo/YCB_Video_Dataset/YCB_Video_Dataset/data/0034/000005-label.png", 
    "mask": "/media/hdd/YCBvideo/YCB_Video_Dataset/Generated_YCB_Video_Dataset/mask/0034/000005-mask-00.png", 
    "depth_minmax": [
      1.099, 
      1.206
    ], 
    "model": "/media/hdd/YCBvideo/YCB_Video_Dataset/YCB_Video_Dataset/models/010_potted_meat_can/textured.obj", 
    "rot_mat": [
      [
        0.39926926116911465, 
        0.9128132180183423, 
        0.08577696344963777
      ], 
      [
        0.5646748096739022, 
        -0.1711220666749286, 
        -0.8073780864467507
      ], 
      [
        -0.7223066548568733, 
        0.3707968809731999, 
        -0.5837669578735084
      ]
    ], 
    "trans_mat": [
      0.1941604276881398, 
      0.09472948687056741, 
      1.1581764503302427
    ]
  }, 
  {
    "img": "/media/hdd/YCBvideo/YCB_Video_Dataset/YCB_Video_Dataset/data/0034/000005-label.png", 
    "mask": "/media/hdd/YCBvideo/YCB_Video_Dataset/Generated_YCB_Video_Dataset/mask/0034/000005-mask-01.png", 
    "depth_minmax": [
      0.951, 
      1.118
    ], 
    "model": "/media/hdd/YCBvideo/YCB_Video_Dataset/YCB_Video_Dataset/models/019_pitcher_base/textured.obj", 
    "rot_mat": [
      [
        -0.9954464075962434, 
        0.09228118885789356, 
        0.023901930038692055
      ], 
      [
        0.0337636775960405, 
        0.5757999941646849, 
        -0.8168923234298301
      ], 
      [
        -0.08914653796252463, 
        -0.8123659474389456, 
        -0.5762940593472967
      ]
    ], 
    "trans_mat": [
      0.023504136163231208, 
      0.06173056927499615, 
      1.0399427468062925
    ]
  }, 
  {
    "img": "/media/hdd/YCBvideo/YCB_Video_Dataset/YCB_Video_Dataset/data/0034/000006-label.png", 
    "mask": "/media/hdd/YCBvideo/YCB_Video_Dataset/Generated_YCB_Video_Dataset/mask/0034/000006-mask-00.png", 
    "depth_minmax": [
      1.107, 
      1.202
    ], 
    "model": "/media/hdd/YCBvideo/YCB_Video_Dataset/YCB_Video_Dataset/models/010_potted_meat_can/textured.obj", 
    "rot_mat": [
      [
        0.4000256868892359, 
        0.9124612956392808, 
        0.08599029085160169
      ], 
      [
        0.5646187984340036, 
        -0.17144616500430732, 
        -0.8073484660597564
      ], 
      [
        -0.7219315549437143, 
        0.3715118629466819, 
        -0.5837755813611728
      ]
    ], 
    "trans_mat": [
      0.19019652663856884, 
      0.09353427759517043, 
      1.1589060930112343
    ]
  }, 
  {
    "img": "/media/hdd/YCBvideo/YCB_Video_Dataset/YCB_Video_Dataset/data/0034/000006-label.png", 
    "mask": "/media/hdd/YCBvideo/YCB_Video_Dataset/Generated_YCB_Video_Dataset/mask/0034/000006-mask-01.png", 
    "depth_minmax": [
      0.952, 
      1.118
    ], 
    "model": "/media/hdd/YCBvideo/YCB_Video_Dataset/YCB_Video_Dataset/models/019_pitcher_base/textured.obj", 
    "rot_mat": [
      [
        -0.9953634068417153, 
        0.09311357705371437, 
        0.024106327704780463
      ], 
      [
        0.034086548987100854, 
        0.5758496235022331, 
        -0.8168438955004793
      ], 
      [
        -0.08994123134680551, 
        -0.8122358067605048, 
        -0.5763532094712273
      ]
    ], 
    "trans_mat": [
      0.019624746091908528, 
      0.060600702399957795, 
      1.0405324910294511
    ]
  }, 
  {
    "img": "/media/hdd/YCBvideo/YCB_Video_Dataset/YCB_Video_Dataset/data/0034/000007-label.png", 
    "mask": "/media/hdd/YCBvideo/YCB_Video_Dataset/Generated_YCB_Video_Dataset/mask/0034/000007-mask-00.png", 
    "depth_minmax": [
      1.1, 
      1.202
    ], 
    "model": "/media/hdd/YCBvideo/YCB_Video_Dataset/YCB_Video_Dataset/models/010_potted_meat_can/textured.obj", 
    "rot_mat": [
      [
        0.4042284556635329, 
        0.9107823076241689, 
        0.08412014156957529
      ], 
      [
        0.5622830365267502, 
        -0.17490658053302846, 
        -0.8082364461098732
      ], 
      [
        -0.7214138313407512, 
        0.3740108858147223, 
        -0.5828193074127522
      ]
    ], 
    "trans_mat": [
      0.18879338342473267, 
      0.09329928524108574, 
      1.1593391913196462
    ]
  }, 
  {
    "img": "/media/hdd/YCBvideo/YCB_Video_Dataset/YCB_Video_Dataset/data/0034/000007-label.png", 
    "mask": "/media/hdd/YCBvideo/YCB_Video_Dataset/Generated_YCB_Video_Dataset/mask/0034/000007-mask-01.png", 
    "depth_minmax": [
      0.951, 
      1.118
    ], 
    "model": "/media/hdd/YCBvideo/YCB_Video_Dataset/YCB_Video_Dataset/models/019_pitcher_base/textured.obj", 
    "rot_mat": [
      [
        -0.9949788855175286, 
        0.09759848157686574, 
        0.022178247759429507
      ], 
      [
        0.03815248305089406, 
        0.5747100458631088, 
        -0.8174670263212878
      ], 
      [
        -0.09252954389553115, 
        -0.8125165975051695, 
        -0.5755473552768418
      ]
    ], 
    "trans_mat": [
      0.018389989539213572, 
      0.06096818231847213, 
      1.0405576241868444
    ]
  }, 
  {
    "img": "/media/hdd/YCBvideo/YCB_Video_Dataset/YCB_Video_Dataset/data/0034/000008-label.png", 
    "mask": "/media/hdd/YCBvideo/YCB_Video_Dataset/Generated_YCB_Video_Dataset/mask/0034/000008-mask-00.png", 
    "depth_minmax": [
      1.11, 
      1.202
    ], 
    "model": "/media/hdd/YCBvideo/YCB_Video_Dataset/YCB_Video_Dataset/models/010_potted_meat_can/textured.obj", 
    "rot_mat": [
      [
        0.4074461774502154, 
        0.909238352091832, 
        0.08529027242931413
      ], 
      [
        0.5618490302709385, 
        -0.17595125233421738, 
        -0.8083120629420725
      ], 
      [
        -0.7199409992185613, 
        0.3772627474989622, 
        -0.5825444176039363
      ]
    ], 
    "trans_mat": [
      0.18628069592787477, 
      0.09342783481659299, 
      1.160418169781986
    ]
  }, 
  {
    "img": "/media/hdd/YCBvideo/YCB_Video_Dataset/YCB_Video_Dataset/data/0034/000008-label.png", 
    "mask": "/media/hdd/YCBvideo/YCB_Video_Dataset/Generated_YCB_Video_Dataset/mask/0034/000008-mask-01.png", 
    "depth_minmax": [
      0.952, 
      1.118
    ], 
    "model": "/media/hdd/YCBvideo/YCB_Video_Dataset/YCB_Video_Dataset/models/019_pitcher_base/textured.obj", 
    "rot_mat": [
      [
        -0.9945972658965452, 
        0.10115867717512758, 
        0.023312314793434874
      ], 
      [
        0.03928315535778417, 
        0.5746265868886762, 
        -0.8174726886712318
      ], 
      [
        -0.09608976452998501, 
        -0.81214051311455, 
        -0.5754946215992496
      ]
    ], 
    "trans_mat": [
      0.016267184905217842, 
      0.06129383574387961, 
      1.0410260906552444
    ]
  }, 
  {
    "img": "/media/hdd/YCBvideo/YCB_Video_Dataset/YCB_Video_Dataset/data/0034/000009-label.png", 
    "mask": "/media/hdd/YCBvideo/YCB_Video_Dataset/Generated_YCB_Video_Dataset/mask/0034/000009-mask-00.png", 
    "depth_minmax": [
      1.102, 
      1.208
    ], 
    "model": "/media/hdd/YCBvideo/YCB_Video_Dataset/YCB_Video_Dataset/models/010_potted_meat_can/textured.obj", 
    "rot_mat": [
      [
        0.4094374061859626, 
        0.9083421866906358, 
        0.08529998664868166
      ], 
      [
        0.561204871948956, 
        -0.17703790419154644, 
        -0.8085210115037612
      ], 
      [
        -0.719312650133001, 
        0.3789088641218383, 
        -0.5822523646142904
      ]
    ], 
    "trans_mat": [
      0.1815960909840388, 
      0.09118825895147954, 
      1.1611587519456157
    ]
  }, 
  {
    "img": "/media/hdd/YCBvideo/YCB_Video_Dataset/YCB_Video_Dataset/data/0034/000009-label.png", 
    "mask": "/media/hdd/YCBvideo/YCB_Video_Dataset/Generated_YCB_Video_Dataset/mask/0034/000009-mask-01.png", 
    "depth_minmax": [
      0.954, 
      1.125
    ], 
    "model": "/media/hdd/YCBvideo/YCB_Video_Dataset/YCB_Video_Dataset/models/019_pitcher_base/textured.obj", 
    "rot_mat": [
      [
        -0.9943739811900124, 
        0.10333080481897544, 
        0.023298044446093652
      ], 
      [
        0.040527670320527606, 
        0.5743546880306287, 
        -0.8176017761500664
      ], 
      [
        -0.09786443844624258, 
        -0.8120587014159832, 
        -0.5753111717151704
      ]
    ], 
    "trans_mat": [
      0.01175446836580591, 
      0.059248991421759295, 
      1.0414701765792265
    ]
  }, 
  {
    "img": "/media/hdd/YCBvideo/YCB_Video_Dataset/YCB_Video_Dataset/data/0034/000010-label.png", 
    "mask": "/media/hdd/YCBvideo/YCB_Video_Dataset/Generated_YCB_Video_Dataset/mask/0034/000010-mask-00.png", 
    "depth_minmax": [
      1.111, 
      1.209
    ], 
    "model": "/media/hdd/YCBvideo/YCB_Video_Dataset/YCB_Video_Dataset/models/010_potted_meat_can/textured.obj", 
    "rot_mat": [
      [
        0.4126249107338256, 
        0.9070795902973949, 
        0.08335281988257881
      ], 
      [
        0.5587361954676937, 
        -0.17976754493198785, 
        -0.8096284083419157
      ], 
      [
        -0.719412868028561, 
        0.3806446886584576, 
        -0.5809951413929182
      ]
    ], 
    "trans_mat": [
      0.1810601847140055, 
      0.09234875771623355, 
      1.1615307854026318
    ]
  }, 
  {
    "img": "/media/hdd/YCBvideo/YCB_Video_Dataset/YCB_Video_Dataset/data/0034/000010-label.png", 
    "mask": "/media/hdd/YCBvideo/YCB_Video_Dataset/Generated_YCB_Video_Dataset/mask/0034/000010-mask-01.png", 
    "depth_minmax": [
      0.955, 
      1.12
    ], 
    "model": "/media/hdd/YCBvideo/YCB_Video_Dataset/YCB_Video_Dataset/models/019_pitcher_base/textured.obj", 
    "rot_mat": [
      [
        -0.9940605320332543, 
        0.10671975624565709, 
        0.021307430363267144
      ], 
      [
        0.04395623600420789, 
        0.5728546452803912, 
        -0.8184772320192645
      ], 
      [
        -0.09955383911035913, 
        -0.8126797732796109, 
        -0.5741432968890067
      ]
    ], 
    "trans_mat": [
      0.011301331835783739, 
      0.06085261729531153, 
      1.0416075143941728
    ]
  }, 
  {
    "img": "/media/hdd/YCBvideo/YCB_Video_Dataset/YCB_Video_Dataset/data/0034/000011-label.png", 
    "mask": "/media/hdd/YCBvideo/YCB_Video_Dataset/Generated_YCB_Video_Dataset/mask/0034/000011-mask-00.png", 
    "depth_minmax": [
      1.111, 
      1.205
    ], 
    "model": "/media/hdd/YCBvideo/YCB_Video_Dataset/YCB_Video_Dataset/models/010_potted_meat_can/textured.obj", 
    "rot_mat": [
      [
        0.41298026845023267, 
        0.9065847837482837, 
        0.08690449200455032
      ], 
      [
        0.5587129829097953, 
        -0.1768389638633968, 
        -0.8102889761982256
      ], 
      [
        -0.7192266440474019, 
        0.3831873919177518, 
        -0.5795516372183522
      ]
    ], 
    "trans_mat": [
      0.1807693917308561, 
      0.09378619032924788, 
      1.1621067660193474
    ]
  }, 
  {
    "img": "/media/hdd/YCBvideo/YCB_Video_Dataset/YCB_Video_Dataset/data/0034/000011-label.png", 
    "mask": "/media/hdd/YCBvideo/YCB_Video_Dataset/Generated_YCB_Video_Dataset/mask/0034/000011-mask-01.png", 
    "depth_minmax": [
      0.955, 
      1.121
    ], 
    "model": "/media/hdd/YCBvideo/YCB_Video_Dataset/YCB_Video_Dataset/models/019_pitcher_base/textured.obj", 
    "rot_mat": [
      [
        -0.9939185401970678, 
        0.10727432500063545, 
        0.02486520459131346
      ], 
      [
        0.04122876233118689, 
        0.571897196014136, 
        -0.8192881871439414
      ], 
      [
        -0.10210897853439692, 
        -0.8132804512666003, 
        -0.5728416962331022
      ]
    ], 
    "trans_mat": [
      0.011393804197363903, 
      0.06166849963231386, 
      1.0418069892402813
    ]
  }, 
  {
    "img": "/media/hdd/YCBvideo/YCB_Video_Dataset/YCB_Video_Dataset/data/0034/000012-label.png", 
    "mask": "/media/hdd/YCBvideo/YCB_Video_Dataset/Generated_YCB_Video_Dataset/mask/0034/000012-mask-00.png", 
    "depth_minmax": [
      1.111, 
      1.207
    ], 
    "model": "/media/hdd/YCBvideo/YCB_Video_Dataset/YCB_Video_Dataset/models/010_potted_meat_can/textured.obj", 
    "rot_mat": [
      [
        0.41453941049657866, 
        0.9054321352893088, 
        0.09138334661172515
      ], 
      [
        0.559631890051571, 
        -0.17444975296970783, 
        -0.8101727621493281
      ], 
      [
        -0.7176146890633812, 
        0.38698852366968667, 
        -0.5790248120505469
      ]
    ], 
    "trans_mat": [
      0.17789257070406767, 
      0.09399720122605987, 
      1.1632920968393277
    ]
  }, 
  {
    "img": "/media/hdd/YCBvideo/YCB_Video_Dataset/YCB_Video_Dataset/data/0034/000012-label.png", 
    "mask": "/media/hdd/YCBvideo/YCB_Video_Dataset/Generated_YCB_Video_Dataset/mask/0034/000012-mask-01.png", 
    "depth_minmax": [
      0.952, 
      1.115
    ], 
    "model": "/media/hdd/YCBvideo/YCB_Video_Dataset/YCB_Video_Dataset/models/019_pitcher_base/textured.obj", 
    "rot_mat": [
      [
        -0.9935874237920493, 
        0.10919456273457909, 
        0.029339874881278316
      ], 
      [
        0.03866943875878811, 
        0.5720171823702962, 
        -0.8193292353729331
      ], 
      [
        -0.10624857855108608, 
        -0.8129413299107593, 
        -0.5725710701533524
      ]
    ], 
    "trans_mat": [
      0.009101326048531089, 
      0.06142423008496803, 
      1.042295488056416
    ]
  }, 
  {
    "img": "/media/hdd/YCBvideo/YCB_Video_Dataset/YCB_Video_Dataset/data/0034/000013-label.png", 
    "mask": "/media/hdd/YCBvideo/YCB_Video_Dataset/Generated_YCB_Video_Dataset/mask/0034/000013-mask-00.png", 
    "depth_minmax": [
      1.111, 
      1.21
    ], 
    "model": "/media/hdd/YCBvideo/YCB_Video_Dataset/YCB_Video_Dataset/models/010_potted_meat_can/textured.obj", 
    "rot_mat": [
      [
        0.4136795192695912, 
        0.9058891995332309, 
        0.09074447018863696
      ], 
      [
        0.5600302417446005, 
        -0.17461554470238247, 
        -0.809862077508515
      ], 
      [
        -0.7177994668912019, 
        0.3858422168147579, 
        -0.5795602856592681
      ]
    ], 
    "trans_mat": [
      0.17793840931449054, 
      0.09348951735761567, 
      1.1635923566165416
    ]
  }, 
  {
    "img": "/media/hdd/YCBvideo/YCB_Video_Dataset/YCB_Video_Dataset/data/0034/000013-label.png", 
    "mask": "/media/hdd/YCBvideo/YCB_Video_Dataset/Generated_YCB_Video_Dataset/mask/0034/000013-mask-01.png", 
    "depth_minmax": [
      0.955, 
      1.115
    ], 
    "model": "/media/hdd/YCBvideo/YCB_Video_Dataset/YCB_Video_Dataset/models/019_pitcher_base/textured.obj", 
    "rot_mat": [
      [
        -0.9937117670451641, 
        0.10822349159453079, 
        0.028708968819150294
      ], 
      [
        0.03868261539865741, 
        0.5724527959169523, 
        -0.8190246653137704
      ], 
      [
        -0.1050719943703684, 
        -0.8127641991398298, 
        -0.5730392230278171
      ]
    ], 
    "trans_mat": [
      0.00900792089276304, 
      0.060973332325655466, 
      1.0427749644983024
    ]
  }, 
  {
    "img": "/media/hdd/YCBvideo/YCB_Video_Dataset/YCB_Video_Dataset/data/0034/000014-label.png", 
    "mask": "/media/hdd/YCBvideo/YCB_Video_Dataset/Generated_YCB_Video_Dataset/mask/0034/000014-mask-00.png", 
    "depth_minmax": [
      1.11, 
      1.21
    ], 
    "model": "/media/hdd/YCBvideo/YCB_Video_Dataset/YCB_Video_Dataset/models/010_potted_meat_can/textured.obj", 
    "rot_mat": [
      [
        0.4162292342573156, 
        0.9050766612273118, 
        0.08712617756124985
      ], 
      [
        0.5566808417120644, 
        -0.1778937898278308, 
        -0.8114561253723245
      ], 
      [
        -0.7189301758620097, 
        0.38625222301367185, 
        -0.5778827516766412
      ]
    ], 
    "trans_mat": [
      0.17908501198764198, 
      0.09295573011356838, 
      1.1637011311510612
    ]
  }, 
  {
    "img": "/media/hdd/YCBvideo/YCB_Video_Dataset/YCB_Video_Dataset/data/0034/000014-label.png", 
    "mask": "/media/hdd/YCBvideo/YCB_Video_Dataset/Generated_YCB_Video_Dataset/mask/0034/000014-mask-01.png", 
    "depth_minmax": [
      0.957, 
      1.12
    ], 
    "model": "/media/hdd/YCBvideo/YCB_Video_Dataset/YCB_Video_Dataset/models/019_pitcher_base/textured.obj", 
    "rot_mat": [
      [
        -0.99352320115738, 
        0.11083648868302429, 
        0.02504973749903397
      ], 
      [
        0.042937012625958844, 
        0.5702818527557151, 
        -0.8203259890224198
      ], 
      [
        -0.10520710335935753, 
        -0.8139373856364481, 
        -0.5713462663011208
      ]
    ], 
    "trans_mat": [
      0.010015466158319351, 
      0.06095086150803447, 
      1.0429416814323915
    ]
  }, 
  {
    "img": "/media/hdd/YCBvideo/YCB_Video_Dataset/YCB_Video_Dataset/data/0034/000015-label.png", 
    "mask": "/media/hdd/YCBvideo/YCB_Video_Dataset/Generated_YCB_Video_Dataset/mask/0034/000015-mask-00.png", 
    "depth_minmax": [
      1.111, 
      1.211
    ], 
    "model": "/media/hdd/YCBvideo/YCB_Video_Dataset/YCB_Video_Dataset/models/010_potted_meat_can/textured.obj", 
    "rot_mat": [
      [
        0.4183421793746048, 
        0.9040194853009033, 
        0.08796771240356989
      ], 
      [
        0.557705470091206, 
        -0.1792184764159556, 
        -0.8104606582236574
      ], 
      [
        -0.7169068207516721, 
        0.3881093594776039, 
        -0.579151676009915
      ]
    ], 
    "trans_mat": [
      0.17765708315875908, 
      0.091568526066161, 
      1.1648517769227047
    ]
  }, 
  {
    "img": "/media/hdd/YCBvideo/YCB_Video_Dataset/YCB_Video_Dataset/data/0034/000015-label.png", 
    "mask": "/media/hdd/YCBvideo/YCB_Video_Dataset/Generated_YCB_Video_Dataset/mask/0034/000015-mask-01.png", 
    "depth_minmax": [
      0.956, 
      1.119
    ], 
    "model": "/media/hdd/YCBvideo/YCB_Video_Dataset/YCB_Video_Dataset/models/019_pitcher_base/textured.obj", 
    "rot_mat": [
      [
        -0.9932359920806689, 
        0.11318925443734404, 
        0.02586970162525776
      ], 
      [
        0.043810080118825534, 
        0.5716891266354908, 
        -0.8192998584284974
      ], 
      [
        -0.10752513477473102, 
        -0.8126255668757857, 
        -0.5727811679518592
      ]
    ], 
    "trans_mat": [
      0.008857888563464276, 
      0.05989986174700746, 
      1.0436265093885853
    ]
  }, 
  {
    "img": "/media/hdd/YCBvideo/YCB_Video_Dataset/YCB_Video_Dataset/data/0034/000016-label.png", 
    "mask": "/media/hdd/YCBvideo/YCB_Video_Dataset/Generated_YCB_Video_Dataset/mask/0034/000016-mask-00.png", 
    "depth_minmax": [
      1.109, 
      1.21
    ], 
    "model": "/media/hdd/YCBvideo/YCB_Video_Dataset/YCB_Video_Dataset/models/010_potted_meat_can/textured.obj", 
    "rot_mat": [
      [
        0.4191511742578129, 
        0.9035898500205712, 
        0.08853115325087439
      ], 
      [
        0.5573846012025605, 
        -0.17912494653360467, 
        -0.8107017864354823
      ], 
      [
        -0.71668367945529, 
        0.3891517138225411, 
        -0.5787279112054577
      ]
    ], 
    "trans_mat": [
      0.1777737684166087, 
      0.09173985243876642, 
      1.165789352108663
    ]
  }, 
  {
    "img": "/media/hdd/YCBvideo/YCB_Video_Dataset/YCB_Video_Dataset/data/0034/000016-label.png", 
    "mask": "/media/hdd/YCBvideo/YCB_Video_Dataset/Generated_YCB_Video_Dataset/mask/0034/000016-mask-01.png", 
    "depth_minmax": [
      0.957, 
      1.122
    ], 
    "model": "/media/hdd/YCBvideo/YCB_Video_Dataset/YCB_Video_Dataset/models/019_pitcher_base/textured.obj", 
    "rot_mat": [
      [
        -0.9931170845046733, 
        0.11410208075422687, 
        0.026425699108021273
      ], 
      [
        0.043836826128627174, 
        0.5713510263324093, 
        -0.8195339955655988
      ], 
      [
        -0.10860850085102347, 
        -0.8127354287274534, 
        -0.5724204487372779
      ]
    ], 
    "trans_mat": [
      0.009102454745428847, 
      0.06003394833784765, 
      1.044395927896262
    ]
  }, 
  {
    "img": "/media/hdd/YCBvideo/YCB_Video_Dataset/YCB_Video_Dataset/data/0034/000017-label.png", 
    "mask": "/media/hdd/YCBvideo/YCB_Video_Dataset/Generated_YCB_Video_Dataset/mask/0034/000017-mask-00.png", 
    "depth_minmax": [
      1.111, 
      1.209
    ], 
    "model": "/media/hdd/YCBvideo/YCB_Video_Dataset/YCB_Video_Dataset/models/010_potted_meat_can/textured.obj", 
    "rot_mat": [
      [
        0.4166707521543014, 
        0.9047434650483058, 
        0.08846067847134799
      ], 
      [
        0.5575451594429828, 
        -0.17748077926623787, 
        -0.8109524688460789
      ], 
      [
        -0.7180039485607494, 
        0.3872205514218998, 
        -0.5783869205420696
      ]
    ], 
    "trans_mat": [
      0.1778939973915906, 
      0.09273084417086247, 
      1.166307177335279
    ]
  }, 
  {
    "img": "/media/hdd/YCBvideo/YCB_Video_Dataset/YCB_Video_Dataset/data/0034/000017-label.png", 
    "mask": "/media/hdd/YCBvideo/YCB_Video_Dataset/Generated_YCB_Video_Dataset/mask/0034/000017-mask-01.png", 
    "depth_minmax": [
      0.957, 
      1.123
    ], 
    "model": "/media/hdd/YCBvideo/YCB_Video_Dataset/YCB_Video_Dataset/models/019_pitcher_base/textured.obj", 
    "rot_mat": [
      [
        -0.9934270137700623, 
        0.11138354594552065, 
        0.026383275498984983
      ], 
      [
        0.04224377534064809, 
        0.570980263986685, 
        -0.8198755056048894
      ], 
      [
        -0.10638485706617579, 
        -0.8133728446228112, 
        -0.5719327223053253
      ]
    ], 
    "trans_mat": [
      0.008996604825836592, 
      0.06068548785962685, 
      1.0453177805039693
    ]
  }, 
  {
    "img": "/media/hdd/YCBvideo/YCB_Video_Dataset/YCB_Video_Dataset/data/0034/000018-label.png", 
    "mask": "/media/hdd/YCBvideo/YCB_Video_Dataset/Generated_YCB_Video_Dataset/mask/0034/000018-mask-00.png", 
    "depth_minmax": [
      1.115, 
      1.211
    ], 
    "model": "/media/hdd/YCBvideo/YCB_Video_Dataset/YCB_Video_Dataset/models/010_potted_meat_can/textured.obj", 
    "rot_mat": [
      [
        0.4193056527511491, 
        0.9034660919453416, 
        0.08906366122994411
      ], 
      [
        0.5547536429808413, 
        -0.1773294489039292, 
        -0.8128974976872089
      ], 
      [
        -0.7186317823145227, 
        0.39026049193338574, 
        -0.5755570772015518
      ]
    ], 
    "trans_mat": [
      0.17690573184661343, 
      0.09384996826340708, 
      1.1676058303208396
    ]
  }, 
  {
    "img": "/media/hdd/YCBvideo/YCB_Video_Dataset/YCB_Video_Dataset/data/0034/000018-label.png", 
    "mask": "/media/hdd/YCBvideo/YCB_Video_Dataset/Generated_YCB_Video_Dataset/mask/0034/000018-mask-01.png", 
    "depth_minmax": [
      0.956, 
      1.124
    ], 
    "model": "/media/hdd/YCBvideo/YCB_Video_Dataset/YCB_Video_Dataset/models/019_pitcher_base/textured.obj", 
    "rot_mat": [
      [
        -0.9930806034318896, 
        0.11429688264486723, 
        0.026958113671002235
      ], 
      [
        0.04309478939347458, 
        0.5682504628539227, 
        -0.8217255198494083
      ], 
      [
        -0.10923953424082862, 
        -0.8148788312714067, 
        -0.5692445570349163
      ]
    ], 
    "trans_mat": [
      0.008301358409758222, 
      0.061621487712126145, 
      1.0462569218410478
    ]
  }, 
  {
    "img": "/media/hdd/YCBvideo/YCB_Video_Dataset/YCB_Video_Dataset/data/0034/000019-label.png", 
    "mask": "/media/hdd/YCBvideo/YCB_Video_Dataset/Generated_YCB_Video_Dataset/mask/0034/000019-mask-00.png", 
    "depth_minmax": [
      1.115, 
      1.208
    ], 
    "model": "/media/hdd/YCBvideo/YCB_Video_Dataset/YCB_Video_Dataset/models/010_potted_meat_can/textured.obj", 
    "rot_mat": [
      [
        0.42105275892867783, 
        0.9024931887774729, 
        0.09066964290901515
      ], 
      [
        0.5544317016611061, 
        -0.1769678339345922, 
        -0.8131966237708868
      ], 
      [
        -0.7178584201528199, 
        0.3926677966380792, 
        -0.5748838833995892
      ]
    ], 
    "trans_mat": [
      0.17502324939930192, 
      0.09527104928505675, 
      1.1693013233179004
    ]
  }, 
  {
    "img": "/media/hdd/YCBvideo/YCB_Video_Dataset/YCB_Video_Dataset/data/0034/000019-label.png", 
    "mask": "/media/hdd/YCBvideo/YCB_Video_Dataset/Generated_YCB_Video_Dataset/mask/0034/000019-mask-01.png", 
    "depth_minmax": [
      0.96, 
      1.128
    ], 
    "model": "/media/hdd/YCBvideo/YCB_Video_Dataset/YCB_Video_Dataset/models/019_pitcher_base/textured.obj", 
    "rot_mat": [
      [
        -0.9928047006124592, 
        0.11628915804726717, 
        0.02854959376603594
      ], 
      [
        0.042871379644739825, 
        0.5678257579282971, 
        -0.8220314637010134
      ], 
      [
        -0.11180405746573883, 
        -0.8148930286062592, 
        -0.5687255121007188
      ]
    ], 
    "trans_mat": [
      0.0067353213713089236, 
      0.06294863043209505, 
      1.0475389534556336
    ]
  }, 
  {
    "img": "/media/hdd/YCBvideo/YCB_Video_Dataset/YCB_Video_Dataset/data/0034/000020-label.png", 
    "mask": "/media/hdd/YCBvideo/YCB_Video_Dataset/Generated_YCB_Video_Dataset/mask/0034/000020-mask-00.png", 
    "depth_minmax": [
      1.115, 
      1.214
    ], 
    "model": "/media/hdd/YCBvideo/YCB_Video_Dataset/YCB_Video_Dataset/models/010_potted_meat_can/textured.obj", 
    "rot_mat": [
      [
        0.4240795003234052, 
        0.9008775788699109, 
        0.0926062089225079
      ], 
      [
        0.5523619463684118, 
        -0.17626507768743294, 
        -0.8147560519126908
      ], 
      [
        -0.7176719123474746, 
        0.3966728158075345, 
        -0.5723615266855608
      ]
    ], 
    "trans_mat": [
      0.1746755583667118, 
      0.09726107140573509, 
      1.1708886394509317
    ]
  }, 
  {
    "img": "/media/hdd/YCBvideo/YCB_Video_Dataset/YCB_Video_Dataset/data/0034/000020-label.png", 
    "mask": "/media/hdd/YCBvideo/YCB_Video_Dataset/Generated_YCB_Video_Dataset/mask/0034/000020-mask-01.png", 
    "depth_minmax": [
      0.96, 
      1.125
    ], 
    "model": "/media/hdd/YCBvideo/YCB_Video_Dataset/YCB_Video_Dataset/models/019_pitcher_base/textured.obj", 
    "rot_mat": [
      [
        -0.9923416730527207, 
        0.11970399484864641, 
        0.030459078919927288
      ], 
      [
        0.04294992619317048, 
        0.5656134055043739, 
        -0.8235509672864763
      ], 
      [
        -0.11581019791963719, 
        -0.8159362073136882, 
        -0.566423373269204
      ]
    ], 
    "trans_mat": [
      0.006853774189003868, 
      0.06467882194084482, 
      1.0485535306878864
    ]
  }, 
  {
    "img": "/media/hdd/YCBvideo/YCB_Video_Dataset/YCB_Video_Dataset/data/0034/000021-label.png", 
    "mask": "/media/hdd/YCBvideo/YCB_Video_Dataset/Generated_YCB_Video_Dataset/mask/0034/000021-mask-00.png", 
    "depth_minmax": [
      1.122, 
      1.211
    ], 
    "model": "/media/hdd/YCBvideo/YCB_Video_Dataset/YCB_Video_Dataset/models/010_potted_meat_can/textured.obj", 
    "rot_mat": [
      [
        0.4247088184598328, 
        0.9006379440157353, 
        0.09205398044323698
      ], 
      [
        0.5517727359523469, 
        -0.1768927887579485, 
        -0.8150188517572546
      ], 
      [
        -0.7177538113861089, 
        0.3969381565421426, 
        -0.5720755119700578
      ]
    ], 
    "trans_mat": [
      0.1726242620012801, 
      0.0975747113478074, 
      1.1720960933423425
    ]
  }, 
  {
    "img": "/media/hdd/YCBvideo/YCB_Video_Dataset/YCB_Video_Dataset/data/0034/000021-label.png", 
    "mask": "/media/hdd/YCBvideo/YCB_Video_Dataset/Generated_YCB_Video_Dataset/mask/0034/000021-mask-01.png", 
    "depth_minmax": [
      0.963, 
      1.13
    ], 
    "model": "/media/hdd/YCBvideo/YCB_Video_Dataset/YCB_Video_Dataset/models/019_pitcher_base/textured.obj", 
    "rot_mat": [
      [
        -0.9922787554123599, 
        0.12036714669036867, 
        0.029898103907366306
      ], 
      [
        0.04374561051775658, 
        0.565247904789516, 
        -0.8237596504531395
      ], 
      [
        -0.11605322353480053, 
        -0.8160926940025716, 
        -0.5661488411469572
      ]
    ], 
    "trans_mat": [
      0.004803353306230475, 
      0.06509373365833888, 
      1.0497328027661637
    ]
  }, 
  {
    "img": "/media/hdd/YCBvideo/YCB_Video_Dataset/YCB_Video_Dataset/data/0034/000022-label.png", 
    "mask": "/media/hdd/YCBvideo/YCB_Video_Dataset/Generated_YCB_Video_Dataset/mask/0034/000022-mask-00.png", 
    "depth_minmax": [
      1.122, 
      1.208
    ], 
    "model": "/media/hdd/YCBvideo/YCB_Video_Dataset/YCB_Video_Dataset/models/010_potted_meat_can/textured.obj", 
    "rot_mat": [
      [
        0.42809865041354683, 
        0.8988880970080969, 
        0.09344512898867308
      ], 
      [
        0.5514504217731777, 
        -0.1779035309806423, 
        -0.8150176651132686
      ], 
      [
        -0.715984957798395, 
        0.4004378750275576, 
        -0.5718518312604108
      ]
    ], 
    "trans_mat": [
      0.16991326120648984, 
      0.0961541705154494, 
      1.1737145332919916
    ]
  }, 
  {
    "img": "/media/hdd/YCBvideo/YCB_Video_Dataset/YCB_Video_Dataset/data/0034/000022-label.png", 
    "mask": "/media/hdd/YCBvideo/YCB_Video_Dataset/Generated_YCB_Video_Dataset/mask/0034/000022-mask-01.png", 
    "depth_minmax": [
      0.963, 
      1.127
    ], 
    "model": "/media/hdd/YCBvideo/YCB_Video_Dataset/YCB_Video_Dataset/models/019_pitcher_base/textured.obj", 
    "rot_mat": [
      [
        -0.9917694924198908, 
        0.1241594112100614, 
        0.03125736667088953
      ], 
      [
        0.04480440963179863, 
        0.5652610350850746, 
        -0.8236943913950564
      ], 
      [
        -0.11993813084660253, 
        -0.8155148432647891, 
        -0.5661706247737589
      ]
    ], 
    "trans_mat": [
      0.002539844437232597, 
      0.06386978526631933, 
      1.050688098832859
    ]
  }, 
  {
    "img": "/media/hdd/YCBvideo/YCB_Video_Dataset/YCB_Video_Dataset/data/0034/000023-label.png", 
    "mask": "/media/hdd/YCBvideo/YCB_Video_Dataset/Generated_YCB_Video_Dataset/mask/0034/000023-mask-00.png", 
    "depth_minmax": [
      1.125, 
      1.212
    ], 
    "model": "/media/hdd/YCBvideo/YCB_Video_Dataset/YCB_Video_Dataset/models/010_potted_meat_can/textured.obj", 
    "rot_mat": [
      [
        0.4257847699114395, 
        0.9001071210728626, 
        0.09227664508654188
      ], 
      [
        0.5503840462179121, 
        -0.17669780629607879, 
        -0.8159994664161208
      ], 
      [
        -0.7181817236795983, 
        0.3982275652100053, 
        -0.5706400842966071
      ]
    ], 
    "trans_mat": [
      0.16980507846996823, 
      0.0971573717509764, 
      1.1742951745409933
    ]
  }, 
  {
    "img": "/media/hdd/YCBvideo/YCB_Video_Dataset/YCB_Video_Dataset/data/0034/000023-label.png", 
    "mask": "/media/hdd/YCBvideo/YCB_Video_Dataset/Generated_YCB_Video_Dataset/mask/0034/000023-mask-01.png", 
    "depth_minmax": [
      0.964, 
      1.128
    ], 
    "model": "/media/hdd/YCBvideo/YCB_Video_Dataset/YCB_Video_Dataset/models/019_pitcher_base/textured.obj", 
    "rot_mat": [
      [
        -0.9921271433432226, 
        0.12155929656407656, 
        0.030109802466722853
      ], 
      [
        0.04405633726948065, 
        0.5638519237724021, 
        -0.8246992066542042
      ], 
      [
        -0.1172275566670733, 
        -0.8168807411707718, 
        -0.5647682413702433
      ]
    ], 
    "trans_mat": [
      0.002103700942167736, 
      0.06456102185005037, 
      1.0517986680996263
    ]
  }, 
  {
    "img": "/media/hdd/YCBvideo/YCB_Video_Dataset/YCB_Video_Dataset/data/0034/000024-label.png", 
    "mask": "/media/hdd/YCBvideo/YCB_Video_Dataset/Generated_YCB_Video_Dataset/mask/0034/000024-mask-00.png", 
    "depth_minmax": [
      1.126, 
      1.219
    ], 
    "model": "/media/hdd/YCBvideo/YCB_Video_Dataset/YCB_Video_Dataset/models/010_potted_meat_can/textured.obj", 
    "rot_mat": [
      [
        0.42920216298506825, 
        0.898325311835536, 
        0.09379510004097764
      ], 
      [
        0.5509942295998805, 
        -0.17812982119722573, 
        -0.8152769053494516
      ], 
      [
        -0.7156755206750571, 
        0.4015989019763307, 
        -0.5714257817115371
      ]
    ], 
    "trans_mat": [
      0.1678865803609101, 
      0.0949596601909099, 
      1.175922477492408
    ]
  }, 
  {
    "img": "/media/hdd/YCBvideo/YCB_Video_Dataset/YCB_Video_Dataset/data/0034/000024-label.png", 
    "mask": "/media/hdd/YCBvideo/YCB_Video_Dataset/Generated_YCB_Video_Dataset/mask/0034/000024-mask-01.png", 
    "depth_minmax": [
      0.962, 
      1.128
    ], 
    "model": "/media/hdd/YCBvideo/YCB_Video_Dataset/YCB_Video_Dataset/models/019_pitcher_base/textured.obj", 
    "rot_mat": [
      [
        -0.9916039660172563, 
        0.12538999189868358, 
        0.03159680542167336
      ], 
      [
        0.045177769780393125, 
        0.5648951422004064, 
        -0.8239251473363735
      ], 
      [
        -0.12116117262789435, 
        -0.8155802350519166, 
        -0.565816867310314
      ]
    ], 
    "trans_mat": [
      0.0006491717349429368, 
      0.06269878887632174, 
      1.0527049341845611
    ]
  }, 
  {
