[
  {
    "img": "/media/hdd/YCBvideo/YCB_Video_Dataset/YCB_Video_Dataset/data/0035/000001-label.png", 
    "mask": "/media/hdd/YCBvideo/YCB_Video_Dataset/Generated_YCB_Video_Dataset/mask/0035/000001-mask-00.png", 
    "depth_minmax": [
      0.906, 
      0.966
    ], 
    "model": "/media/hdd/YCBvideo/YCB_Video_Dataset/YCB_Video_Dataset/models/007_tuna_fish_can/textured.obj", 
    "rot_mat": [
      [
        0.5074889349554428, 
        0.8615072421559562, 
        0.016119092800344334
      ], 
      [
        -0.49451352788256686, 
        0.2758822064763663, 
        0.8242234168312985
      ], 
      [
        0.7056278549914625, 
        -0.4262558476280336, 
        0.5660349585319663
      ]
    ], 
    "trans_mat": [
      0.09744930053478137, 
      0.06170964219235866, 
      0.950027776683188
    ]
  }, 
  {
    "img": "/media/hdd/YCBvideo/YCB_Video_Dataset/YCB_Video_Dataset/data/0035/000002-label.png", 
    "mask": "/media/hdd/YCBvideo/YCB_Video_Dataset/Generated_YCB_Video_Dataset/mask/0035/000002-mask-00.png", 
    "depth_minmax": [
      0.906, 
      0.968
    ], 
    "model": "/media/hdd/YCBvideo/YCB_Video_Dataset/YCB_Video_Dataset/models/007_tuna_fish_can/textured.obj", 
    "rot_mat": [
      [
        0.5093372891204571, 
        0.8604253679237184, 
        0.015586401679052238
      ], 
      [
        -0.4927579239672947, 
        0.27674904179230236, 
        0.8249844977376699
      ], 
      [
        0.7055239671320046, 
        -0.4278767268591825, 
        0.5649399209707858
      ]
    ], 
    "trans_mat": [
      0.09630304181832244, 
      0.06395324745538801, 
      0.9503147828201595
    ]
  }, 
  {
    "img": "/media/hdd/YCBvideo/YCB_Video_Dataset/YCB_Video_Dataset/data/0035/000003-label.png", 
    "mask": "/media/hdd/YCBvideo/YCB_Video_Dataset/Generated_YCB_Video_Dataset/mask/0035/000003-mask-00.png", 
    "depth_minmax": [
      0.906, 
      0.963
    ], 
    "model": "/media/hdd/YCBvideo/YCB_Video_Dataset/YCB_Video_Dataset/models/007_tuna_fish_can/textured.obj", 
    "rot_mat": [
      [
        0.5058279203523319, 
        0.8624342175398834, 
        0.018560603137058575
      ], 
      [
        -0.49275455115481887, 
        0.2712123456407382, 
        0.8268230970443615
      ], 
      [
        0.7080471343922806, 
        -0.4273762926360947, 
        0.5621550767003791
      ]
    ], 
    "trans_mat": [
      0.09555791161315405, 
      0.06550674057022275, 
      0.9504679457392353
    ]
  }, 
  {
    "img": "/media/hdd/YCBvideo/YCB_Video_Dataset/YCB_Video_Dataset/data/0035/000004-label.png", 
    "mask": "/media/hdd/YCBvideo/YCB_Video_Dataset/Generated_YCB_Video_Dataset/mask/0035/000004-mask-00.png", 
    "depth_minmax": [
      0.908, 
      0.963
    ], 
    "model": "/media/hdd/YCBvideo/YCB_Video_Dataset/YCB_Video_Dataset/models/007_tuna_fish_can/textured.obj", 
    "rot_mat": [
      [
        0.5061697734006859, 
        0.8622348266170431, 
        0.01849703777103165
      ], 
      [
        -0.4914906306184133, 
        0.2707702321150403, 
        0.8277197996597819
      ], 
      [
        0.7086810709141306, 
        -0.42805810011298606, 
        0.5608358551211217
      ]
    ], 
    "trans_mat": [
      0.09536144921626907, 
      0.06711878395878057, 
      0.9506936688747915
    ]
  }, 
  {
    "img": "/media/hdd/YCBvideo/YCB_Video_Dataset/YCB_Video_Dataset/data/0035/000005-label.png", 
    "mask": "/media/hdd/YCBvideo/YCB_Video_Dataset/Generated_YCB_Video_Dataset/mask/0035/000005-mask-00.png", 
    "depth_minmax": [
      0.905, 
      0.96
    ], 
    "model": "/media/hdd/YCBvideo/YCB_Video_Dataset/YCB_Video_Dataset/models/007_tuna_fish_can/textured.obj", 
    "rot_mat": [
      [
        0.5041421357100183, 
        0.8634239062841289, 
        0.018450430644295055
      ], 
      [
        -0.4916509793290338, 
        0.26937385246597834, 
        0.8280798302576732
      ], 
      [
        0.7100133664046289, 
        -0.4265411476333335, 
        0.5603065367710407
      ]
    ], 
    "trans_mat": [
      0.09655535264888368, 
      0.06835449658424299, 
      0.9513013990104611
    ]
  }, 
  {
    "img": "/media/hdd/YCBvideo/YCB_Video_Dataset/YCB_Video_Dataset/data/0035/000006-label.png", 
    "mask": "/media/hdd/YCBvideo/YCB_Video_Dataset/Generated_YCB_Video_Dataset/mask/0035/000006-mask-00.png", 
    "depth_minmax": [
      0.906, 
      0.967
    ], 
    "model": "/media/hdd/YCBvideo/YCB_Video_Dataset/YCB_Video_Dataset/models/007_tuna_fish_can/textured.obj", 
    "rot_mat": [
      [
        0.5032853423371201, 
        0.8638792889838496, 
        0.02039469433737553
      ], 
      [
        -0.4928563579308067, 
        0.26758585675878016, 
        0.8279432527747076
      ], 
      [
        0.7097857579265855, 
        -0.42674352184709813, 
        0.5604405965010246
      ]
    ], 
    "trans_mat": [
      0.09640380647103566, 
      0.06968564266567558, 
      0.9517722750882135
    ]
  }, 
  {
    "img": "/media/hdd/YCBvideo/YCB_Video_Dataset/YCB_Video_Dataset/data/0035/000007-label.png", 
    "mask": "/media/hdd/YCBvideo/YCB_Video_Dataset/Generated_YCB_Video_Dataset/mask/0035/000007-mask-00.png", 
    "depth_minmax": [
      0.907, 
      0.966
    ], 
    "model": "/media/hdd/YCBvideo/YCB_Video_Dataset/YCB_Video_Dataset/models/007_tuna_fish_can/textured.obj", 
    "rot_mat": [
      [
        0.5005977935855757, 
        0.8654123573819685, 
        0.02151761920645265
      ], 
      [
        -0.49234131812638204, 
        0.264174430321067, 
        0.8293442664223016
      ], 
      [
        0.7120399188732444, 
        -0.4257620375051075, 
        0.5583239026430934
      ]
    ], 
    "trans_mat": [
      0.09521139251095212, 
      0.07001777613039614, 
      0.9523393235738621
    ]
  }, 
  {
    "img": "/media/hdd/YCBvideo/YCB_Video_Dataset/YCB_Video_Dataset/data/0035/000008-label.png", 
    "mask": "/media/hdd/YCBvideo/YCB_Video_Dataset/Generated_YCB_Video_Dataset/mask/0035/000008-mask-00.png", 
    "depth_minmax": [
      0.908, 
      0.962
    ], 
    "model": "/media/hdd/YCBvideo/YCB_Video_Dataset/YCB_Video_Dataset/models/007_tuna_fish_can/textured.obj", 
    "rot_mat": [
      [
        0.4994845267302882, 
        0.8660216170836839, 
        0.02281984559745581
      ], 
      [
        -0.4924108682254805, 
        0.2621327165746005, 
        0.8299504315008659
      ], 
      [
        0.7127725474319735, 
        -0.42578461909715903, 
        0.5573699345447558
      ]
    ], 
    "trans_mat": [
      0.09526618027401138, 
      0.07039927864872209, 
      0.9527698747637176
    ]
  }, 
  {
    "img": "/media/hdd/YCBvideo/YCB_Video_Dataset/YCB_Video_Dataset/data/0035/000009-label.png", 
    "mask": "/media/hdd/YCBvideo/YCB_Video_Dataset/Generated_YCB_Video_Dataset/mask/0035/000009-mask-00.png", 
    "depth_minmax": [
      0.908, 
      0.965
    ], 
    "model": "/media/hdd/YCBvideo/YCB_Video_Dataset/YCB_Video_Dataset/models/007_tuna_fish_can/textured.obj", 
    "rot_mat": [
      [
        0.4996942313479853, 
        0.8658861615601232, 
        0.023388978204338638
      ], 
      [
        -0.49264628957551704, 
        0.26188476167660635, 
        0.8298888647309235
      ], 
      [
        0.7124637153620611, 
        -0.426213051097203, 
        0.557437914632742
      ]
    ], 
    "trans_mat": [
      0.09581149991538565, 
      0.06980475029670374, 
      0.9531114194500464
    ]
  }, 
  {
    "img": "/media/hdd/YCBvideo/YCB_Video_Dataset/YCB_Video_Dataset/data/0035/000010-label.png", 
    "mask": "/media/hdd/YCBvideo/YCB_Video_Dataset/Generated_YCB_Video_Dataset/mask/0035/000010-mask-00.png", 
    "depth_minmax": [
      0.908, 
      0.967
    ], 
    "model": "/media/hdd/YCBvideo/YCB_Video_Dataset/YCB_Video_Dataset/models/007_tuna_fish_can/textured.obj", 
    "rot_mat": [
      [
        0.4985677682000045, 
        0.8664909424014021, 
        0.02497582055510401
      ], 
      [
        -0.4922578843167231, 
        0.25928823513549076, 
        0.830934543091942
      ], 
      [
        0.7135207730171675, 
        -0.42657180515875787, 
        0.5558091192398292
      ]
    ], 
    "trans_mat": [
      0.09528945221278698, 
      0.06757575680649537, 
      0.9532806570511038
    ]
  }, 
  {
    "img": "/media/hdd/YCBvideo/YCB_Video_Dataset/YCB_Video_Dataset/data/0035/000011-label.png", 
    "mask": "/media/hdd/YCBvideo/YCB_Video_Dataset/Generated_YCB_Video_Dataset/mask/0035/000011-mask-00.png", 
    "depth_minmax": [
      0.908, 
      0.963
    ], 
    "model": "/media/hdd/YCBvideo/YCB_Video_Dataset/YCB_Video_Dataset/models/007_tuna_fish_can/textured.obj", 
    "rot_mat": [
      [
        0.49739379126278693, 
        0.8670407547747939, 
        0.02895485549973731
      ], 
      [
        -0.49796640336361125, 
        0.2580186144087555, 
        0.8279226803947165
      ], 
      [
        0.7103721140031926, 
        -0.42622203262734953, 
        0.5600940518267165
      ]
    ], 
    "trans_mat": [
      0.09594081370178667, 
      0.06454513014179783, 
      0.953939229169903
    ]
  }, 
  {
    "img": "/media/hdd/YCBvideo/YCB_Video_Dataset/YCB_Video_Dataset/data/0035/000012-label.png", 
    "mask": "/media/hdd/YCBvideo/YCB_Video_Dataset/Generated_YCB_Video_Dataset/mask/0035/000012-mask-00.png", 
    "depth_minmax": [
      0.907, 
      0.966
    ], 
    "model": "/media/hdd/YCBvideo/YCB_Video_Dataset/YCB_Video_Dataset/models/007_tuna_fish_can/textured.obj", 
    "rot_mat": [
      [
        0.4936877754671435, 
        0.8690623393077318, 
        0.03165210792049799
      ], 
      [
        -0.5004598711641924, 
        0.2541539338851959, 
        0.8276141010458656
      ], 
      [
        0.7112036619411694, 
        -0.42442425641511317, 
        0.5604041677642688
      ]
    ], 
    "trans_mat": [
      0.09745980469168392, 
      0.061661391210168205, 
      0.9541905146676826
    ]
  }, 
  {
    "img": "/media/hdd/YCBvideo/YCB_Video_Dataset/YCB_Video_Dataset/data/0035/000013-label.png", 
    "mask": "/media/hdd/YCBvideo/YCB_Video_Dataset/Generated_YCB_Video_Dataset/mask/0035/000013-mask-00.png", 
    "depth_minmax": [
      0.911, 
      0.97
    ], 
    "model": "/media/hdd/YCBvideo/YCB_Video_Dataset/YCB_Video_Dataset/models/007_tuna_fish_can/textured.obj", 
    "rot_mat": [
      [
        0.4926236302357227, 
        0.8694422604834807, 
        0.037297722264328335
      ], 
      [
        -0.5037709931460013, 
        0.24996353779751046, 
        0.8268812425930046
      ], 
      [
        0.7096024639193554, 
        -0.42613137213410307, 
        0.5611382818314702
      ]
    ], 
    "trans_mat": [
      0.09868336806615116, 
      0.05888817946359416, 
      0.9546173307183111
    ]
  }, 
  {
    "img": "/media/hdd/YCBvideo/YCB_Video_Dataset/YCB_Video_Dataset/data/0035/000014-label.png", 
    "mask": "/media/hdd/YCBvideo/YCB_Video_Dataset/Generated_YCB_Video_Dataset/mask/0035/000014-mask-00.png", 
    "depth_minmax": [
      0.908, 
      0.968
    ], 
    "model": "/media/hdd/YCBvideo/YCB_Video_Dataset/YCB_Video_Dataset/models/007_tuna_fish_can/textured.obj", 
    "rot_mat": [
      [
        0.49173408766452503, 
        0.8698603072720783, 
        0.03925127637160351
      ], 
      [
        -0.5048493286741774, 
        0.2480844221803576, 
        0.8267897507407564
      ], 
      [
        0.7094532596666878, 
        -0.42637643893080457, 
        0.561139946517945
      ]
    ], 
    "trans_mat": [
      0.09840378736766928, 
      0.0586565485010109, 
      0.9552712975511642
    ]
  }, 
  {
    "img": "/media/hdd/YCBvideo/YCB_Video_Dataset/YCB_Video_Dataset/data/0035/000015-label.png", 
    "mask": "/media/hdd/YCBvideo/YCB_Video_Dataset/Generated_YCB_Video_Dataset/mask/0035/000015-mask-00.png", 
    "depth_minmax": [
      0.911, 
      0.973
    ], 
    "model": "/media/hdd/YCBvideo/YCB_Video_Dataset/YCB_Video_Dataset/models/007_tuna_fish_can/textured.obj", 
    "rot_mat": [
      [
        0.4894773825172517, 
        0.8710818335082647, 
        0.040351421082335324
      ], 
      [
        -0.5029693222853804, 
        0.24422217150849834, 
        0.829082105164497
      ], 
      [
        0.7123430962179208, 
        -0.4261124886928776, 
        0.5576691707448855
      ]
    ], 
    "trans_mat": [
      0.09873352661385165, 
      0.059910124723010286, 
      0.9560016550780289
    ]
  }, 
  {
    "img": "/media/hdd/YCBvideo/YCB_Video_Dataset/YCB_Video_Dataset/data/0035/000016-label.png", 
    "mask": "/media/hdd/YCBvideo/YCB_Video_Dataset/Generated_YCB_Video_Dataset/mask/0035/000016-mask-00.png", 
    "depth_minmax": [
      0.913, 
      0.971
    ], 
    "model": "/media/hdd/YCBvideo/YCB_Video_Dataset/YCB_Video_Dataset/models/007_tuna_fish_can/textured.obj", 
    "rot_mat": [
      [
        0.49021995869092094, 
        0.8705320028710124, 
        0.04309843882160478
      ], 
      [
        -0.5022857507897875, 
        0.2417484765217382, 
        0.8302204851463582
      ], 
      [
        0.712314392612131, 
        -0.4286390836499848, 
        0.5557671226490566
      ]
    ], 
    "trans_mat": [
      0.10054893922128946, 
      0.06209753682390632, 
      0.9569012150990482
    ]
  }, 
  {
    "img": "/media/hdd/YCBvideo/YCB_Video_Dataset/YCB_Video_Dataset/data/0035/000017-label.png", 
    "mask": "/media/hdd/YCBvideo/YCB_Video_Dataset/Generated_YCB_Video_Dataset/mask/0035/000017-mask-00.png", 
    "depth_minmax": [
      0.913, 
      0.971
    ], 
    "model": "/media/hdd/YCBvideo/YCB_Video_Dataset/YCB_Video_Dataset/models/007_tuna_fish_can/textured.obj", 
    "rot_mat": [
      [
        0.4897779271379506, 
        0.8706338147936172, 
        0.04597390995753323
      ], 
      [
        -0.5007288788376069, 
        0.2377358516799978, 
        0.8323168246010114
      ], 
      [
        0.7137140230759805, 
        -0.4306710679446772, 
        0.5523899185907485
      ]
    ], 
    "trans_mat": [
      0.10271654573643654, 
      0.062953420611273, 
      0.9575507461361907
    ]
  }, 
  {
    "img": "/media/hdd/YCBvideo/YCB_Video_Dataset/YCB_Video_Dataset/data/0035/000018-label.png", 
    "mask": "/media/hdd/YCBvideo/YCB_Video_Dataset/Generated_YCB_Video_Dataset/mask/0035/000018-mask-00.png", 
    "depth_minmax": [
      0.913, 
      0.976
    ], 
    "model": "/media/hdd/YCBvideo/YCB_Video_Dataset/YCB_Video_Dataset/models/007_tuna_fish_can/textured.obj", 
    "rot_mat": [
      [
        0.4893317796499639, 
        0.8706420795721576, 
        0.05035772747433312
      ], 
      [
        -0.5012232573684103, 
        0.23351269768404118, 
        0.8332152792222564
      ], 
      [
        0.7136725964136881, 
        -0.4329592715848088, 
        0.550651700191986
      ]
    ], 
    "trans_mat": [
      0.1049452020705838, 
      0.06401723130865926, 
      0.9583263449326486
    ]
  }, 
  {
    "img": "/media/hdd/YCBvideo/YCB_Video_Dataset/YCB_Video_Dataset/data/0035/000019-label.png", 
    "mask": "/media/hdd/YCBvideo/YCB_Video_Dataset/Generated_YCB_Video_Dataset/mask/0035/000019-mask-00.png", 
    "depth_minmax": [
      0.918, 
      0.969
    ], 
    "model": "/media/hdd/YCBvideo/YCB_Video_Dataset/YCB_Video_Dataset/models/007_tuna_fish_can/textured.obj", 
    "rot_mat": [
      [
        0.48762407180025696, 
        0.8715316458192557, 
        0.05153405549090315
      ], 
      [
        -0.4998696333237538, 
        0.2303097436458282, 
        0.8349180599048288
      ], 
      [
        0.7157875148941685, 
        -0.43288647447127404, 
        0.5479565323713398
      ]
    ], 
    "trans_mat": [
      0.10546684633378717, 
      0.06514765386223144, 
      0.9591059365432202
    ]
  }, 
  {
    "img": "/media/hdd/YCBvideo/YCB_Video_Dataset/YCB_Video_Dataset/data/0035/000020-label.png", 
    "mask": "/media/hdd/YCBvideo/YCB_Video_Dataset/Generated_YCB_Video_Dataset/mask/0035/000020-mask-00.png", 
    "depth_minmax": [
      0.918, 
      0.976
    ], 
    "model": "/media/hdd/YCBvideo/YCB_Video_Dataset/YCB_Video_Dataset/models/007_tuna_fish_can/textured.obj", 
    "rot_mat": [
      [
        0.4859187230150081, 
        0.872561371984296, 
        0.050189495178612265
      ], 
      [
        -0.49887560040397955, 
        0.22975044643596768, 
        0.8356662333341601
      ], 
      [
        0.7176384527015554, 
        -0.43110394477107394, 
        0.5469397459535749
      ]
    ], 
    "trans_mat": [
      0.10180432183290924, 
      0.06564185846278235, 
      0.9607348135525047
    ]
  }, 
  {
    "img": "/media/hdd/YCBvideo/YCB_Video_Dataset/YCB_Video_Dataset/data/0035/000021-label.png", 
    "mask": "/media/hdd/YCBvideo/YCB_Video_Dataset/Generated_YCB_Video_Dataset/mask/0035/000021-mask-00.png", 
    "depth_minmax": [
      0.918, 
      0.971
    ], 
    "model": "/media/hdd/YCBvideo/YCB_Video_Dataset/YCB_Video_Dataset/models/007_tuna_fish_can/textured.obj", 
    "rot_mat": [
      [
        0.4807775856606879, 
        0.8752329567795187, 
        0.0531097287709379
      ], 
      [
        -0.5010335992824001, 
        0.2245082812178309, 
        0.8358000634468084
      ], 
      [
        0.7195956221223355, 
        -0.42844394996571744, 
        0.5464594436492467
      ]
    ], 
    "trans_mat": [
      0.09901130513199635, 
      0.06556172063372499, 
      0.9617418197783882
    ]
  }, 
  {
    "img": "/media/hdd/YCBvideo/YCB_Video_Dataset/YCB_Video_Dataset/data/0035/000022-label.png", 
    "mask": "/media/hdd/YCBvideo/YCB_Video_Dataset/Generated_YCB_Video_Dataset/mask/0035/000022-mask-00.png", 
    "depth_minmax": [
      0.918, 
      0.977
    ], 
    "model": "/media/hdd/YCBvideo/YCB_Video_Dataset/YCB_Video_Dataset/models/007_tuna_fish_can/textured.obj", 
    "rot_mat": [
      [
        0.47537449615111, 
        0.877863320939046, 
        0.05809905149489334
      ], 
      [
        -0.5018831288213257, 
        0.21635244578812776, 
        0.8374397470080566
      ], 
      [
        0.7225876836019485, 
        -0.42725644390155526, 
        0.5434331060428558
      ]
    ], 
    "trans_mat": [
      0.09848328757497807, 
      0.06383522632235468, 
      0.9623823056099716
    ]
  }, 
  {
    "img": "/media/hdd/YCBvideo/YCB_Video_Dataset/YCB_Video_Dataset/data/0035/000023-label.png", 
    "mask": "/media/hdd/YCBvideo/YCB_Video_Dataset/Generated_YCB_Video_Dataset/mask/0035/000023-mask-00.png", 
    "depth_minmax": [
      0.918, 
      0.977
    ], 
    "model": "/media/hdd/YCBvideo/YCB_Video_Dataset/YCB_Video_Dataset/models/007_tuna_fish_can/textured.obj", 
    "rot_mat": [
      [
        0.47146175428002585, 
        0.8795253241093676, 
        0.06448744010405089
      ], 
      [
        -0.5053879549171444, 
        0.20953454108305836, 
        0.8370646953410859
      ], 
      [
        0.7227070367045617, 
        -0.42723527853416055, 
        0.5432901452382239
      ]
    ], 
    "trans_mat": [
      0.09734876495692082, 
      0.06286779548123794, 
      0.9633559473768474
    ]
  }, 
  {
    "img": "/media/hdd/YCBvideo/YCB_Video_Dataset/YCB_Video_Dataset/data/0035/000024-label.png", 
    "mask": "/media/hdd/YCBvideo/YCB_Video_Dataset/Generated_YCB_Video_Dataset/mask/0035/000024-mask-00.png", 
    "depth_minmax": [
      0.921, 
      0.977
    ], 
    "model": "/media/hdd/YCBvideo/YCB_Video_Dataset/YCB_Video_Dataset/models/007_tuna_fish_can/textured.obj", 
    "rot_mat": [
      [
        0.46722994606323087, 
        0.8819164184928383, 
        0.06259876667984604
      ], 
      [
        -0.5043920775393683, 
        0.20773227548383433, 
        0.8381149275976454
      ], 
      [
        0.7261430241534571, 
        -0.423167024540458, 
        0.5418908981412324
      ]
    ], 
    "trans_mat": [
      0.09273255803812105, 
      0.06280335540066724, 
      0.9645978134084335
    ]
  }, 
  {
    "img": "/media/hdd/YCBvideo/YCB_Video_Dataset/YCB_Video_Dataset/data/0035/000025-label.png", 
    "mask": "/media/hdd/YCBvideo/YCB_Video_Dataset/Generated_YCB_Video_Dataset/mask/0035/000025-mask-00.png", 
    "depth_minmax": [
      0.919, 
      0.975
    ], 
    "model": "/media/hdd/YCBvideo/YCB_Video_Dataset/YCB_Video_Dataset/models/007_tuna_fish_can/textured.obj", 
    "rot_mat": [
      [
        0.4645744410907594, 
        0.8830957507383623, 
        0.06566505110563764
      ], 
      [
        -0.5070418622541528, 
        0.2044812713293838, 
        0.8373145436928329
      ], 
      [
        0.7260009553163517, 
        -0.422289905443232, 
        0.5427644321422532
      ]
    ], 
    "trans_mat": [
      0.08952540621495059, 
      0.06234863418918103, 
      0.9659576626970434
    ]
  }, 
  {
    "img": "/media/hdd/YCBvideo/YCB_Video_Dataset/YCB_Video_Dataset/data/0035/000026-label.png", 
    "mask": "/media/hdd/YCBvideo/YCB_Video_Dataset/Generated_YCB_Video_Dataset/mask/0035/000026-mask-00.png", 
    "depth_minmax": [
      0.921, 
      0.975
    ], 
    "model": "/media/hdd/YCBvideo/YCB_Video_Dataset/YCB_Video_Dataset/models/007_tuna_fish_can/textured.obj", 
    "rot_mat": [
      [
        0.4601945160938422, 
        0.8851169815370258, 
        0.06919862780941305
      ], 
      [
        -0.508601692821033, 
        0.19894310737859067, 
        0.8377023758349321
      ], 
      [
        0.7276978092675999, 
        -0.4207011573222251, 
        0.5417253030974123
      ]
    ], 
    "trans_mat": [
      0.0889389956714021, 
      0.06098764914192319, 
      0.96690572428889
    ]
  }, 
  {
    "img": "/media/hdd/YCBvideo/YCB_Video_Dataset/YCB_Video_Dataset/data/0035/000027-label.png", 
    "mask": "/media/hdd/YCBvideo/YCB_Video_Dataset/Generated_YCB_Video_Dataset/mask/0035/000027-mask-00.png", 
    "depth_minmax": [
      0.922, 
      0.98
    ], 
    "model": "/media/hdd/YCBvideo/YCB_Video_Dataset/YCB_Video_Dataset/models/007_tuna_fish_can/textured.obj", 
    "rot_mat": [
      [
        0.4571080335603689, 
        0.8862446809687831, 
        0.0749851926149859
      ], 
      [
        -0.5116566527101065, 
        0.19306525042558612, 
        0.8372175580905403
      ], 
      [
        0.7275018671574708, 
        -0.421065032387139, 
        0.541705392946923
      ]
    ], 
    "trans_mat": [
      0.09007798130576719, 
      0.05862666750820529, 
      0.9679439152514516
    ]
  }, 
  {
    "img": "/media/hdd/YCBvideo/YCB_Video_Dataset/YCB_Video_Dataset/data/0035/000028-label.png", 
    "mask": "/media/hdd/YCBvideo/YCB_Video_Dataset/Generated_YCB_Video_Dataset/mask/0035/000028-mask-00.png", 
    "depth_minmax": [
      0.926, 
      0.982
    ], 
    "model": "/media/hdd/YCBvideo/YCB_Video_Dataset/YCB_Video_Dataset/models/007_tuna_fish_can/textured.obj", 
    "rot_mat": [
      [
        0.4554252583265036, 
        0.8868412075565093, 
        0.07810635627217466
      ], 
      [
        -0.5135110834626813, 
        0.1900094307810015, 
        0.8367808887866466
      ], 
      [
        0.7272500916434578, 
        -0.4211993870982681, 
        0.5419382541995813
      ]
    ], 
    "trans_mat": [
      0.09191689088658825, 
      0.058765020718609666, 
      0.9689964772297445
    ]
  }, 
  {
    "img": "/media/hdd/YCBvideo/YCB_Video_Dataset/YCB_Video_Dataset/data/0035/000029-label.png", 
    "mask": "/media/hdd/YCBvideo/YCB_Video_Dataset/Generated_YCB_Video_Dataset/mask/0035/000029-mask-00.png", 
    "depth_minmax": [
      0.928, 
      0.981
    ], 
    "model": "/media/hdd/YCBvideo/YCB_Video_Dataset/YCB_Video_Dataset/models/007_tuna_fish_can/textured.obj", 
    "rot_mat": [
      [
        0.4554601658105772, 
        0.8867855807365109, 
        0.07853098023792582
      ], 
      [
        -0.5104573562084275, 
        0.18786466351431275, 
        0.8391302906330506
      ], 
      [
        0.7293749709992485, 
        -0.4222772284300684, 
        0.5382319717529555
      ]
    ], 
    "trans_mat": [
      0.09133603968624687, 
      0.06106243394333689, 
      0.9698637031632132
    ]
  }, 
  {
    "img": "/media/hdd/YCBvideo/YCB_Video_Dataset/YCB_Video_Dataset/data/0035/000030-label.png", 
    "mask": "/media/hdd/YCBvideo/YCB_Video_Dataset/Generated_YCB_Video_Dataset/mask/0035/000030-mask-00.png", 
    "depth_minmax": [
      0.926, 
      0.977
    ], 
    "model": "/media/hdd/YCBvideo/YCB_Video_Dataset/YCB_Video_Dataset/models/007_tuna_fish_can/textured.obj", 
    "rot_mat": [
      [
        0.45377617852139096, 
        0.8877179673545862, 
        0.07773519631453255
      ], 
      [
        -0.5088734045673092, 
        0.18653087213571248, 
        0.8403887151977508
      ], 
      [
        0.7315282868409988, 
        -0.42090595712227613, 
        0.536379915334408
      ]
    ], 
    "trans_mat": [
      0.09040545153094554, 
      0.062053623538387566, 
      0.9706829956112655
    ]
  }, 
  {
    "img": "/media/hdd/YCBvideo/YCB_Video_Dataset/YCB_Video_Dataset/data/0035/000031-label.png", 
    "mask": "/media/hdd/YCBvideo/YCB_Video_Dataset/Generated_YCB_Video_Dataset/mask/0035/000031-mask-00.png", 
    "depth_minmax": [
      0.924, 
      0.981
    ], 
    "model": "/media/hdd/YCBvideo/YCB_Video_Dataset/YCB_Video_Dataset/models/007_tuna_fish_can/textured.obj", 
    "rot_mat": [
      [
        0.450287407689972, 
        0.8891769997952115, 
        0.0812752474360193
      ], 
      [
        -0.5078137020694419, 
        0.1801606279043949, 
        0.842417953294236
      ], 
      [
        0.7344147525133355, 
        -0.42060280896864993, 
        0.5326602268122091
      ]
    ], 
    "trans_mat": [
      0.09156175192374044, 
      0.061295867398681536, 
      0.9712996111438618
    ]
  }, 
  {
    "img": "/media/hdd/YCBvideo/YCB_Video_Dataset/YCB_Video_Dataset/data/0035/000032-label.png", 
    "mask": "/media/hdd/YCBvideo/YCB_Video_Dataset/Generated_YCB_Video_Dataset/mask/0035/000032-mask-00.png", 
    "depth_minmax": [
      0.928, 
      0.985
    ], 
    "model": "/media/hdd/YCBvideo/YCB_Video_Dataset/YCB_Video_Dataset/models/007_tuna_fish_can/textured.obj", 
    "rot_mat": [
      [
        0.4492739791291323, 
        0.8895993571886471, 
        0.08225633516276284
      ], 
      [
        -0.5090986845087692, 
        0.17927048197563158, 
        0.8418312785638191
      ], 
      [
        0.7341461159625716, 
        -0.42008970200247914, 
        0.5334356177817615
      ]
    ], 
    "trans_mat": [
      0.0915602645278217, 
      0.06012428386677722, 
      0.9722625087158293
    ]
  }, 
  {
    "img": "/media/hdd/YCBvideo/YCB_Video_Dataset/YCB_Video_Dataset/data/0035/000033-label.png", 
    "mask": "/media/hdd/YCBvideo/YCB_Video_Dataset/Generated_YCB_Video_Dataset/mask/0035/000033-mask-00.png", 
    "depth_minmax": [
      0.928, 
      0.987
    ], 
    "model": "/media/hdd/YCBvideo/YCB_Video_Dataset/YCB_Video_Dataset/models/007_tuna_fish_can/textured.obj", 
    "rot_mat": [
      [
        0.44917850796592335, 
        0.8897628815374523, 
        0.08099642854806138
      ], 
      [
        -0.5091615894022197, 
        0.18043317074496434, 
        0.8415449968068665
      ], 
      [
        0.7341604092273141, 
        -0.41924412127370564, 
        0.5340799170174132
      ]
    ], 
    "trans_mat": [
      0.09073147434983095, 
      0.05983209474555656, 
      0.9730482172703355
    ]
  }, 
  {
    "img": "/media/hdd/YCBvideo/YCB_Video_Dataset/YCB_Video_Dataset/data/0035/000034-label.png", 
    "mask": "/media/hdd/YCBvideo/YCB_Video_Dataset/Generated_YCB_Video_Dataset/mask/0035/000034-mask-00.png", 
    "depth_minmax": [
      0.928, 
      0.977
    ], 
    "model": "/media/hdd/YCBvideo/YCB_Video_Dataset/YCB_Video_Dataset/models/007_tuna_fish_can/textured.obj", 
    "rot_mat": [
      [
        0.4475291199950221, 
        0.8907947205395992, 
        0.07874964002081582
      ], 
      [
        -0.5060550590648643, 
        0.17966288379698264, 
        0.8435818128452728
      ], 
      [
        0.7373092313565262, 
        -0.41737912800093785, 
        0.5311958625251645
      ]
    ], 
    "trans_mat": [
      0.08940276515403661, 
      0.05913774066166826, 
      0.9734495520843437
    ]
  }, 
  {
    "img": "/media/hdd/YCBvideo/YCB_Video_Dataset/YCB_Video_Dataset/data/0035/000035-label.png", 
    "mask": "/media/hdd/YCBvideo/YCB_Video_Dataset/Generated_YCB_Video_Dataset/mask/0035/000035-mask-00.png", 
    "depth_minmax": [
      0.928, 
      0.985
    ], 
    "model": "/media/hdd/YCBvideo/YCB_Video_Dataset/YCB_Video_Dataset/models/007_tuna_fish_can/textured.obj", 
    "rot_mat": [
      [
        0.44497577254062337, 
        0.8919929835599922, 
        0.07965205618421523
      ], 
      [
        -0.5078064705159271, 
        0.17805621665146695, 
        0.8428686552593926
      ], 
      [
        0.7376509606371311, 
        -0.4155041238923078, 
        0.5321906874055329
      ]
    ], 
    "trans_mat": [
      0.08906292382825517, 
      0.0573970103822199, 
      0.9742198082160419
    ]
  }, 
  {
    "img": "/media/hdd/YCBvideo/YCB_Video_Dataset/YCB_Video_Dataset/data/0035/000036-label.png", 
    "mask": "/media/hdd/YCBvideo/YCB_Video_Dataset/Generated_YCB_Video_Dataset/mask/0035/000036-mask-00.png", 
    "depth_minmax": [
      0.931, 
      0.991
    ], 
    "model": "/media/hdd/YCBvideo/YCB_Video_Dataset/YCB_Video_Dataset/models/007_tuna_fish_can/textured.obj", 
    "rot_mat": [
      [
        0.44482780024678054, 
        0.8919573365210146, 
        0.08086957276857266
      ], 
      [
        -0.508270445158364, 
        0.17706740460513656, 
        0.8427975951116812
      ], 
      [
        0.7374200673750902, 
        -0.4160036079771315, 
        0.5321201913720066
      ]
    ], 
    "trans_mat": [
      0.08955538482782202, 
      0.05470327430946974, 
      0.9746452378344901
    ]
  }, 
  {
    "img": "/media/hdd/YCBvideo/YCB_Video_Dataset/YCB_Video_Dataset/data/0035/000037-label.png", 
    "mask": "/media/hdd/YCBvideo/YCB_Video_Dataset/Generated_YCB_Video_Dataset/mask/0035/000037-mask-00.png", 
    "depth_minmax": [
      0.931, 
      0.987
    ], 
    "model": "/media/hdd/YCBvideo/YCB_Video_Dataset/YCB_Video_Dataset/models/007_tuna_fish_can/textured.obj", 
    "rot_mat": [
      [
        0.44584599768252836, 
        0.8911186109563453, 
        0.0844374582813772
      ], 
      [
        -0.5104521048516366, 
        0.17562900256323521, 
        0.8417795618825611
      ], 
      [
        0.7352949079061845, 
        -0.4184054159900234, 
        0.5331768149772198
      ]
    ], 
    "trans_mat": [
      0.09161584864178621, 
      0.05242768131959583, 
      0.9750670883037381
    ]
  }, 
  {
    "img": "/media/hdd/YCBvideo/YCB_Video_Dataset/YCB_Video_Dataset/data/0035/000038-label.png", 
    "mask": "/media/hdd/YCBvideo/YCB_Video_Dataset/Generated_YCB_Video_Dataset/mask/0035/000038-mask-00.png", 
    "depth_minmax": [
      0.931, 
      0.984
    ], 
    "model": "/media/hdd/YCBvideo/YCB_Video_Dataset/YCB_Video_Dataset/models/007_tuna_fish_can/textured.obj", 
    "rot_mat": [
      [
        0.4430605170811172, 
        0.8925095589306025, 
        0.0844073610773325
      ], 
      [
        -0.5109370800298789, 
        0.17402718875482168, 
        0.8418177160750049
      ], 
      [
        0.7366410066442413, 
        -0.4161034019763428, 
        0.5331211554782141
      ]
    ], 
    "trans_mat": [
      0.09289230250809505, 
      0.05123962829870931, 
      0.9757614360106055
    ]
  }, 
  {
    "img": "/media/hdd/YCBvideo/YCB_Video_Dataset/YCB_Video_Dataset/data/0035/000039-label.png", 
    "mask": "/media/hdd/YCBvideo/YCB_Video_Dataset/Generated_YCB_Video_Dataset/mask/0035/000039-mask-00.png", 
    "depth_minmax": [
      0.931, 
      0.988
    ], 
    "model": "/media/hdd/YCBvideo/YCB_Video_Dataset/YCB_Video_Dataset/models/007_tuna_fish_can/textured.obj", 
    "rot_mat": [
      [
        0.4407831333608361, 
        0.8936847439236512, 
        0.08388388129549373
      ], 
      [
        -0.5119557058038218, 
        0.17354009107975965, 
        0.8412995044414145
      ], 
      [
        0.7372992616247536, 
        -0.41377558044167695, 
        0.5340212946843939
      ]
    ], 
    "trans_mat": [
      0.09234490796196829, 
      0.05150919528706645, 
      0.976946688595375
    ]
  }, 
  {
    "img": "/media/hdd/YCBvideo/YCB_Video_Dataset/YCB_Video_Dataset/data/0035/000040-label.png", 
    "mask": "/media/hdd/YCBvideo/YCB_Video_Dataset/Generated_YCB_Video_Dataset/mask/0035/000040-mask-00.png", 
    "depth_minmax": [
      0.936, 
      0.99
    ], 
    "model": "/media/hdd/YCBvideo/YCB_Video_Dataset/YCB_Video_Dataset/models/007_tuna_fish_can/textured.obj", 
    "rot_mat": [
      [
        0.43928092840465605, 
        0.8944113967442722, 
        0.08402089045118992
      ], 
      [
        -0.5089526239882944, 
        0.1707101776535676, 
        0.8436971798963269
      ], 
      [
        0.740268727843291, 
        -0.41338299065000533, 
        0.5302037469449338
      ]
    ], 
    "trans_mat": [
      0.09131348091901179, 
      0.05351645532481876, 
      0.9776922630853577
    ]
  }, 
  {
    "img": "/media/hdd/YCBvideo/YCB_Video_Dataset/YCB_Video_Dataset/data/0035/000041-label.png", 
    "mask": "/media/hdd/YCBvideo/YCB_Video_Dataset/Generated_YCB_Video_Dataset/mask/0035/000041-mask-00.png", 
    "depth_minmax": [
      0.931, 
      0.99
    ], 
    "model": "/media/hdd/YCBvideo/YCB_Video_Dataset/YCB_Video_Dataset/models/007_tuna_fish_can/textured.obj", 
    "rot_mat": [
      [
        0.4381536987588499, 
        0.8947145906873367, 
        0.08664165812973879
      ], 
      [
        -0.5069994062837159, 
        0.16638577944606148, 
        0.8457343107429233
      ], 
      [
        0.742274796401029, 
        -0.4144890944274178, 
        0.5265227170854793
      ]
    ], 
    "trans_mat": [
      0.09250718360302501, 
      0.055173224118546756, 
      0.9780809417814733
    ]
  }, 
  {
    "img": "/media/hdd/YCBvideo/YCB_Video_Dataset/YCB_Video_Dataset/data/0035/000042-label.png", 
    "mask": "/media/hdd/YCBvideo/YCB_Video_Dataset/Generated_YCB_Video_Dataset/mask/0035/000042-mask-00.png", 
    "depth_minmax": [
      0.934, 
      0.995
    ], 
    "model": "/media/hdd/YCBvideo/YCB_Video_Dataset/YCB_Video_Dataset/models/007_tuna_fish_can/textured.obj", 
    "rot_mat": [
      [
        0.4386801480879982, 
        0.8943871908408437, 
        0.08735035474509864
      ], 
      [
        -0.5045056456412325, 
        0.16467468975097638, 
        0.8475584019144358
      ], 
      [
        0.7436608838367157, 
        -0.41587645986183924, 
        0.5234635590973565
      ]
    ], 
    "trans_mat": [
      0.09407574026685037, 
      0.05737152086475192, 
      0.9786948243207613
    ]
  }, 
  {
    "img": "/media/hdd/YCBvideo/YCB_Video_Dataset/YCB_Video_Dataset/data/0035/000043-label.png", 
    "mask": "/media/hdd/YCBvideo/YCB_Video_Dataset/Generated_YCB_Video_Dataset/mask/0035/000043-mask-00.png", 
    "depth_minmax": [
      0.931, 
      0.99
    ], 
    "model": "/media/hdd/YCBvideo/YCB_Video_Dataset/YCB_Video_Dataset/models/007_tuna_fish_can/textured.obj", 
    "rot_mat": [
      [
        0.43889810991099965, 
        0.8939963284584881, 
        0.09020975457438202
      ], 
      [
        -0.5032568931489795, 
        0.16140719036644777, 
        0.8489285271818927
      ], 
      [
        0.7443785420077512, 
        -0.4179924923584795, 
        0.5207515437877818
      ]
    ], 
    "trans_mat": [
      0.09538561057529471, 
      0.058215381938776484, 
      0.9793461978741002
    ]
  }, 
  {
    "img": "/media/hdd/YCBvideo/YCB_Video_Dataset/YCB_Video_Dataset/data/0035/000044-label.png", 
    "mask": "/media/hdd/YCBvideo/YCB_Video_Dataset/Generated_YCB_Video_Dataset/mask/0035/000044-mask-00.png", 
    "depth_minmax": [
      0.936, 
      0.997
    ], 
    "model": "/media/hdd/YCBvideo/YCB_Video_Dataset/YCB_Video_Dataset/models/007_tuna_fish_can/textured.obj", 
    "rot_mat": [
      [
        0.4369068631618729, 
        0.8946659961956565, 
        0.09318870247938427
      ], 
      [
        -0.504446832107664, 
        0.1579263727500279, 
        0.8488769128621336
      ], 
      [
        0.7447442652152708, 
        -0.41788972996896806, 
        0.5203113407679839
      ]
    ], 
    "trans_mat": [
      0.09870340462735389, 
      0.05918034848764103, 
      0.9800671764268806
    ]
  }, 
  {
    "img": "/media/hdd/YCBvideo/YCB_Video_Dataset/YCB_Video_Dataset/data/0035/000045-label.png", 
    "mask": "/media/hdd/YCBvideo/YCB_Video_Dataset/Generated_YCB_Video_Dataset/mask/0035/000045-mask-00.png", 
    "depth_minmax": [
      0.938, 
      0.995
    ], 
    "model": "/media/hdd/YCBvideo/YCB_Video_Dataset/YCB_Video_Dataset/models/007_tuna_fish_can/textured.obj", 
    "rot_mat": [
      [
        0.43708164848839604, 
        0.8941151907662522, 
        0.09755573967381477
      ], 
      [
        -0.5026302009421127, 
        0.15286877705972077, 
        0.8508784546589634
      ], 
      [
        0.7458698262532083, 
        -0.42093780202082015, 
        0.5162257061008328
      ]
    ], 
    "trans_mat": [
      0.10167185056685146, 
      0.05938460274207631, 
      0.980268395039313
    ]
  }, 
  {
    "img": "/media/hdd/YCBvideo/YCB_Video_Dataset/YCB_Video_Dataset/data/0035/000046-label.png", 
    "mask": "/media/hdd/YCBvideo/YCB_Video_Dataset/Generated_YCB_Video_Dataset/mask/0035/000046-mask-00.png", 
    "depth_minmax": [
      0.938, 
      0.995
    ], 
    "model": "/media/hdd/YCBvideo/YCB_Video_Dataset/YCB_Video_Dataset/models/007_tuna_fish_can/textured.obj", 
    "rot_mat": [
      [
        0.43546234194119215, 
        0.895391575853287, 
        0.09298192426509294
      ], 
      [
        -0.5000687975662258, 
        0.15472110416582338, 
        0.8520518957425757
      ], 
      [
        0.7485337769281134, 
        -0.4175340735781299, 
        0.5151329332873644
      ]
    ], 
    "trans_mat": [
      0.10094787314172168, 
      0.06252733301490443, 
      0.9812645397541393
    ]
  }, 
  {
    "img": "/media/hdd/YCBvideo/YCB_Video_Dataset/YCB_Video_Dataset/data/0035/000047-label.png", 
    "mask": "/media/hdd/YCBvideo/YCB_Video_Dataset/Generated_YCB_Video_Dataset/mask/0035/000047-mask-00.png", 
    "depth_minmax": [
      0.937, 
      0.995
    ], 
    "model": "/media/hdd/YCBvideo/YCB_Video_Dataset/YCB_Video_Dataset/models/007_tuna_fish_can/textured.obj", 
    "rot_mat": [
      [
        0.43335949738729646, 
        0.8967114235378967, 
        0.09004112856137049
      ], 
      [
        -0.49508520684919033, 
        0.15339040703199447, 
        0.8551975112824072
      ], 
      [
        0.7530533565880364, 
        -0.4151858558982786, 
        0.5104215992310515
      ]
    ], 
    "trans_mat": [
      0.09737966831087119, 
      0.0643650295824912, 
      0.9817767607588724
    ]
  }, 
  {
    "img": "/media/hdd/YCBvideo/YCB_Video_Dataset/YCB_Video_Dataset/data/0035/000048-label.png", 
    "mask": "/media/hdd/YCBvideo/YCB_Video_Dataset/Generated_YCB_Video_Dataset/mask/0035/000048-mask-00.png", 
    "depth_minmax": [
      0.934, 
      0.989
    ], 
    "model": "/media/hdd/YCBvideo/YCB_Video_Dataset/YCB_Video_Dataset/models/007_tuna_fish_can/textured.obj", 
    "rot_mat": [
      [
        0.4287697083805571, 
        0.8986684886388948, 
        0.0924713799263784
      ], 
      [
        -0.4942620863303266, 
        0.14767032601897595, 
        0.8566786249667951
      ], 
      [
        0.7562140658777319, 
        -0.41302285274993605, 
        0.5074950594940467
      ]
    ], 
    "trans_mat": [
      0.09526994850086537, 
      0.0649667596972759, 
      0.9822949516526084
    ]
  }, 
  {
    "img": "/media/hdd/YCBvideo/YCB_Video_Dataset/YCB_Video_Dataset/data/0035/000049-label.png", 
    "mask": "/media/hdd/YCBvideo/YCB_Video_Dataset/Generated_YCB_Video_Dataset/mask/0035/000049-mask-00.png", 
    "depth_minmax": [
      0.936, 
      0.991
