[
  {
    "img": "/media/hdd/YCBvideo/YCB_Video_Dataset/YCB_Video_Dataset/data/0037/000001-label.png", 
    "mask": "/media/hdd/YCBvideo/YCB_Video_Dataset/Generated_YCB_Video_Dataset/mask/0037/000001-mask-01.png", 
    "depth_minmax": [
      0.695, 
      0.814
    ], 
    "model": "/media/hdd/YCBvideo/YCB_Video_Dataset/YCB_Video_Dataset/models/051_large_clamp/textured.obj", 
    "rot_mat": [
      [
        -0.8678468841961381, 
        -0.49531318918743766, 
        -0.03883225049959378
      ], 
      [
        -0.288402398580131, 
        0.5658713888254627, 
        -0.7724090870560523
      ], 
      [
        0.4045577334659922, 
        -0.6591322624916147, 
        -0.6339374468512307
      ]
    ], 
    "trans_mat": [
      0.05297108482237365, 
      0.07214638903374035, 
      0.7565821197054754
    ]
  }, 
  {
    "img": "/media/hdd/YCBvideo/YCB_Video_Dataset/YCB_Video_Dataset/data/0037/000001-label.png", 
    "mask": "/media/hdd/YCBvideo/YCB_Video_Dataset/Generated_YCB_Video_Dataset/mask/0037/000001-mask-00.png", 
    "depth_minmax": [
      0.701, 
      0.815
    ], 
    "model": "/media/hdd/YCBvideo/YCB_Video_Dataset/YCB_Video_Dataset/models/006_mustard_bottle/textured.obj", 
    "rot_mat": [
      [
        0.4104975062239582, 
        0.7849716660859288, 
        0.4640166857614567
      ], 
      [
        -0.7744007476625168, 
        0.5687796274177376, 
        -0.2771172625076997
      ], 
      [
        -0.481451521204013, 
        -0.2455787160608834, 
        0.8413649465545952
      ]
    ], 
    "trans_mat": [
      -0.09884789772697747, 
      0.045402344622434365, 
      0.7868586830629938
    ]
  }, 
  {
    "img": "/media/hdd/YCBvideo/YCB_Video_Dataset/YCB_Video_Dataset/data/0037/000002-label.png", 
    "mask": "/media/hdd/YCBvideo/YCB_Video_Dataset/Generated_YCB_Video_Dataset/mask/0037/000002-mask-01.png", 
    "depth_minmax": [
      0.69, 
      0.816
    ], 
    "model": "/media/hdd/YCBvideo/YCB_Video_Dataset/YCB_Video_Dataset/models/051_large_clamp/textured.obj", 
    "rot_mat": [
      [
        -0.8680763921485772, 
        -0.4948782055836423, 
        -0.03924541399944447
      ], 
      [
        -0.2875046347530826, 
        0.5656137380623483, 
        -0.7729321743876688
      ], 
      [
        0.4047050573255485, 
        -0.6596795649797328, 
        -0.6332743773146493
      ]
    ], 
    "trans_mat": [
      0.05305379790861383, 
      0.07206696876331765, 
      0.7563132430400814
    ]
  }, 
  {
    "img": "/media/hdd/YCBvideo/YCB_Video_Dataset/YCB_Video_Dataset/data/0037/000002-label.png", 
    "mask": "/media/hdd/YCBvideo/YCB_Video_Dataset/Generated_YCB_Video_Dataset/mask/0037/000002-mask-00.png", 
    "depth_minmax": [
      0.701, 
      0.815
    ], 
    "model": "/media/hdd/YCBvideo/YCB_Video_Dataset/YCB_Video_Dataset/models/006_mustard_bottle/textured.obj", 
    "rot_mat": [
      [
        0.41006504255948956, 
        0.785359539233428, 
        0.4637426095608219
      ], 
      [
        -0.7750756024698695, 
        0.5680714417202344, 
        -0.2766824894739688
      ], 
      [
        -0.4807339414993171, 
        -0.24597812040322267, 
        0.8416589876191066
      ]
    ], 
    "trans_mat": [
      -0.0987855992298691, 
      0.04544494708745483, 
      0.7865950865110276
    ]
  }, 
  {
    "img": "/media/hdd/YCBvideo/YCB_Video_Dataset/YCB_Video_Dataset/data/0037/000003-label.png", 
    "mask": "/media/hdd/YCBvideo/YCB_Video_Dataset/Generated_YCB_Video_Dataset/mask/0037/000003-mask-01.png", 
    "depth_minmax": [
      0.694, 
      0.813
    ], 
    "model": "/media/hdd/YCBvideo/YCB_Video_Dataset/YCB_Video_Dataset/models/051_large_clamp/textured.obj", 
    "rot_mat": [
      [
        -0.8669685583113977, 
        -0.4971816945334402, 
        -0.03429412080056239
      ], 
      [
        -0.2923336507604942, 
        0.56307902841576, 
        -0.7729714775898586
      ], 
      [
        0.4036168192444773, 
        -0.6601165172226203, 
        -0.6335139105085797
      ]
    ], 
    "trans_mat": [
      0.05187727978287932, 
      0.07227212322972035, 
      0.7559377069316532
    ]
  }, 
  {
    "img": "/media/hdd/YCBvideo/YCB_Video_Dataset/YCB_Video_Dataset/data/0037/000003-label.png", 
    "mask": "/media/hdd/YCBvideo/YCB_Video_Dataset/Generated_YCB_Video_Dataset/mask/0037/000003-mask-00.png", 
    "depth_minmax": [
      0.7, 
      0.809
    ], 
    "model": "/media/hdd/YCBvideo/YCB_Video_Dataset/YCB_Video_Dataset/models/006_mustard_bottle/textured.obj", 
    "rot_mat": [
      [
        0.41484269190578993, 
        0.7825390618185885, 
        0.4642599040467849
      ], 
      [
        -0.7727063463285702, 
        0.5724047941009325, 
        -0.2743685444097184
      ], 
      [
        -0.4804482520246927, 
        -0.24491637661092158, 
        0.842131899005778
      ]
    ], 
    "trans_mat": [
      -0.09984999009687298, 
      0.0448155060193894, 
      0.7860351580220206
    ]
  }, 
  {
    "img": "/media/hdd/YCBvideo/YCB_Video_Dataset/YCB_Video_Dataset/data/0037/000004-label.png", 
    "mask": "/media/hdd/YCBvideo/YCB_Video_Dataset/Generated_YCB_Video_Dataset/mask/0037/000004-mask-01.png", 
    "depth_minmax": [
      0.707, 
      0.801
    ], 
    "model": "/media/hdd/YCBvideo/YCB_Video_Dataset/YCB_Video_Dataset/models/051_large_clamp/textured.obj", 
    "rot_mat": [
      [
        -0.8670419765373202, 
        -0.497237750426197, 
        -0.03152832201856671
      ], 
      [
        -0.29477404517725303, 
        0.562960706650033, 
        -0.7721301552011819
      ], 
      [
        0.4016813509654293, 
        -0.6601749663344689, 
        -0.634682654046883
      ]
    ], 
    "trans_mat": [
      0.05090259500308574, 
      0.07179952889850154, 
      0.7559082112743305
    ]
  }, 
  {
    "img": "/media/hdd/YCBvideo/YCB_Video_Dataset/YCB_Video_Dataset/data/0037/000004-label.png", 
    "mask": "/media/hdd/YCBvideo/YCB_Video_Dataset/Generated_YCB_Video_Dataset/mask/0037/000004-mask-00.png", 
    "depth_minmax": [
      0.7, 
      0.808
    ], 
    "model": "/media/hdd/YCBvideo/YCB_Video_Dataset/YCB_Video_Dataset/models/006_mustard_bottle/textured.obj", 
    "rot_mat": [
      [
        0.41733935692702, 
        0.7817342726355103, 
        0.4633783439869558
      ], 
      [
        -0.7711216971695833, 
        0.5744345290109109, 
        -0.27458396197649554
      ], 
      [
        -0.48083224912244965, 
        -0.24272650067792428, 
        0.8425471040577682
      ]
    ], 
    "trans_mat": [
      -0.10081770760757686, 
      0.043974108010857306, 
      0.7857010733015766
    ]
  }, 
  {
    "img": "/media/hdd/YCBvideo/YCB_Video_Dataset/YCB_Video_Dataset/data/0037/000005-label.png", 
    "mask": "/media/hdd/YCBvideo/YCB_Video_Dataset/Generated_YCB_Video_Dataset/mask/0037/000005-mask-01.png", 
    "depth_minmax": [
      0.703, 
      0.805
    ], 
    "model": "/media/hdd/YCBvideo/YCB_Video_Dataset/YCB_Video_Dataset/models/051_large_clamp/textured.obj", 
    "rot_mat": [
      [
        -0.8671440417632854, 
        -0.4970619571599048, 
        -0.031486470104810316
      ], 
      [
        -0.29453317719905425, 
        0.5627506077335296, 
        -0.7723742073735389
      ], 
      [
        0.4016368839933379, 
        -0.6604860700778336, 
        -0.6343867619981436
      ]
    ], 
    "trans_mat": [
      0.05090828674315479, 
      0.07164250306965736, 
      0.7556671379485602
    ]
  }, 
  {
    "img": "/media/hdd/YCBvideo/YCB_Video_Dataset/YCB_Video_Dataset/data/0037/000005-label.png", 
    "mask": "/media/hdd/YCBvideo/YCB_Video_Dataset/Generated_YCB_Video_Dataset/mask/0037/000005-mask-00.png", 
    "depth_minmax": [
      0.7, 
      0.808
    ], 
    "model": "/media/hdd/YCBvideo/YCB_Video_Dataset/YCB_Video_Dataset/models/006_mustard_bottle/textured.obj", 
    "rot_mat": [
      [
        0.41735295139458667, 
        0.7818342246791586, 
        0.4631969688268014
      ], 
      [
        -0.7713490907408745, 
        0.5742637218079433, 
        -0.2742996426295283
      ], 
      [
        -0.48045423848146723, 
        -0.24280697413252028, 
        0.8427393194957777
      ]
    ], 
    "trans_mat": [
      -0.10082014220432522, 
      0.04384340328931429, 
      0.7854429534094328
    ]
  }, 
  {
    "img": "/media/hdd/YCBvideo/YCB_Video_Dataset/YCB_Video_Dataset/data/0037/000006-label.png", 
    "mask": "/media/hdd/YCBvideo/YCB_Video_Dataset/Generated_YCB_Video_Dataset/mask/0037/000006-mask-01.png", 
    "depth_minmax": [
      0.69, 
      0.816
    ], 
    "model": "/media/hdd/YCBvideo/YCB_Video_Dataset/YCB_Video_Dataset/models/051_large_clamp/textured.obj", 
    "rot_mat": [
      [
        -0.8677246493420648, 
        -0.49602759342275127, 
        -0.03180953680841669
      ], 
      [
        -0.29399832557465383, 
        0.5638001155770828, 
        -0.7718134943171039
      ], 
      [
        0.40077458534174276, 
        -0.6603684738406873, 
        -0.6350542422380684
      ]
    ], 
    "trans_mat": [
      0.05095568434916201, 
      0.07223171021087373, 
      0.755462333703772
    ]
  }, 
  {
    "img": "/media/hdd/YCBvideo/YCB_Video_Dataset/YCB_Video_Dataset/data/0037/000006-label.png", 
    "mask": "/media/hdd/YCBvideo/YCB_Video_Dataset/Generated_YCB_Video_Dataset/mask/0037/000006-mask-00.png", 
    "depth_minmax": [
      0.7, 
      0.813
    ], 
    "model": "/media/hdd/YCBvideo/YCB_Video_Dataset/YCB_Video_Dataset/models/006_mustard_bottle/textured.obj", 
    "rot_mat": [
      [
        0.416921176311989, 
        0.7825823440655356, 
        0.4623221704948181
      ], 
      [
        -0.7713670081873485, 
        0.573681969283446, 
        -0.27546719348882637
      ], 
      [
        -0.4808021374959504, 
        -0.24177159005982124, 
        0.8428386244643046
      ]
    ], 
    "trans_mat": [
      -0.10082172406427048, 
      0.04455997661262516, 
      0.7851071280572733
    ]
  }, 
  {
    "img": "/media/hdd/YCBvideo/YCB_Video_Dataset/YCB_Video_Dataset/data/0037/000007-label.png", 
    "mask": "/media/hdd/YCBvideo/YCB_Video_Dataset/Generated_YCB_Video_Dataset/mask/0037/000007-mask-01.png", 
    "depth_minmax": [
      0.692, 
      0.81
    ], 
    "model": "/media/hdd/YCBvideo/YCB_Video_Dataset/YCB_Video_Dataset/models/051_large_clamp/textured.obj", 
    "rot_mat": [
      [
        -0.8675338037321202, 
        -0.49635403312099713, 
        -0.0319190634517545
      ], 
      [
        -0.2934821255485642, 
        0.5626510540397804, 
        -0.7728473675829359
      ], 
      [
        0.4015653677980809, 
        -0.6611025312836246, 
        -0.6337892346773335
      ]
    ], 
    "trans_mat": [
      0.051056258444137324, 
      0.07337140829140439, 
      0.7549734878076968
    ]
  }, 
  {
    "img": "/media/hdd/YCBvideo/YCB_Video_Dataset/YCB_Video_Dataset/data/0037/000007-label.png", 
    "mask": "/media/hdd/YCBvideo/YCB_Video_Dataset/Generated_YCB_Video_Dataset/mask/0037/000007-mask-00.png", 
    "depth_minmax": [
      0.699, 
      0.807
    ], 
    "model": "/media/hdd/YCBvideo/YCB_Video_Dataset/YCB_Video_Dataset/models/006_mustard_bottle/textured.obj", 
    "rot_mat": [
      [
        0.41686727240003224, 
        0.7824054877446293, 
        0.4626697294824663
      ], 
      [
        -0.7720811233450329, 
        0.5734100596634237, 
        -0.2740278169134645
      ], 
      [
        -0.4797006909777375, 
        -0.24298563292773334, 
        0.8431167111043181
      ]
    ], 
    "trans_mat": [
      -0.10070609428409041, 
      0.04572429600616387, 
      0.7847181254438614
    ]
  }, 
  {
    "img": "/media/hdd/YCBvideo/YCB_Video_Dataset/YCB_Video_Dataset/data/0037/000008-label.png", 
    "mask": "/media/hdd/YCBvideo/YCB_Video_Dataset/Generated_YCB_Video_Dataset/mask/0037/000008-mask-01.png", 
    "depth_minmax": [
      0.692, 
      0.81
    ], 
    "model": "/media/hdd/YCBvideo/YCB_Video_Dataset/YCB_Video_Dataset/models/051_large_clamp/textured.obj", 
    "rot_mat": [
      [
        -0.8671254913368371, 
        -0.4970944469959586, 
        -0.031489732345724344
      ], 
      [
        -0.29416579665135795, 
        0.562105840972621, 
        -0.7729847582310357
      ], 
      [
        0.401946843970397, 
        -0.6610103593176113, 
        -0.6336441424692489
      ]
    ], 
    "trans_mat": [
      0.05076024329919599, 
      0.07386088888756767, 
      0.75440852779828
    ]
  }, 
  {
    "img": "/media/hdd/YCBvideo/YCB_Video_Dataset/YCB_Video_Dataset/data/0037/000008-label.png", 
    "mask": "/media/hdd/YCBvideo/YCB_Video_Dataset/Generated_YCB_Video_Dataset/mask/0037/000008-mask-00.png", 
    "depth_minmax": [
      0.699, 
      0.811
    ], 
    "model": "/media/hdd/YCBvideo/YCB_Video_Dataset/YCB_Video_Dataset/models/006_mustard_bottle/textured.obj", 
    "rot_mat": [
      [
        0.41735451072212737, 
        0.7818146424380891, 
        0.46322897592259515
      ], 
      [
        -0.7718022632612521, 
        0.5740472785925287, 
        -0.2734803426609553
      ], 
      [
        -0.47972681846527376, 
        -0.24338281283568858, 
        0.8429877278654949
      ]
    ], 
    "trans_mat": [
      -0.10096669833895855, 
      0.04608717353495107, 
      0.7842158065003265
    ]
  }, 
  {
    "img": "/media/hdd/YCBvideo/YCB_Video_Dataset/YCB_Video_Dataset/data/0037/000009-label.png", 
    "mask": "/media/hdd/YCBvideo/YCB_Video_Dataset/Generated_YCB_Video_Dataset/mask/0037/000009-mask-01.png", 
    "depth_minmax": [
      0.686, 
      0.814
    ], 
    "model": "/media/hdd/YCBvideo/YCB_Video_Dataset/YCB_Video_Dataset/models/051_large_clamp/textured.obj", 
    "rot_mat": [
      [
        -0.8667300388748596, 
        -0.49803040151992434, 
        -0.027305215445066432
      ], 
      [
        -0.29659843715895756, 
        0.5586412142317018, 
        -0.774565085940402
      ], 
      [
        0.4010104340230645, 
        -0.6632394188425095, 
        -0.6319057730065542
      ]
    ], 
    "trans_mat": [
      0.049686401202704254, 
      0.07452094405175623, 
      0.7542214455315878
    ]
  }, 
  {
    "img": "/media/hdd/YCBvideo/YCB_Video_Dataset/YCB_Video_Dataset/data/0037/000009-label.png", 
    "mask": "/media/hdd/YCBvideo/YCB_Video_Dataset/Generated_YCB_Video_Dataset/mask/0037/000009-mask-00.png", 
    "depth_minmax": [
      0.698, 
      0.811
    ], 
    "model": "/media/hdd/YCBvideo/YCB_Video_Dataset/YCB_Video_Dataset/models/006_mustard_bottle/textured.obj", 
    "rot_mat": [
      [
        0.421241795130449, 
        0.7800377672967916, 
        0.462705249274671
      ], 
      [
        -0.771284330921142, 
        0.5765127782690487, 
        -0.2697290941864132
      ], 
      [
        -0.4771546534506071, 
        -0.24325591126206686, 
        0.8444828384582899
      ]
    ], 
    "trans_mat": [
      -0.10198728759104425, 
      0.04622756641247369, 
      0.7838100450618333
    ]
  }, 
  {
    "img": "/media/hdd/YCBvideo/YCB_Video_Dataset/YCB_Video_Dataset/data/0037/000010-label.png", 
    "mask": "/media/hdd/YCBvideo/YCB_Video_Dataset/Generated_YCB_Video_Dataset/mask/0037/000010-mask-01.png", 
    "depth_minmax": [
      0.687, 
      0.814
    ], 
    "model": "/media/hdd/YCBvideo/YCB_Video_Dataset/YCB_Video_Dataset/models/051_large_clamp/textured.obj", 
    "rot_mat": [
      [
        -0.8665141818103687, 
        -0.49834001369159286, 
        -0.02847694231742042
      ], 
      [
        -0.29650865100195156, 
        0.5597854270106202, 
        -0.773772328590263
      ], 
      [
        0.40154291758301996, 
        -0.6620410826641235, 
        -0.6328235197632697
      ]
    ], 
    "trans_mat": [
      0.049586711451469624, 
      0.07494166592221144, 
      0.7537734533766604
    ]
  }, 
  {
    "img": "/media/hdd/YCBvideo/YCB_Video_Dataset/YCB_Video_Dataset/data/0037/000010-label.png", 
    "mask": "/media/hdd/YCBvideo/YCB_Video_Dataset/Generated_YCB_Video_Dataset/mask/0037/000010-mask-00.png", 
    "depth_minmax": [
      0.698, 
      0.811
    ], 
    "model": "/media/hdd/YCBvideo/YCB_Video_Dataset/YCB_Video_Dataset/models/006_mustard_bottle/textured.obj", 
    "rot_mat": [
      [
        0.42023161883927906, 
        0.7801725510185686, 
        0.46339573812528534
      ], 
      [
        -0.7709811883345882, 
        0.5762875414974323, 
        -0.2710718981688295
      ], 
      [
        -0.4785320637106654, 
        -0.24335687149645233, 
        0.8436739170705413
      ]
    ], 
    "trans_mat": [
      -0.1020752691293236, 
      0.04671363652230826, 
      0.7834841485727773
    ]
  }, 
  {
    "img": "/media/hdd/YCBvideo/YCB_Video_Dataset/YCB_Video_Dataset/data/0037/000011-label.png", 
    "mask": "/media/hdd/YCBvideo/YCB_Video_Dataset/Generated_YCB_Video_Dataset/mask/0037/000011-mask-01.png", 
    "depth_minmax": [
      0.684, 
      0.817
    ], 
    "model": "/media/hdd/YCBvideo/YCB_Video_Dataset/YCB_Video_Dataset/models/051_large_clamp/textured.obj", 
    "rot_mat": [
      [
        -0.8669057991937772, 
        -0.4975786511657967, 
        -0.02983742504726601
      ], 
      [
        -0.2941982051462728, 
        0.5590505154646197, 
        -0.7751840061089041
      ], 
      [
        0.40239580410957726, 
        -0.6632335209347487, 
        -0.6310302828486654
      ]
    ], 
    "trans_mat": [
      0.04930003703570234, 
      0.07568082374741826, 
      0.7534836159047134
    ]
  }, 
  {
    "img": "/media/hdd/YCBvideo/YCB_Video_Dataset/YCB_Video_Dataset/data/0037/000011-label.png", 
    "mask": "/media/hdd/YCBvideo/YCB_Video_Dataset/Generated_YCB_Video_Dataset/mask/0037/000011-mask-00.png", 
    "depth_minmax": [
      0.698, 
      0.811
    ], 
    "model": "/media/hdd/YCBvideo/YCB_Video_Dataset/YCB_Video_Dataset/models/006_mustard_bottle/textured.obj", 
    "rot_mat": [
      [
        0.41890579283899737, 
        0.7810421171057809, 
        0.4631311876698271
      ], 
      [
        -0.7727527884095017, 
        0.5744787375521735, 
        -0.2698632847572427
      ], 
      [
        -0.4768336004167599, 
        -0.24483902057816148, 
        0.8442063373998958
      ]
    ], 
    "trans_mat": [
      -0.10240083413770779, 
      0.047763463769991625, 
      0.7832890793302251
    ]
  }, 
  {
    "img": "/media/hdd/YCBvideo/YCB_Video_Dataset/YCB_Video_Dataset/data/0037/000012-label.png", 
    "mask": "/media/hdd/YCBvideo/YCB_Video_Dataset/Generated_YCB_Video_Dataset/mask/0037/000012-mask-01.png", 
    "depth_minmax": [
      0.691, 
      0.809
    ], 
    "model": "/media/hdd/YCBvideo/YCB_Video_Dataset/YCB_Video_Dataset/models/051_large_clamp/textured.obj", 
    "rot_mat": [
      [
        -0.8665099286117959, 
        -0.49822998748317465, 
        -0.03045567206678696
      ], 
      [
        -0.2938987531937385, 
        0.558555575380215, 
        -0.7756548155111767
      ], 
      [
        0.40346622064077736, 
        -0.6631611727274189, 
        -0.6304234686148438
      ]
    ], 
    "trans_mat": [
      0.04865343858265494, 
      0.07667894326671618, 
      0.7530985032602551
    ]
  }, 
  {
    "img": "/media/hdd/YCBvideo/YCB_Video_Dataset/YCB_Video_Dataset/data/0037/000012-label.png", 
    "mask": "/media/hdd/YCBvideo/YCB_Video_Dataset/Generated_YCB_Video_Dataset/mask/0037/000012-mask-00.png", 
    "depth_minmax": [
      0.697, 
      0.81
    ], 
    "model": "/media/hdd/YCBvideo/YCB_Video_Dataset/YCB_Video_Dataset/models/006_mustard_bottle/textured.obj", 
    "rot_mat": [
      [
        0.41843858461736994, 
        0.7808005556024825, 
        0.46395976890158314
      ], 
      [
        -0.7731082648631973, 
        0.5742967854078893, 
        -0.2692333412525671
      ], 
      [
        -0.47666931383148836, 
        -0.24603391125347052, 
        0.8439523832560429
      ]
    ], 
    "trans_mat": [
      -0.10301804586708554, 
      0.04878369942402728, 
      0.783073734654
    ]
  }, 
  {
    "img": "/media/hdd/YCBvideo/YCB_Video_Dataset/YCB_Video_Dataset/data/0037/000013-label.png", 
    "mask": "/media/hdd/YCBvideo/YCB_Video_Dataset/Generated_YCB_Video_Dataset/mask/0037/000013-mask-01.png", 
    "depth_minmax": [
      0.685, 
      0.813
    ], 
    "model": "/media/hdd/YCBvideo/YCB_Video_Dataset/YCB_Video_Dataset/models/051_large_clamp/textured.obj", 
    "rot_mat": [
      [
        -0.8658043108521382, 
        -0.4994774211847195, 
        -0.030108879384563123
      ], 
      [
        -0.29424833517607274, 
        0.5568777283502068, 
        -0.7767280552659914
      ], 
      [
        0.4047248319318192, 
        -0.6636344940123353, 
        -0.6291164576624048
      ]
    ], 
    "trans_mat": [
      0.04770778501856302, 
      0.07741366520514817, 
      0.7528111097522358
    ]
  }, 
  {
    "img": "/media/hdd/YCBvideo/YCB_Video_Dataset/YCB_Video_Dataset/data/0037/000013-label.png", 
    "mask": "/media/hdd/YCBvideo/YCB_Video_Dataset/Generated_YCB_Video_Dataset/mask/0037/000013-mask-00.png", 
    "depth_minmax": [
      0.697, 
      0.816
    ], 
    "model": "/media/hdd/YCBvideo/YCB_Video_Dataset/YCB_Video_Dataset/models/006_mustard_bottle/textured.obj", 
    "rot_mat": [
      [
        0.41891952674143634, 
        0.7799066716381682, 
        0.4650293094706931
      ], 
      [
        -0.773402181714637, 
        0.5748048876269585, 
        -0.26729822672064085
      ], 
      [
        -0.4757684222129378, 
        -0.24767832159652606, 
        0.8439791281244163
      ]
    ], 
    "trans_mat": [
      -0.10390412496952797, 
      0.04939019053363222, 
      0.7829679287687704
    ]
  }, 
  {
    "img": "/media/hdd/YCBvideo/YCB_Video_Dataset/YCB_Video_Dataset/data/0037/000014-label.png", 
    "mask": "/media/hdd/YCBvideo/YCB_Video_Dataset/Generated_YCB_Video_Dataset/mask/0037/000014-mask-01.png", 
    "depth_minmax": [
      0.684, 
      0.815
    ], 
    "model": "/media/hdd/YCBvideo/YCB_Video_Dataset/YCB_Video_Dataset/models/051_large_clamp/textured.obj", 
    "rot_mat": [
      [
        -0.866945492732173, 
        -0.49748647877817287, 
        -0.030225514537738415
      ], 
      [
        -0.29190505824265656, 
        0.5559731313802021, 
        -0.7782591365944196
      ], 
      [
        0.40397710230509204, 
        -0.6658839124262642, 
        -0.6272165615169228
      ]
    ], 
    "trans_mat": [
      0.04701371306183617, 
      0.0778830665819367, 
      0.7530756571610576
    ]
  }, 
  {
    "img": "/media/hdd/YCBvideo/YCB_Video_Dataset/YCB_Video_Dataset/data/0037/000014-label.png", 
    "mask": "/media/hdd/YCBvideo/YCB_Video_Dataset/Generated_YCB_Video_Dataset/mask/0037/000014-mask-00.png", 
    "depth_minmax": [
      0.696, 
      0.811
    ], 
    "model": "/media/hdd/YCBvideo/YCB_Video_Dataset/YCB_Video_Dataset/models/006_mustard_bottle/textured.obj", 
    "rot_mat": [
      [
        0.4185445184604934, 
        0.7812102719415263, 
        0.4631746546026858
      ], 
      [
        -0.775235490734255, 
        0.5729864728827, 
        -0.2658890442250799
      ], 
      [
        -0.4731081421758865, 
        -0.24778232446050433, 
        0.8454422327464373
      ]
    ], 
    "trans_mat": [
      -0.10469233952597953, 
      0.050167557909796066, 
      0.7830427952097183
    ]
  }, 
  {
    "img": "/media/hdd/YCBvideo/YCB_Video_Dataset/YCB_Video_Dataset/data/0037/000015-label.png", 
    "mask": "/media/hdd/YCBvideo/YCB_Video_Dataset/Generated_YCB_Video_Dataset/mask/0037/000015-mask-01.png", 
    "depth_minmax": [
      0.683, 
      0.818
    ], 
    "model": "/media/hdd/YCBvideo/YCB_Video_Dataset/YCB_Video_Dataset/models/051_large_clamp/textured.obj", 
    "rot_mat": [
      [
        -0.8670620570010219, 
        -0.4973606497169116, 
        -0.028916754218068594
      ], 
      [
        -0.2937292186936566, 
        0.5572222602962825, 
        -0.7766768104918148
      ], 
      [
        0.40240216031015796, 
        -0.6649333362419552, 
        -0.6292355437187154
      ]
    ], 
    "trans_mat": [
      0.0460901860193886, 
      0.07854247015556737, 
      0.7533528583964485
    ]
  }, 
  {
    "img": "/media/hdd/YCBvideo/YCB_Video_Dataset/YCB_Video_Dataset/data/0037/000015-label.png", 
    "mask": "/media/hdd/YCBvideo/YCB_Video_Dataset/Generated_YCB_Video_Dataset/mask/0037/000015-mask-00.png", 
    "depth_minmax": [
      0.697, 
      0.811
    ], 
    "model": "/media/hdd/YCBvideo/YCB_Video_Dataset/YCB_Video_Dataset/models/006_mustard_bottle/textured.obj", 
    "rot_mat": [
      [
        0.41970334604609694, 
        0.7809212033997108, 
        0.46261266620782215
      ], 
      [
        -0.7736385078998552, 
        0.5743311234266352, 
        -0.2676306529977892
      ], 
      [
        -0.47469191996673166, 
        -0.24557014943526476, 
        0.8452008978053202
      ]
    ], 
    "trans_mat": [
      -0.10561887305389331, 
      0.050611949923132296, 
      0.7831043181331119
    ]
  }, 
  {
    "img": "/media/hdd/YCBvideo/YCB_Video_Dataset/YCB_Video_Dataset/data/0037/000016-label.png", 
    "mask": "/media/hdd/YCBvideo/YCB_Video_Dataset/Generated_YCB_Video_Dataset/mask/0037/000016-mask-01.png", 
    "depth_minmax": [
      0.687, 
      0.815
    ], 
    "model": "/media/hdd/YCBvideo/YCB_Video_Dataset/YCB_Video_Dataset/models/051_large_clamp/textured.obj", 
    "rot_mat": [
      [
        -0.8668618395861065, 
        -0.49759610082593836, 
        -0.030818737784737354
      ], 
      [
        -0.29151360103594015, 
        0.5560524780042186, 
        -0.7783483321286788
      ], 
      [
        0.4044401036988913, 
        -0.6657354509516323, 
        -0.6270761909445589
      ]
    ], 
    "trans_mat": [
      0.04556570853578503, 
      0.07972017969044314, 
      0.753422559181579
    ]
  }, 
  {
    "img": "/media/hdd/YCBvideo/YCB_Video_Dataset/YCB_Video_Dataset/data/0037/000016-label.png", 
    "mask": "/media/hdd/YCBvideo/YCB_Video_Dataset/Generated_YCB_Video_Dataset/mask/0037/000016-mask-00.png", 
    "depth_minmax": [
      0.697, 
      0.811
    ], 
    "model": "/media/hdd/YCBvideo/YCB_Video_Dataset/YCB_Video_Dataset/models/006_mustard_bottle/textured.obj", 
    "rot_mat": [
      [
        0.41802620533056517, 
        0.7813071955811808, 
        0.4634794264323083
      ], 
      [
        -0.7754686433324395, 
        0.5726522441726831, 
        -0.2659267445249574
      ], 
      [
        -0.47318342308345884, 
        -0.2482496888064951, 
        0.845263297120065
      ]
    ], 
    "trans_mat": [
      -0.10613641486202474, 
      0.05206658778515633, 
      0.7834669299744362
    ]
  }, 
  {
    "img": "/media/hdd/YCBvideo/YCB_Video_Dataset/YCB_Video_Dataset/data/0037/000017-label.png", 
    "mask": "/media/hdd/YCBvideo/YCB_Video_Dataset/Generated_YCB_Video_Dataset/mask/0037/000017-mask-01.png", 
    "depth_minmax": [
      0.687, 
      0.814
    ], 
    "model": "/media/hdd/YCBvideo/YCB_Video_Dataset/YCB_Video_Dataset/models/051_large_clamp/textured.obj", 
    "rot_mat": [
      [
        -0.8674854914805444, 
        -0.49663424808597306, 
        -0.02872602533574375
      ], 
      [
        -0.29172293832048785, 
        0.554635357163026, 
        -0.7792807506473416
      ], 
      [
        0.4029498593741333, 
        -0.6676340893622987, 
        -0.6260169583577155
      ]
    ], 
    "trans_mat": [
      0.04449551896085229, 
      0.08027654439167972, 
      0.754179953465412
    ]
  }, 
  {
    "img": "/media/hdd/YCBvideo/YCB_Video_Dataset/YCB_Video_Dataset/data/0037/000017-label.png", 
    "mask": "/media/hdd/YCBvideo/YCB_Video_Dataset/Generated_YCB_Video_Dataset/mask/0037/000017-mask-00.png", 
    "depth_minmax": [
      0.699, 
      0.811
    ], 
    "model": "/media/hdd/YCBvideo/YCB_Video_Dataset/YCB_Video_Dataset/models/006_mustard_bottle/textured.obj", 
    "rot_mat": [
      [
        0.41977586130425293, 
        0.7813302237736467, 
        0.4618571679934446
      ], 
      [
        -0.7757680741575144, 
        0.5730083795210039, 
        -0.2642820658712717
      ], 
      [
        -0.47113957718371097, 
        -0.24735492274813506, 
        0.8466667618040058
      ]
    ], 
    "trans_mat": [
      -0.10724724427313267, 
      0.05252749271042181, 
      0.7839298734663488
    ]
  }, 
  {
    "img": "/media/hdd/YCBvideo/YCB_Video_Dataset/YCB_Video_Dataset/data/0037/000018-label.png", 
    "mask": "/media/hdd/YCBvideo/YCB_Video_Dataset/Generated_YCB_Video_Dataset/mask/0037/000018-mask-01.png", 
    "depth_minmax": [
      0.687, 
      0.815
    ], 
    "model": "/media/hdd/YCBvideo/YCB_Video_Dataset/YCB_Video_Dataset/models/051_large_clamp/textured.obj", 
    "rot_mat": [
      [
        -0.8662177956859213, 
        -0.49902356563720796, 
        -0.025367470997496956
      ], 
      [
        -0.2945659083282196, 
        0.5510052468032377, 
        -0.7807846911191763
      ], 
      [
        0.403607531505678, 
        -0.6688564819120145, 
        -0.6242854634163276
      ]
    ], 
    "trans_mat": [
      0.043224794244344354, 
      0.08102650970586582, 
      0.7545358569400271
    ]
  }, 
  {
    "img": "/media/hdd/YCBvideo/YCB_Video_Dataset/YCB_Video_Dataset/data/0037/000018-label.png", 
    "mask": "/media/hdd/YCBvideo/YCB_Video_Dataset/Generated_YCB_Video_Dataset/mask/0037/000018-mask-00.png", 
    "depth_minmax": [
      0.699, 
      0.813
    ], 
    "model": "/media/hdd/YCBvideo/YCB_Video_Dataset/YCB_Video_Dataset/models/006_mustard_bottle/textured.obj", 
    "rot_mat": [
      [
        0.42311551800009256, 
        0.7788509179443805, 
        0.46299536283122594
      ], 
      [
        -0.7749942463198564, 
        0.5758217826252515, 
        -0.26040805498892305
      ], 
      [
        -0.4694222252939233, 
        -0.24863611617226994, 
        0.8472447667901848
      ]
    ], 
    "trans_mat": [
      -0.10839675179444933, 
      0.05268946668500321, 
      0.7843492720248438
    ]
  }, 
  {
    "img": "/media/hdd/YCBvideo/YCB_Video_Dataset/YCB_Video_Dataset/data/0037/000019-label.png", 
    "mask": "/media/hdd/YCBvideo/YCB_Video_Dataset/Generated_YCB_Video_Dataset/mask/0037/000019-mask-01.png", 
    "depth_minmax": [
      0.687, 
      0.816
    ], 
    "model": "/media/hdd/YCBvideo/YCB_Video_Dataset/YCB_Video_Dataset/models/051_large_clamp/textured.obj", 
    "rot_mat": [
      [
        -0.8662433131071839, 
        -0.4990931606621827, 
        -0.02301306242751064
      ], 
      [
        -0.2960101906232026, 
        0.5497819459247932, 
        -0.781100796601495
      ], 
      [
        0.4024940668707028, 
        -0.66981084086209, 
        -0.623980772502541
      ]
    ], 
    "trans_mat": [
      0.042941539884767004, 
      0.0812220159807271, 
      0.7551527704186902
    ]
  }, 
  {
    "img": "/media/hdd/YCBvideo/YCB_Video_Dataset/YCB_Video_Dataset/data/0037/000019-label.png", 
    "mask": "/media/hdd/YCBvideo/YCB_Video_Dataset/Generated_YCB_Video_Dataset/mask/0037/000019-mask-00.png", 
    "depth_minmax": [
      0.699, 
      0.813
    ], 
    "model": "/media/hdd/YCBvideo/YCB_Video_Dataset/YCB_Video_Dataset/models/006_mustard_bottle/textured.obj", 
    "rot_mat": [
      [
        0.4252357987347595, 
        0.7781288255903782, 
        0.46226616981291335
      ], 
      [
        -0.7744049088570926, 
        0.577169268779811, 
        -0.2591754567380308
      ], 
      [
        -0.4684775721376809, 
        -0.2477706112015041, 
        0.8480206346267529
      ]
    ], 
    "trans_mat": [
      -0.10866934208572407, 
      0.052614460249661446, 
      0.784761218824594
    ]
  }, 
  {
    "img": "/media/hdd/YCBvideo/YCB_Video_Dataset/YCB_Video_Dataset/data/0037/000020-label.png", 
    "mask": "/media/hdd/YCBvideo/YCB_Video_Dataset/Generated_YCB_Video_Dataset/mask/0037/000020-mask-01.png", 
    "depth_minmax": [
      0.687, 
      0.82
    ], 
    "model": "/media/hdd/YCBvideo/YCB_Video_Dataset/YCB_Video_Dataset/models/051_large_clamp/textured.obj", 
    "rot_mat": [
      [
        -0.8649929239573764, 
        -0.5013421857741974, 
        -0.021070814250928514
      ], 
      [
        -0.29804378115461594, 
        0.5471062734005137, 
        -0.7822053554362991
      ], 
      [
        0.40368010638171403, 
        -0.6703217258606787, 
        -0.622664687417777
      ]
    ], 
    "trans_mat": [
      0.04275622818425339, 
      0.0818336653773202, 
      0.7558808267979286
    ]
  }, 
  {
    "img": "/media/hdd/YCBvideo/YCB_Video_Dataset/YCB_Video_Dataset/data/0037/000020-label.png", 
    "mask": "/media/hdd/YCBvideo/YCB_Video_Dataset/Generated_YCB_Video_Dataset/mask/0037/000020-mask-00.png", 
    "depth_minmax": [
      0.7, 
      0.814
    ], 
    "model": "/media/hdd/YCBvideo/YCB_Video_Dataset/YCB_Video_Dataset/models/006_mustard_bottle/textured.obj", 
    "rot_mat": [
      [
        0.42727878164635397, 
        0.7761240888158298, 
        0.4637497980078607
      ], 
      [
        -0.7738513052610443, 
        0.5791832495080149, 
        -0.2563202572731601
      ], 
      [
        -0.46753266929525417, 
        -0.24935288456325194, 
        0.8480783962025791
      ]
    ], 
    "trans_mat": [
      -0.1087408584948995, 
      0.052802134712821344, 
      0.7856584126226858
    ]
  }, 
  {
    "img": "/media/hdd/YCBvideo/YCB_Video_Dataset/YCB_Video_Dataset/data/0037/000021-label.png", 
    "mask": "/media/hdd/YCBvideo/YCB_Video_Dataset/Generated_YCB_Video_Dataset/mask/0037/000021-mask-01.png", 
    "depth_minmax": [
      0.694, 
      0.813
    ], 
    "model": "/media/hdd/YCBvideo/YCB_Video_Dataset/YCB_Video_Dataset/models/051_large_clamp/textured.obj", 
    "rot_mat": [
      [
        -0.8638802843867731, 
        -0.5031690185752027, 
        -0.023069000471618
      ], 
      [
        -0.2969928859215475, 
        0.545821840306403, 
        -0.7835018408542003
      ], 
      [
        0.4068259183792988, 
        -0.6699997423973901, 
        -0.6209620864743188
      ]
    ], 
    "trans_mat": [
      0.043232216775469935, 
      0.0821269636346386, 
      0.7562972962879468
    ]
  }, 
  {
    "img": "/media/hdd/YCBvideo/YCB_Video_Dataset/YCB_Video_Dataset/data/0037/000021-label.png", 
    "mask": "/media/hdd/YCBvideo/YCB_Video_Dataset/Generated_YCB_Video_Dataset/mask/0037/000021-mask-00.png", 
    "depth_minmax": [
      0.7, 
      0.809
    ], 
    "model": "/media/hdd/YCBvideo/YCB_Video_Dataset/YCB_Video_Dataset/models/006_mustard_bottle/textured.obj", 
    "rot_mat": [
      [
        0.42573319792180503, 
        0.7755273564308396, 
        0.4661629118379456
      ], 
      [
        -0.7749297935296976, 
        0.5784759001990112, 
        -0.254655461443125
      ], 
      [
        -0.4671569626788426, 
        -0.25282876455986225, 
        0.8472563647316987
      ]
    ], 
    "trans_mat": [
      -0.10818403917942121, 
      0.05319381457879953, 
      0.7865775996603533
    ]
  }, 
  {
    "img": "/media/hdd/YCBvideo/YCB_Video_Dataset/YCB_Video_Dataset/data/0037/000022-label.png", 
    "mask": "/media/hdd/YCBvideo/YCB_Video_Dataset/Generated_YCB_Video_Dataset/mask/0037/000022-mask-01.png", 
    "depth_minmax": [
      0.694, 
      0.813
    ], 
    "model": "/media/hdd/YCBvideo/YCB_Video_Dataset/YCB_Video_Dataset/models/051_large_clamp/textured.obj", 
    "rot_mat": [
      [
        -0.8634209832741755, 
        -0.5041131853539431, 
        -0.019361885480564053
      ], 
      [
        -0.3001084952667765, 
        0.5441044062637131, 
        -0.7835086681791041
      ], 
      [
        0.40551149637523676, 
        -0.6706867008013757, 
        -0.6210789826929916
      ]
    ], 
    "trans_mat": [
      0.04278138637706629, 
      0.08297793294285162, 
      0.7573044645810564
    ]
  }, 
  {
    "img": "/media/hdd/YCBvideo/YCB_Video_Dataset/YCB_Video_Dataset/data/0037/000022-label.png", 
    "mask": "/media/hdd/YCBvideo/YCB_Video_Dataset/Generated_YCB_Video_Dataset/mask/0037/000022-mask-00.png", 
    "depth_minmax": [
      0.7, 
      0.81
    ], 
    "model": "/media/hdd/YCBvideo/YCB_Video_Dataset/YCB_Video_Dataset/models/006_mustard_bottle/textured.obj", 
    "rot_mat": [
      [
        0.42917856491822565, 
        0.7738393553150498, 
        0.4658090879898765
      ], 
      [
        -0.7733581313746796, 
        0.581258103164761, 
        -0.25309153736125256
      ], 
      [
        -0.46660727466979507, 
        -0.2516156164653109, 
        0.8479192327051644
      ]
    ], 
    "trans_mat": [
      -0.10857577252331557, 
      0.053503159685603194, 
      0.7873569348965599
    ]
  }, 
  {
    "img": "/media/hdd/YCBvideo/YCB_Video_Dataset/YCB_Video_Dataset/data/0037/000023-label.png", 
    "mask": "/media/hdd/YCBvideo/YCB_Video_Dataset/Generated_YCB_Video_Dataset/mask/0037/000023-mask-01.png", 
    "depth_minmax": [
      0.689, 
      0.817
    ], 
    "model": "/media/hdd/YCBvideo/YCB_Video_Dataset/YCB_Video_Dataset/models/051_large_clamp/textured.obj", 
    "rot_mat": [
      [
        -0.8629845706499962, 
        -0.5048650013860865, 
        -0.019238122874616903
      ], 
      [
        -0.300900844327112, 
        0.5441831913455333, 
        -0.7831500495324114
      ], 
      [
        0.40585423488157146, 
        -0.6700566940512318, 
        -0.6215355978079392
      ]
    ], 
    "trans_mat": [
      0.04155221174945164, 
      0.08352452431177275, 
      0.7584024536987127
    ]
  }, 
  {
    "img": "/media/hdd/YCBvideo/YCB_Video_Dataset/YCB_Video_Dataset/data/0037/000023-label.png", 
    "mask": "/media/hdd/YCBvideo/YCB_Video_Dataset/Generated_YCB_Video_Dataset/mask/0037/000023-mask-00.png", 
    "depth_minmax": [
      0.703, 
      0.811
    ], 
    "model": "/media/hdd/YCBvideo/YCB_Video_Dataset/YCB_Video_Dataset/models/006_mustard_bottle/textured.obj", 
    "rot_mat": [
      [
        0.4293891231538626, 
        0.7733168719397743, 
        0.46648264306971876
      ], 
      [
        -0.7728057855364294, 
        0.5819013987734903, 
        -0.25330062030800216
      ], 
      [
        -0.467329040316783, 
        -0.25173613933054356, 
        0.8474863312167276
      ]
    ], 
    "trans_mat": [
      -0.10976797886390352, 
      0.05393533723618153, 
      0.7885288312032368
    ]
  }, 
  {
    "img": "/media/hdd/YCBvideo/YCB_Video_Dataset/YCB_Video_Dataset/data/0037/000024-label.png", 
    "mask": "/media/hdd/YCBvideo/YCB_Video_Dataset/Generated_YCB_Video_Dataset/mask/0037/000024-mask-01.png", 
    "depth_minmax": [
      0.693, 
      0.82
    ], 
    "model": "/media/hdd/YCBvideo/YCB_Video_Dataset/YCB_Video_Dataset/models/051_large_clamp/textured.obj", 
    "rot_mat": [
      [
        -0.8622349633173843, 
        -0.5063599518241669, 
        -0.01231213963934322
      ], 
      [
        -0.30599730553275933, 
        0.5401179511813209, 
        -0.7839891223021596
      ], 
      [
        0.4036304650510096, 
        -0.6722150491982741, 
        -0.6206527778756696
      ]
    ], 
    "trans_mat": [
      0.03833739293771541, 
      0.085294062142789, 
      0.7593932203788251
    ]
  }, 
  {
    "img": "/media/hdd/YCBvideo/YCB_Video_Dataset/YCB_Video_Dataset/data/0037/000024-label.png", 
    "mask": "/media/hdd/YCBvideo/YCB_Video_Dataset/Generated_YCB_Video_Dataset/mask/0037/000024-mask-00.png", 
    "depth_minmax": [
      0.705, 
      0.817
    ], 
    "model": "/media/hdd/YCBvideo/YCB_Video_Dataset/YCB_Video_Dataset/models/006_mustard_bottle/textured.obj", 
    "rot_mat": [
      [
        0.4357744202718958, 
        0.7702912181674022, 
        0.4655664686522961
      ], 
      [
        -0.770562436613858, 
        0.5865933428737404, 
        -0.2492810250634038
      ], 
      [
        -0.465117183058376, 
        -0.2501177040734803, 
        0.8491808423182541
      ]
    ], 
    "trans_mat": [
      -0.11287805835888151, 
      0.05476243136933236, 
      0.7891021437488135
    ]
  }, 
  {
    "img": "/media/hdd/YCBvideo/YCB_Video_Dataset/YCB_Video_Dataset/data/0037/000025-label.png", 
