[
  {
    "img": "/media/hdd/YCBvideo/YCB_Video_Dataset/YCB_Video_Dataset/data/0038/000001-label.png", 
    "mask": "/media/hdd/YCBvideo/YCB_Video_Dataset/Generated_YCB_Video_Dataset/mask/0038/000001-mask-00.png", 
    "depth_minmax": [
      0.79, 
      0.869
    ], 
    "model": "/media/hdd/YCBvideo/YCB_Video_Dataset/YCB_Video_Dataset/models/037_scissors/textured.obj", 
    "rot_mat": [
      [
        0.9920466037525306, 
        0.07879470645620355, 
        -0.09815787693503276
      ], 
      [
        -0.016380830318397252, 
        -0.6923733655962331, 
        -0.7213539589017209
      ], 
      [
        -0.12480158531919557, 
        0.7172239877213271, 
        -0.6855761576367109
      ]
    ], 
    "trans_mat": [
      -0.06041077172436117, 
      0.06972367351022292, 
      0.8417557241410473
    ]
  }, 
  {
    "img": "/media/hdd/YCBvideo/YCB_Video_Dataset/YCB_Video_Dataset/data/0038/000002-label.png", 
    "mask": "/media/hdd/YCBvideo/YCB_Video_Dataset/Generated_YCB_Video_Dataset/mask/0038/000002-mask-00.png", 
    "depth_minmax": [
      0.791, 
      0.869
    ], 
    "model": "/media/hdd/YCBvideo/YCB_Video_Dataset/YCB_Video_Dataset/models/037_scissors/textured.obj", 
    "rot_mat": [
      [
        0.992136095511927, 
        0.07891920394908968, 
        -0.09714543410825015
      ], 
      [
        -0.015845523415367553, 
        -0.6907134110649474, 
        -0.7229550896559662
      ], 
      [
        -0.12415474166433402, 
        0.7188099237102701, 
        -0.6840308030068124
      ]
    ], 
    "trans_mat": [
      -0.05962630817982769, 
      0.0685884780140729, 
      0.8415685410720473
    ]
  }, 
  {
    "img": "/media/hdd/YCBvideo/YCB_Video_Dataset/YCB_Video_Dataset/data/0038/000003-label.png", 
    "mask": "/media/hdd/YCBvideo/YCB_Video_Dataset/Generated_YCB_Video_Dataset/mask/0038/000003-mask-00.png", 
    "depth_minmax": [
      0.79, 
      0.869
    ], 
    "model": "/media/hdd/YCBvideo/YCB_Video_Dataset/YCB_Video_Dataset/models/037_scissors/textured.obj", 
    "rot_mat": [
      [
        0.9919645486103966, 
        0.08232356938777219, 
        -0.09607228070679825
      ], 
      [
        -0.01253332411957302, 
        -0.6916728923840703, 
        -0.7221018633639178
      ], 
      [
        -0.12589704710444513, 
        0.7175039052705163, 
        -0.6850833616703651
      ]
    ], 
    "trans_mat": [
      -0.060185649392421436, 
      0.06886021901868672, 
      0.8417298536187837
    ]
  }, 
  {
    "img": "/media/hdd/YCBvideo/YCB_Video_Dataset/YCB_Video_Dataset/data/0038/000004-label.png", 
    "mask": "/media/hdd/YCBvideo/YCB_Video_Dataset/Generated_YCB_Video_Dataset/mask/0038/000004-mask-00.png", 
    "depth_minmax": [
      0.79, 
      0.869
    ], 
    "model": "/media/hdd/YCBvideo/YCB_Video_Dataset/YCB_Video_Dataset/models/037_scissors/textured.obj", 
    "rot_mat": [
      [
        0.9919765867976641, 
        0.0831263422965516, 
        -0.09524867684002629
      ], 
      [
        -0.011504840554772841, 
        -0.6909336195937682, 
        -0.7228263645246261
      ], 
      [
        -0.1258967915068416, 
        0.7181232776582332, 
        -0.6844337190654486
      ]
    ], 
    "trans_mat": [
      -0.06084195538112981, 
      0.06924269775409542, 
      0.8414958357739759
    ]
  }, 
  {
    "img": "/media/hdd/YCBvideo/YCB_Video_Dataset/YCB_Video_Dataset/data/0038/000005-label.png", 
    "mask": "/media/hdd/YCBvideo/YCB_Video_Dataset/Generated_YCB_Video_Dataset/mask/0038/000005-mask-00.png", 
    "depth_minmax": [
      0.79, 
      0.869
    ], 
    "model": "/media/hdd/YCBvideo/YCB_Video_Dataset/YCB_Video_Dataset/models/037_scissors/textured.obj", 
    "rot_mat": [
      [
        0.9919066622695993, 
        0.08162888155970818, 
        -0.09725152966209023
      ], 
      [
        -0.014025857024956687, 
        -0.6908135842708809, 
        -0.7228973509520837
      ], 
      [
        -0.12619241456522406, 
        0.7184106649066763, 
        -0.6840771719595744
      ]
    ], 
    "trans_mat": [
      -0.06015989481561517, 
      0.06941090200178884, 
      0.8415920448846345
    ]
  }, 
  {
    "img": "/media/hdd/YCBvideo/YCB_Video_Dataset/YCB_Video_Dataset/data/0038/000006-label.png", 
    "mask": "/media/hdd/YCBvideo/YCB_Video_Dataset/Generated_YCB_Video_Dataset/mask/0038/000006-mask-00.png", 
    "depth_minmax": [
      0.79, 
      0.869
    ], 
    "model": "/media/hdd/YCBvideo/YCB_Video_Dataset/YCB_Video_Dataset/models/037_scissors/textured.obj", 
    "rot_mat": [
      [
        0.9918938324145704, 
        0.08201236769067188, 
        -0.0970619520281961
      ], 
      [
        -0.013428229081842014, 
        -0.6919126199480847, 
        -0.721857171916554
      ], 
      [
        -0.12635936777247325, 
        0.7173085189955243, 
        -0.6852021597327662
      ]
    ], 
    "trans_mat": [
      -0.059942690643399126, 
      0.06947548523736673, 
      0.8417575510096145
    ]
  }, 
  {
    "img": "/media/hdd/YCBvideo/YCB_Video_Dataset/YCB_Video_Dataset/data/0038/000007-label.png", 
    "mask": "/media/hdd/YCBvideo/YCB_Video_Dataset/Generated_YCB_Video_Dataset/mask/0038/000007-mask-00.png", 
    "depth_minmax": [
      0.789, 
      0.876
    ], 
    "model": "/media/hdd/YCBvideo/YCB_Video_Dataset/YCB_Video_Dataset/models/037_scissors/textured.obj", 
    "rot_mat": [
      [
        0.9919624547932107, 
        0.08099594311189497, 
        -0.09721443593832127
      ], 
      [
        -0.014179701430541434, 
        -0.6922893611541413, 
        -0.7214807266804961
      ], 
      [
        -0.12573794566517787, 
        0.7170606148238339, 
        -0.6855761469870999
      ]
    ], 
    "trans_mat": [
      -0.06004386549507633, 
      0.07005273749763054, 
      0.8416365772353003
    ]
  }, 
  {
    "img": "/media/hdd/YCBvideo/YCB_Video_Dataset/YCB_Video_Dataset/data/0038/000008-label.png", 
    "mask": "/media/hdd/YCBvideo/YCB_Video_Dataset/Generated_YCB_Video_Dataset/mask/0038/000008-mask-00.png", 
    "depth_minmax": [
      0.79, 
      0.877
    ], 
    "model": "/media/hdd/YCBvideo/YCB_Video_Dataset/YCB_Video_Dataset/models/037_scissors/textured.obj", 
    "rot_mat": [
      [
        0.9920543593260517, 
        0.0787855297187705, 
        -0.09808635859407308
      ], 
      [
        -0.01640307109848234, 
        -0.6919856586687492, 
        -0.7217257064084169
      ], 
      [
        -0.12473615279233913, 
        0.717600283954567, 
        -0.6851946163742071
      ]
    ], 
    "trans_mat": [
      -0.059363460581577064, 
      0.07049054872682436, 
      0.8418525235791114
    ]
  }, 
  {
    "img": "/media/hdd/YCBvideo/YCB_Video_Dataset/YCB_Video_Dataset/data/0038/000009-label.png", 
    "mask": "/media/hdd/YCBvideo/YCB_Video_Dataset/Generated_YCB_Video_Dataset/mask/0038/000009-mask-00.png", 
    "depth_minmax": [
      0.787, 
      0.868
    ], 
    "model": "/media/hdd/YCBvideo/YCB_Video_Dataset/YCB_Video_Dataset/models/037_scissors/textured.obj", 
    "rot_mat": [
      [
        0.991873191965653, 
        0.08134611845009923, 
        -0.09782613232187373
      ], 
      [
        -0.014725631402582661, 
        -0.6903307600447527, 
        -0.7233442918493537
      ], 
      [
        -0.12637376193421365, 
        0.7189062912218656, 
        -0.6835224373705938
      ]
    ], 
    "trans_mat": [
      -0.05884752071407503, 
      0.07066697226103028, 
      0.8421309026839481
    ]
  }, 
  {
    "img": "/media/hdd/YCBvideo/YCB_Video_Dataset/YCB_Video_Dataset/data/0038/000010-label.png", 
    "mask": "/media/hdd/YCBvideo/YCB_Video_Dataset/Generated_YCB_Video_Dataset/mask/0038/000010-mask-00.png", 
    "depth_minmax": [
      0.788, 
      0.87
    ], 
    "model": "/media/hdd/YCBvideo/YCB_Video_Dataset/YCB_Video_Dataset/models/037_scissors/textured.obj", 
    "rot_mat": [
      [
        0.9920025791656947, 
        0.08094259497370647, 
        -0.0968423478489516
      ], 
      [
        -0.01439321579190218, 
        -0.6897271401982736, 
        -0.7239261985825473
      ], 
      [
        -0.1253919819243304, 
        0.7195315494714983, 
        -0.683045933615547
      ]
    ], 
    "trans_mat": [
      -0.05806488515996315, 
      0.07129112153187457, 
      0.8423312869812424
    ]
  }, 
  {
    "img": "/media/hdd/YCBvideo/YCB_Video_Dataset/YCB_Video_Dataset/data/0038/000011-label.png", 
    "mask": "/media/hdd/YCBvideo/YCB_Video_Dataset/Generated_YCB_Video_Dataset/mask/0038/000011-mask-00.png", 
    "depth_minmax": [
      0.792, 
      0.863
    ], 
    "model": "/media/hdd/YCBvideo/YCB_Video_Dataset/YCB_Video_Dataset/models/037_scissors/textured.obj", 
    "rot_mat": [
      [
        0.9916251405429762, 
        0.08336479937237087, 
        -0.09864282171919259
      ], 
      [
        -0.013961616485047441, 
        -0.6901043912650607, 
        -0.7235751523006755
      ], 
      [
        -0.12839506281844457, 
        0.7188925127713292, 
        -0.6831613822233232
      ]
    ], 
    "trans_mat": [
      -0.05751755552249141, 
      0.07140663005093843, 
      0.8426783134299504
    ]
  }, 
  {
    "img": "/media/hdd/YCBvideo/YCB_Video_Dataset/YCB_Video_Dataset/data/0038/000012-label.png", 
    "mask": "/media/hdd/YCBvideo/YCB_Video_Dataset/Generated_YCB_Video_Dataset/mask/0038/000012-mask-00.png", 
    "depth_minmax": [
      0.788, 
      0.865
    ], 
    "model": "/media/hdd/YCBvideo/YCB_Video_Dataset/YCB_Video_Dataset/models/037_scissors/textured.obj", 
    "rot_mat": [
      [
        0.9915735208394628, 
        0.08271619034812452, 
        -0.09970004366872452
      ], 
      [
        -0.015198801137128808, 
        -0.6900143448784019, 
        -0.7236367755540384
      ], 
      [
        -0.12865136901646892, 
        0.7190541711076782, 
        -0.6829427051270462
      ]
    ], 
    "trans_mat": [
      -0.057329895930215785, 
      0.0727774468813868, 
      0.8428538136412844
    ]
  }, 
  {
    "img": "/media/hdd/YCBvideo/YCB_Video_Dataset/YCB_Video_Dataset/data/0038/000013-label.png", 
    "mask": "/media/hdd/YCBvideo/YCB_Video_Dataset/Generated_YCB_Video_Dataset/mask/0038/000013-mask-00.png", 
    "depth_minmax": [
      0.79, 
      0.875
    ], 
    "model": "/media/hdd/YCBvideo/YCB_Video_Dataset/YCB_Video_Dataset/models/037_scissors/textured.obj", 
    "rot_mat": [
      [
        0.9913397826846432, 
        0.08648380446230142, 
        -0.09882172426158084
      ], 
      [
        -0.012273252362413258, 
        -0.6882106758336222, 
        -0.7254070715207581
      ], 
      [
        -0.13074651956034, 
        0.7203378289761858, 
        -0.6811896698788484
      ]
    ], 
    "trans_mat": [
      -0.057166140779208605, 
      0.07350046097937951, 
      0.8436075754668353
    ]
  }, 
  {
    "img": "/media/hdd/YCBvideo/YCB_Video_Dataset/YCB_Video_Dataset/data/0038/000014-label.png", 
    "mask": "/media/hdd/YCBvideo/YCB_Video_Dataset/Generated_YCB_Video_Dataset/mask/0038/000014-mask-00.png", 
    "depth_minmax": [
      0.792, 
      0.87
    ], 
    "model": "/media/hdd/YCBvideo/YCB_Video_Dataset/YCB_Video_Dataset/models/037_scissors/textured.obj", 
    "rot_mat": [
      [
        0.991346743802347, 
        0.08373920938777156, 
        -0.10109187232844928
      ], 
      [
        -0.015871370215216365, 
        -0.6879945001741667, 
        -0.7255425838224004
      ], 
      [
        -0.1303075724881852, 
        0.7208689847722927, 
        -0.6807118934831898
      ]
    ], 
    "trans_mat": [
      -0.056799709665067866, 
      0.074516558527316, 
      0.8438966278546765
    ]
  }, 
  {
    "img": "/media/hdd/YCBvideo/YCB_Video_Dataset/YCB_Video_Dataset/data/0038/000015-label.png", 
    "mask": "/media/hdd/YCBvideo/YCB_Video_Dataset/Generated_YCB_Video_Dataset/mask/0038/000015-mask-00.png", 
    "depth_minmax": [
      0.791, 
      0.871
    ], 
    "model": "/media/hdd/YCBvideo/YCB_Video_Dataset/YCB_Video_Dataset/models/037_scissors/textured.obj", 
    "rot_mat": [
      [
        0.9913590443454772, 
        0.08557550359472899, 
        -0.09942240669213134
      ], 
      [
        -0.013434414618049178, 
        -0.6876934283698182, 
        -0.725876734186041
      ], 
      [
        -0.130489732288172, 
        0.7209402002249238, 
        -0.6806016324354606
      ]
    ], 
    "trans_mat": [
      -0.05680481588704798, 
      0.07522993083525491, 
      0.8443290074916774
    ]
  }, 
  {
    "img": "/media/hdd/YCBvideo/YCB_Video_Dataset/YCB_Video_Dataset/data/0038/000016-label.png", 
    "mask": "/media/hdd/YCBvideo/YCB_Video_Dataset/Generated_YCB_Video_Dataset/mask/0038/000016-mask-00.png", 
    "depth_minmax": [
      0.792, 
      0.877
    ], 
    "model": "/media/hdd/YCBvideo/YCB_Video_Dataset/YCB_Video_Dataset/models/037_scissors/textured.obj", 
    "rot_mat": [
      [
        0.9915185612552686, 
        0.08557305814472745, 
        -0.09781683852804457
      ], 
      [
        -0.012500376788036867, 
        -0.6863560586742272, 
        -0.7271580495729943
      ], 
      [
        -0.12936312478195078, 
        0.7222138038415203, 
        -0.6794656671311348
      ]
    ], 
    "trans_mat": [
      -0.05794967228515969, 
      0.0765177770925076, 
      0.8448186343802307
    ]
  }, 
  {
    "img": "/media/hdd/YCBvideo/YCB_Video_Dataset/YCB_Video_Dataset/data/0038/000017-label.png", 
    "mask": "/media/hdd/YCBvideo/YCB_Video_Dataset/Generated_YCB_Video_Dataset/mask/0038/000017-mask-00.png", 
    "depth_minmax": [
      0.792, 
      0.872
    ], 
    "model": "/media/hdd/YCBvideo/YCB_Video_Dataset/YCB_Video_Dataset/models/037_scissors/textured.obj", 
    "rot_mat": [
      [
        0.9914911849439093, 
        0.0841112509424065, 
        -0.09935397109993205
      ], 
      [
        -0.014820526954375591, 
        -0.6853248170575663, 
        -0.7280873392704815
      ], 
      [
        -0.12933034105274582, 
        0.723364467087502, 
        -0.6782457773291638
      ]
    ], 
    "trans_mat": [
      -0.05972999421899931, 
      0.07860867004294107, 
      0.8450959856060717
    ]
  }, 
  {
    "img": "/media/hdd/YCBvideo/YCB_Video_Dataset/YCB_Video_Dataset/data/0038/000018-label.png", 
    "mask": "/media/hdd/YCBvideo/YCB_Video_Dataset/Generated_YCB_Video_Dataset/mask/0038/000018-mask-00.png", 
    "depth_minmax": [
      0.792, 
      0.868
    ], 
    "model": "/media/hdd/YCBvideo/YCB_Video_Dataset/YCB_Video_Dataset/models/037_scissors/textured.obj", 
    "rot_mat": [
      [
        0.9915326654506061, 
        0.08326198878143329, 
        -0.09965111239296849
      ], 
      [
        -0.015664935815138146, 
        -0.6850927703798005, 
        -0.7282880200841874
      ], 
      [
        -0.12890898961818606, 
        0.723682944456729, 
        -0.6779871073466385
      ]
    ], 
    "trans_mat": [
      -0.05901134429252771, 
      0.07921460901158586, 
      0.845729170589124
    ]
  }, 
  {
    "img": "/media/hdd/YCBvideo/YCB_Video_Dataset/YCB_Video_Dataset/data/0038/000019-label.png", 
    "mask": "/media/hdd/YCBvideo/YCB_Video_Dataset/Generated_YCB_Video_Dataset/mask/0038/000019-mask-00.png", 
    "depth_minmax": [
      0.792, 
      0.881
    ], 
    "model": "/media/hdd/YCBvideo/YCB_Video_Dataset/YCB_Video_Dataset/models/037_scissors/textured.obj", 
    "rot_mat": [
      [
        0.991301778306322, 
        0.08362830444762324, 
        -0.10162253646410631
      ], 
      [
        -0.016963514566215976, 
        -0.6845249630000029, 
        -0.7287915568265056
      ], 
      [
        -0.1305109717134271, 
        0.7241769007749257, 
        -0.6771523422295435
      ]
    ], 
    "trans_mat": [
      -0.058536175660473456, 
      0.07928836710807971, 
      0.8463710944090498
    ]
  }, 
  {
    "img": "/media/hdd/YCBvideo/YCB_Video_Dataset/YCB_Video_Dataset/data/0038/000020-label.png", 
    "mask": "/media/hdd/YCBvideo/YCB_Video_Dataset/Generated_YCB_Video_Dataset/mask/0038/000020-mask-00.png", 
    "depth_minmax": [
      0.792, 
      0.887
    ], 
    "model": "/media/hdd/YCBvideo/YCB_Video_Dataset/YCB_Video_Dataset/models/037_scissors/textured.obj", 
    "rot_mat": [
      [
        0.9916604407711302, 
        0.08070440541893276, 
        -0.1004815681813089
      ], 
      [
        -0.01833843486259885, 
        -0.6833634420689396, 
        -0.7298477598915609
      ], 
      [
        -0.1275675710594879, 
        0.7256042141838582, 
        -0.6761847029978968
      ]
    ], 
    "trans_mat": [
      -0.05931490456963097, 
      0.07970610187237472, 
      0.8464743473017253
    ]
  }, 
  {
    "img": "/media/hdd/YCBvideo/YCB_Video_Dataset/YCB_Video_Dataset/data/0038/000021-label.png", 
    "mask": "/media/hdd/YCBvideo/YCB_Video_Dataset/Generated_YCB_Video_Dataset/mask/0038/000021-mask-00.png", 
    "depth_minmax": [
      0.792, 
      0.879
    ], 
    "model": "/media/hdd/YCBvideo/YCB_Video_Dataset/YCB_Video_Dataset/models/037_scissors/textured.obj", 
    "rot_mat": [
      [
        0.991384726398961, 
        0.08239738722077061, 
        -0.101816829130003
      ], 
      [
        -0.01806982988033013, 
        -0.6838686176981144, 
        -0.7293817449161755
      ], 
      [
        -0.12972899908271995, 
        0.7249380060567756, 
        -0.6764875522422158
      ]
    ], 
    "trans_mat": [
      -0.06019965311736269, 
      0.07981286173040376, 
      0.8471670455737343
    ]
  }, 
  {
    "img": "/media/hdd/YCBvideo/YCB_Video_Dataset/YCB_Video_Dataset/data/0038/000022-label.png", 
    "mask": "/media/hdd/YCBvideo/YCB_Video_Dataset/Generated_YCB_Video_Dataset/mask/0038/000022-mask-00.png", 
    "depth_minmax": [
      0.796, 
      0.875
    ], 
    "model": "/media/hdd/YCBvideo/YCB_Video_Dataset/YCB_Video_Dataset/models/037_scissors/textured.obj", 
    "rot_mat": [
      [
        0.9912512756825206, 
        0.0822487233743052, 
        -0.10322668938672698
      ], 
      [
        -0.019205637398273884, 
        -0.6838852000492652, 
        -0.7293372186485827
      ], 
      [
        -0.13058261653325468, 
        0.7249396140574454, 
        -0.6763221590268981
      ]
    ], 
    "trans_mat": [
      -0.06157083550563001, 
      0.07934061129068734, 
      0.8473335869241752
    ]
  }, 
  {
    "img": "/media/hdd/YCBvideo/YCB_Video_Dataset/YCB_Video_Dataset/data/0038/000023-label.png", 
    "mask": "/media/hdd/YCBvideo/YCB_Video_Dataset/Generated_YCB_Video_Dataset/mask/0038/000023-mask-00.png", 
    "depth_minmax": [
      0.794, 
      0.879
    ], 
    "model": "/media/hdd/YCBvideo/YCB_Video_Dataset/YCB_Video_Dataset/models/037_scissors/textured.obj", 
    "rot_mat": [
      [
        0.9917808094968503, 
        0.07813792234669904, 
        -0.10131710551460435
      ], 
      [
        -0.020585975682321594, 
        -0.6840931547049662, 
        -0.7291044229272754
      ], 
      [
        -0.1262820476399292, 
        0.7251973899377427, 
        -0.6768620632986188
      ]
    ], 
    "trans_mat": [
      -0.06329365129581854, 
      0.07964316073248581, 
      0.8470043992903245
    ]
  }, 
  {
    "img": "/media/hdd/YCBvideo/YCB_Video_Dataset/YCB_Video_Dataset/data/0038/000024-label.png", 
    "mask": "/media/hdd/YCBvideo/YCB_Video_Dataset/Generated_YCB_Video_Dataset/mask/0038/000024-mask-00.png", 
    "depth_minmax": [
      0.792, 
      0.879
    ], 
    "model": "/media/hdd/YCBvideo/YCB_Video_Dataset/YCB_Video_Dataset/models/037_scissors/textured.obj", 
    "rot_mat": [
      [
        0.9921428324894016, 
        0.07766175930561087, 
        -0.09808857840968256
      ], 
      [
        -0.01881502329543354, 
        -0.6824782004167742, 
        -0.7306637920055594
      ], 
      [
        -0.12368891958231312, 
        0.7267680004774041, 
        -0.6756545267721331
      ]
    ], 
    "trans_mat": [
      -0.06393944558947931, 
      0.079806280969836, 
      0.847215271352706
    ]
  }, 
  {
    "img": "/media/hdd/YCBvideo/YCB_Video_Dataset/YCB_Video_Dataset/data/0038/000025-label.png", 
    "mask": "/media/hdd/YCBvideo/YCB_Video_Dataset/Generated_YCB_Video_Dataset/mask/0038/000025-mask-00.png", 
    "depth_minmax": [
      0.792, 
      0.879
    ], 
    "model": "/media/hdd/YCBvideo/YCB_Video_Dataset/YCB_Video_Dataset/models/037_scissors/textured.obj", 
    "rot_mat": [
      [
        0.9920515392051711, 
        0.07992543404591941, 
        -0.0971924676088928
      ], 
      [
        -0.01680560628822805, 
        -0.6813052893204924, 
        -0.7318065262296329
      ], 
      [
        -0.12470842651271302, 
        0.7276231910513901, 
        -0.6745470777789015
      ]
    ], 
    "trans_mat": [
      -0.06517160027914298, 
      0.07984667975200514, 
      0.8474335907402958
    ]
  }, 
  {
    "img": "/media/hdd/YCBvideo/YCB_Video_Dataset/YCB_Video_Dataset/data/0038/000026-label.png", 
    "mask": "/media/hdd/YCBvideo/YCB_Video_Dataset/Generated_YCB_Video_Dataset/mask/0038/000026-mask-00.png", 
    "depth_minmax": [
      0.792, 
      0.879
    ], 
    "model": "/media/hdd/YCBvideo/YCB_Video_Dataset/YCB_Video_Dataset/models/037_scissors/textured.obj", 
    "rot_mat": [
      [
        0.9925446834349443, 
        0.07713420927233339, 
        -0.09436724422753422
      ], 
      [
        -0.01686574062617842, 
        -0.6798890091730616, 
        -0.7331214138096898
      ], 
      [
        -0.12070814070775257, 
        0.729247526964771, 
        -0.6735189415918863
      ]
    ], 
    "trans_mat": [
      -0.06568937159299038, 
      0.08009895352625912, 
      0.847359788027124
    ]
  }, 
  {
    "img": "/media/hdd/YCBvideo/YCB_Video_Dataset/YCB_Video_Dataset/data/0038/000027-label.png", 
    "mask": "/media/hdd/YCBvideo/YCB_Video_Dataset/Generated_YCB_Video_Dataset/mask/0038/000027-mask-00.png", 
    "depth_minmax": [
      0.794, 
      0.878
    ], 
    "model": "/media/hdd/YCBvideo/YCB_Video_Dataset/YCB_Video_Dataset/models/037_scissors/textured.obj", 
    "rot_mat": [
      [
        0.9921461453812257, 
        0.08022663735239823, 
        -0.09596675503167915
      ], 
      [
        -0.01598295260974381, 
        -0.6796214146669501, 
        -0.733389146367538
      ], 
      [
        -0.12405888510558126, 
        0.7291635619711911, 
        -0.6730014344284524
      ]
    ], 
    "trans_mat": [
      -0.06485251946999712, 
      0.07883748499896397, 
      0.8479864798447199
    ]
  }, 
  {
    "img": "/media/hdd/YCBvideo/YCB_Video_Dataset/YCB_Video_Dataset/data/0038/000028-label.png", 
    "mask": "/media/hdd/YCBvideo/YCB_Video_Dataset/Generated_YCB_Video_Dataset/mask/0038/000028-mask-00.png", 
    "depth_minmax": [
      0.796, 
      0.887
    ], 
    "model": "/media/hdd/YCBvideo/YCB_Video_Dataset/YCB_Video_Dataset/models/037_scissors/textured.obj", 
    "rot_mat": [
      [
        0.9919836885680194, 
        0.08512234994307702, 
        -0.09339393016637094
      ], 
      [
        -0.010680659860694441, 
        -0.6799530181437407, 
        -0.7331776979084647
      ], 
      [
        -0.12591383086777863, 
        0.7282980627917287, 
        -0.673593259072199
      ]
    ], 
    "trans_mat": [
      -0.06550642740243157, 
      0.07721855785311882, 
      0.8483201448001807
    ]
  }, 
  {
    "img": "/media/hdd/YCBvideo/YCB_Video_Dataset/YCB_Video_Dataset/data/0038/000029-label.png", 
    "mask": "/media/hdd/YCBvideo/YCB_Video_Dataset/Generated_YCB_Video_Dataset/mask/0038/000029-mask-00.png", 
    "depth_minmax": [
      0.795, 
      0.884
    ], 
    "model": "/media/hdd/YCBvideo/YCB_Video_Dataset/YCB_Video_Dataset/models/037_scissors/textured.obj", 
    "rot_mat": [
      [
        0.9920839009263236, 
        0.08174582571803284, 
        -0.09532318044960696
      ], 
      [
        -0.014335817440760058, 
        -0.6804048692119891, 
        -0.7326963475475053
      ], 
      [
        -0.12475363430826894, 
        0.7282628103996722, 
        -0.673846721067563
      ]
    ], 
    "trans_mat": [
      -0.06814487197619352, 
      0.07853882855513641, 
      0.8480710906840493
    ]
  }, 
  {
    "img": "/media/hdd/YCBvideo/YCB_Video_Dataset/YCB_Video_Dataset/data/0038/000030-label.png", 
    "mask": "/media/hdd/YCBvideo/YCB_Video_Dataset/Generated_YCB_Video_Dataset/mask/0038/000030-mask-00.png", 
    "depth_minmax": [
      0.794, 
      0.89
    ], 
    "model": "/media/hdd/YCBvideo/YCB_Video_Dataset/YCB_Video_Dataset/models/037_scissors/textured.obj", 
    "rot_mat": [
      [
        0.9923145153544681, 
        0.08254434703657458, 
        -0.0921850458230188
      ], 
      [
        -0.011839464766985011, 
        -0.6782354496055364, 
        -0.7347495151299048
      ], 
      [
        -0.12317264921690953, 
        0.7301945119563296, 
        -0.6720453072210952
      ]
    ], 
    "trans_mat": [
      -0.06976872824394931, 
      0.07887360371210353, 
      0.8477663910185655
    ]
  }, 
  {
    "img": "/media/hdd/YCBvideo/YCB_Video_Dataset/YCB_Video_Dataset/data/0038/000031-label.png", 
    "mask": "/media/hdd/YCBvideo/YCB_Video_Dataset/Generated_YCB_Video_Dataset/mask/0038/000031-mask-00.png", 
    "depth_minmax": [
      0.794, 
      0.883
    ], 
    "model": "/media/hdd/YCBvideo/YCB_Video_Dataset/YCB_Video_Dataset/models/037_scissors/textured.obj", 
    "rot_mat": [
      [
        0.992345020090792, 
        0.08322262265355661, 
        -0.09123772428378826
      ], 
      [
        -0.010644783397197348, 
        -0.6784177038295863, 
        -0.7345995765039134
      ], 
      [
        -0.12303334438658123, 
        0.729947520606319, 
        -0.6723388875954979
      ]
    ], 
    "trans_mat": [
      -0.06864421827422326, 
      0.07889375694603586, 
      0.8485298110062685
    ]
  }, 
  {
    "img": "/media/hdd/YCBvideo/YCB_Video_Dataset/YCB_Video_Dataset/data/0038/000032-label.png", 
    "mask": "/media/hdd/YCBvideo/YCB_Video_Dataset/Generated_YCB_Video_Dataset/mask/0038/000032-mask-00.png", 
    "depth_minmax": [
      0.793, 
      0.884
    ], 
    "model": "/media/hdd/YCBvideo/YCB_Video_Dataset/YCB_Video_Dataset/models/037_scissors/textured.obj", 
    "rot_mat": [
      [
        0.9925718476500258, 
        0.08168671643084084, 
        -0.09015943230619956
      ], 
      [
        -0.011091054411823873, 
        -0.6772268445503891, 
        -0.735691040631377
      ], 
      [
        -0.12115459738259748, 
        0.7312262240440451, 
        -0.6712898148488409
      ]
    ], 
    "trans_mat": [
      -0.06949778613563057, 
      0.0799901949369856, 
      0.8485337785104757
    ]
  }, 
  {
    "img": "/media/hdd/YCBvideo/YCB_Video_Dataset/YCB_Video_Dataset/data/0038/000033-label.png", 
    "mask": "/media/hdd/YCBvideo/YCB_Video_Dataset/Generated_YCB_Video_Dataset/mask/0038/000033-mask-00.png", 
    "depth_minmax": [
      0.792, 
      0.883
    ], 
    "model": "/media/hdd/YCBvideo/YCB_Video_Dataset/YCB_Video_Dataset/models/037_scissors/textured.obj", 
    "rot_mat": [
      [
        0.9926128601935155, 
        0.08012432008059367, 
        -0.09110432757956119
      ], 
      [
        -0.012966507252256905, 
        -0.6765459619644231, 
        -0.7362861604508074
      ], 
      [
        -0.1206306801566571, 
        0.7320283810789932, 
        -0.6705090572816013
      ]
    ], 
    "trans_mat": [
      -0.06949384474188017, 
      0.08077505107449022, 
      0.8491319357241606
    ]
  }, 
  {
    "img": "/media/hdd/YCBvideo/YCB_Video_Dataset/YCB_Video_Dataset/data/0038/000034-label.png", 
    "mask": "/media/hdd/YCBvideo/YCB_Video_Dataset/Generated_YCB_Video_Dataset/mask/0038/000034-mask-00.png", 
    "depth_minmax": [
      0.794, 
      0.887
    ], 
    "model": "/media/hdd/YCBvideo/YCB_Video_Dataset/YCB_Video_Dataset/models/037_scissors/textured.obj", 
    "rot_mat": [
      [
        0.9924926784471411, 
        0.08056357118160405, 
        -0.0920220120077375
      ], 
      [
        -0.013421145739891938, 
        -0.6761097978348632, 
        -0.7366791511668013
      ], 
      [
        -0.12156720550309692, 
        0.7323831153530413, 
        -0.6699526976318784
      ]
    ], 
    "trans_mat": [
      -0.06849846679499955, 
      0.08144816199243299, 
      0.8497235626827224
    ]
  }, 
  {
    "img": "/media/hdd/YCBvideo/YCB_Video_Dataset/YCB_Video_Dataset/data/0038/000035-label.png", 
    "mask": "/media/hdd/YCBvideo/YCB_Video_Dataset/Generated_YCB_Video_Dataset/mask/0038/000035-mask-00.png", 
    "depth_minmax": [
      0.798, 
      0.885
    ], 
    "model": "/media/hdd/YCBvideo/YCB_Video_Dataset/YCB_Video_Dataset/models/037_scissors/textured.obj", 
    "rot_mat": [
      [
        0.9926674805264661, 
        0.07863557432883819, 
        -0.0918010666369552
      ], 
      [
        -0.014823292180477447, 
        -0.6745366964043631, 
        -0.7380927440875711
      ], 
      [
        -0.11996463582058524, 
        0.7340418356263222, 
        -0.6684249154167755
      ]
    ], 
    "trans_mat": [
      -0.06838193209243797, 
      0.08202411286392174, 
      0.8500125444617661
    ]
  }, 
  {
    "img": "/media/hdd/YCBvideo/YCB_Video_Dataset/YCB_Video_Dataset/data/0038/000036-label.png", 
    "mask": "/media/hdd/YCBvideo/YCB_Video_Dataset/Generated_YCB_Video_Dataset/mask/0038/000036-mask-00.png", 
    "depth_minmax": [
      0.796, 
      0.885
    ], 
    "model": "/media/hdd/YCBvideo/YCB_Video_Dataset/YCB_Video_Dataset/models/037_scissors/textured.obj", 
    "rot_mat": [
      [
        0.9924497794723376, 
        0.07993763932341691, 
        -0.09302451922024454
      ], 
      [
        -0.014786843053744775, 
        -0.674929154392456, 
        -0.7377348042438894
      ], 
      [
        -0.12175764389107752, 
        0.7335404994211119, 
        -0.668650971564823
      ]
    ], 
    "trans_mat": [
      -0.06829700487620749, 
      0.08305550677029191, 
      0.8506523610596852
    ]
  }, 
  {
    "img": "/media/hdd/YCBvideo/YCB_Video_Dataset/YCB_Video_Dataset/data/0038/000037-label.png", 
    "mask": "/media/hdd/YCBvideo/YCB_Video_Dataset/Generated_YCB_Video_Dataset/mask/0038/000037-mask-00.png", 
    "depth_minmax": [
      0.797, 
      0.889
    ], 
    "model": "/media/hdd/YCBvideo/YCB_Video_Dataset/YCB_Video_Dataset/models/037_scissors/textured.obj", 
    "rot_mat": [
      [
        0.992550905378646, 
        0.07940752039308199, 
        -0.09239476842040775
      ], 
      [
        -0.01484341429925608, 
        -0.6739217629049268, 
        -0.7386538891997322
      ], 
      [
        -0.12092226808354183, 
        0.7345228576494444, 
        -0.6677229192436962
      ]
    ], 
    "trans_mat": [
      -0.06887359374340363, 
      0.08382879959621099, 
      0.850965829807226
    ]
  }, 
  {
    "img": "/media/hdd/YCBvideo/YCB_Video_Dataset/YCB_Video_Dataset/data/0038/000038-label.png", 
    "mask": "/media/hdd/YCBvideo/YCB_Video_Dataset/Generated_YCB_Video_Dataset/mask/0038/000038-mask-00.png", 
    "depth_minmax": [
      0.796, 
      0.889
    ], 
    "model": "/media/hdd/YCBvideo/YCB_Video_Dataset/YCB_Video_Dataset/models/037_scissors/textured.obj", 
    "rot_mat": [
      [
        0.9923628044802779, 
        0.08127766785205294, 
        -0.09278910029457203
      ], 
      [
        -0.014044062839882805, 
        -0.6728868582277125, 
        -0.7396119011166647
      ], 
      [
        -0.12255135407862312, 
        0.7352667771853697, 
        -0.6666062969652424
      ]
    ], 
    "trans_mat": [
      -0.06935915578030882, 
      0.08452245406037384, 
      0.8514521813168526
    ]
  }, 
  {
    "img": "/media/hdd/YCBvideo/YCB_Video_Dataset/YCB_Video_Dataset/data/0038/000039-label.png", 
    "mask": "/media/hdd/YCBvideo/YCB_Video_Dataset/Generated_YCB_Video_Dataset/mask/0038/000039-mask-00.png", 
    "depth_minmax": [
      0.798, 
      0.886
    ], 
    "model": "/media/hdd/YCBvideo/YCB_Video_Dataset/YCB_Video_Dataset/models/037_scissors/textured.obj", 
    "rot_mat": [
      [
        0.9925132227537412, 
        0.08119427434470426, 
        -0.09124410988431345
      ], 
      [
        -0.013093001584858465, 
        -0.6720167099587094, 
        -0.74042096849953
      ], 
      [
        -0.1214354364028792, 
        0.7360714640533274, 
        -0.6659217628312512
      ]
    ], 
    "trans_mat": [
      -0.06915114381162957, 
      0.08503654592365957, 
      0.8517255830740593
    ]
  }, 
  {
    "img": "/media/hdd/YCBvideo/YCB_Video_Dataset/YCB_Video_Dataset/data/0038/000040-label.png", 
    "mask": "/media/hdd/YCBvideo/YCB_Video_Dataset/Generated_YCB_Video_Dataset/mask/0038/000040-mask-00.png", 
    "depth_minmax": [
      0.799, 
      0.886
    ], 
    "model": "/media/hdd/YCBvideo/YCB_Video_Dataset/YCB_Video_Dataset/models/037_scissors/textured.obj", 
    "rot_mat": [
      [
        0.9923592563463742, 
        0.08041154863947715, 
        -0.09358203910235512
      ], 
      [
        -0.015368794769923649, 
        -0.6719975856596486, 
        -0.7403941254668921
      ], 
      [
        -0.12242336647491346, 
        0.7361756983890385, 
        -0.6656271004101938
      ]
    ], 
    "trans_mat": [
      -0.0680820237136697, 
      0.08467005465170988, 
      0.8525081418265951
    ]
  }, 
  {
    "img": "/media/hdd/YCBvideo/YCB_Video_Dataset/YCB_Video_Dataset/data/0038/000041-label.png", 
    "mask": "/media/hdd/YCBvideo/YCB_Video_Dataset/Generated_YCB_Video_Dataset/mask/0038/000041-mask-00.png", 
    "depth_minmax": [
      0.798, 
      0.888
    ], 
    "model": "/media/hdd/YCBvideo/YCB_Video_Dataset/YCB_Video_Dataset/models/037_scissors/textured.obj", 
    "rot_mat": [
      [
        0.9918902296571064, 
        0.08462650773277242, 
        -0.09482402357711239
      ], 
      [
        -0.013351291956029628, 
        -0.6725743097830361, 
        -0.739909565452751
      ], 
      [
        -0.12639217881369846, 
        0.735175292027734, 
        -0.6659901678050385
      ]
    ], 
    "trans_mat": [
      -0.06862409411020606, 
      0.08415886642109571, 
      0.8528474073813337
    ]
  }, 
  {
    "img": "/media/hdd/YCBvideo/YCB_Video_Dataset/YCB_Video_Dataset/data/0038/000042-label.png", 
    "mask": "/media/hdd/YCBvideo/YCB_Video_Dataset/Generated_YCB_Video_Dataset/mask/0038/000042-mask-00.png", 
    "depth_minmax": [
      0.799, 
      0.886
    ], 
    "model": "/media/hdd/YCBvideo/YCB_Video_Dataset/YCB_Video_Dataset/models/037_scissors/textured.obj", 
    "rot_mat": [
      [
        0.991972294520896, 
        0.08144887007096403, 
        -0.09673231967835477
      ], 
      [
        -0.01699726141404411, 
        -0.6721271954315203, 
        -0.7402407220824373
      ], 
      [
        -0.1253085912113313, 
        0.7359425884711153, 
        -0.6653471078690788
      ]
    ], 
    "trans_mat": [
      -0.07007103576192052, 
      0.08483269228769372, 
      0.8528079232159297
    ]
  }, 
  {
    "img": "/media/hdd/YCBvideo/YCB_Video_Dataset/YCB_Video_Dataset/data/0038/000043-label.png", 
    "mask": "/media/hdd/YCBvideo/YCB_Video_Dataset/Generated_YCB_Video_Dataset/mask/0038/000043-mask-00.png", 
    "depth_minmax": [
      0.799, 
      0.886
    ], 
    "model": "/media/hdd/YCBvideo/YCB_Video_Dataset/YCB_Video_Dataset/models/037_scissors/textured.obj", 
    "rot_mat": [
      [
        0.9920523662681384, 
        0.0808282758737278, 
        -0.09642891555244591
      ], 
      [
        -0.01719460262557156, 
        -0.6720983808961141, 
        -0.7402625202352829
      ], 
      [
        -0.1246438800631379, 
        0.7360374408756384, 
        -0.6653670694918025
      ]
    ], 
    "trans_mat": [
      -0.07075743622663833, 
      0.08484294256318385, 
      0.8527556822407529
    ]
  }, 
  {
    "img": "/media/hdd/YCBvideo/YCB_Video_Dataset/YCB_Video_Dataset/data/0038/000044-label.png", 
    "mask": "/media/hdd/YCBvideo/YCB_Video_Dataset/Generated_YCB_Video_Dataset/mask/0038/000044-mask-00.png", 
    "depth_minmax": [
      0.799, 
      0.89
    ], 
    "model": "/media/hdd/YCBvideo/YCB_Video_Dataset/YCB_Video_Dataset/models/037_scissors/textured.obj", 
    "rot_mat": [
      [
        0.9917302125711159, 
        0.08111697635704082, 
        -0.09945318496125743
      ], 
      [
        -0.019089266692905178, 
        -0.6730708719212012, 
        -0.7393322258192145
      ], 
      [
        -0.12691224330785694, 
        0.7351164775393761, 
        -0.6659561779408286
      ]
    ], 
    "trans_mat": [
      -0.07056612511020599, 
      0.08366809547853944, 
      0.8530395327216296
    ]
  }, 
  {
    "img": "/media/hdd/YCBvideo/YCB_Video_Dataset/YCB_Video_Dataset/data/0038/000045-label.png", 
    "mask": "/media/hdd/YCBvideo/YCB_Video_Dataset/Generated_YCB_Video_Dataset/mask/0038/000045-mask-00.png", 
    "depth_minmax": [
      0.798, 
      0.888
    ], 
    "model": "/media/hdd/YCBvideo/YCB_Video_Dataset/YCB_Video_Dataset/models/037_scissors/textured.obj", 
    "rot_mat": [
      [
        0.9918777583709139, 
        0.08070452938678727, 
        -0.0983075897101847
      ], 
      [
        -0.01833175307028924, 
        -0.6741295806414153, 
        -0.7383852151784113
      ], 
      [
        -0.12586380008845638, 
        0.734191231956045, 
        -0.6671750838972191
      ]
    ], 
    "trans_mat": [
      -0.07091790212462024, 
      0.08315891072102134, 
      0.8527566399674251
    ]
  }, 
  {
    "img": "/media/hdd/YCBvideo/YCB_Video_Dataset/YCB_Video_Dataset/data/0038/000046-label.png", 
    "mask": "/media/hdd/YCBvideo/YCB_Video_Dataset/Generated_YCB_Video_Dataset/mask/0038/000046-mask-00.png", 
    "depth_minmax": [
      0.798, 
      0.888
    ], 
    "model": "/media/hdd/YCBvideo/YCB_Video_Dataset/YCB_Video_Dataset/models/037_scissors/textured.obj", 
    "rot_mat": [
      [
        0.9919315357008973, 
        0.07784789325323539, 
        -0.10005433722573356
      ], 
      [
        -0.021631011409401598, 
        -0.6737347324800065, 
        -0.7386573170238764
      ], 
      [
        -0.1249132063205096, 
        0.7348617735223715, 
        -0.6666151599276461
      ]
    ], 
    "trans_mat": [
      -0.07074045187015719, 
      0.0821294380193116, 
      0.8526325502590892
    ]
  }, 
  {
    "img": "/media/hdd/YCBvideo/YCB_Video_Dataset/YCB_Video_Dataset/data/0038/000047-label.png", 
    "mask": "/media/hdd/YCBvideo/YCB_Video_Dataset/Generated_YCB_Video_Dataset/mask/0038/000047-mask-00.png", 
    "depth_minmax": [
      0.798, 
      0.89
    ], 
    "model": "/media/hdd/YCBvideo/YCB_Video_Dataset/YCB_Video_Dataset/models/037_scissors/textured.obj", 
    "rot_mat": [
      [
        0.9915121296296245, 
        0.07880386982671762, 
        -0.10341192881313323
      ], 
      [
        -0.02317340753996426, 
        -0.6755317906160287, 
        -0.736966286851677
      ], 
      [
        -0.12793392900554323, 
        0.7331078641951735, 
        -0.6679718050625838
      ]
    ], 
    "trans_mat": [
      -0.07029574555675294, 
      0.0801512132748893, 
      0.8527386961796974
    ]
  }, 
  {
    "img": "/media/hdd/YCBvideo/YCB_Video_Dataset/YCB_Video_Dataset/data/0038/000048-label.png", 
    "mask": "/media/hdd/YCBvideo/YCB_Video_Dataset/Generated_YCB_Video_Dataset/mask/0038/000048-mask-00.png", 
    "depth_minmax": [
      0.798, 
      0.882
    ], 
    "model": "/media/hdd/YCBvideo/YCB_Video_Dataset/YCB_Video_Dataset/models/037_scissors/textured.obj", 
    "rot_mat": [
      [
        0.9914398992557466, 
        0.07881464831925733, 
        -0.10409277783031258
      ], 
      [
        -0.02339475619544658, 
        -0.6771080818648153, 
        -0.7355117887055195
      ], 
      [
        -0.1284524051593496, 
        0.7316507778529476, 
        -0.6694680104609976
      ]
    ], 
    "trans_mat": [
      -0.07092560013802363, 
      0.07936263609194534, 
      0.8524301862860997
    ]
  }, 
  {
    "img": "/media/hdd/YCBvideo/YCB_Video_Dataset/YCB_Video_Dataset/data/0038/000049-label.png", 
