[
  {
    "img": "/media/hdd/YCBvideo/YCB_Video_Dataset/YCB_Video_Dataset/data/0040/000001-label.png", 
    "mask": "/media/hdd/YCBvideo/YCB_Video_Dataset/Generated_YCB_Video_Dataset/mask/0040/000001-mask-02.png", 
    "depth_minmax": [
      1.067, 
      1.104
    ], 
    "model": "/media/hdd/YCBvideo/YCB_Video_Dataset/YCB_Video_Dataset/models/061_foam_brick/textured.obj", 
    "rot_mat": [
      [
        0.1815625824799558, 
        0.9759793937908046, 
        -0.12041313659438065
      ], 
      [
        -0.499469684864125, 
        0.19700197643952222, 
        0.8436346502298423
      ], 
      [
        0.8470918342982836, 
        -0.09303017443739489, 
        0.5232398092433487
      ]
    ], 
    "trans_mat": [
      -0.11704042783444721, 
      -0.06624359907937702, 
      1.1029079750302409
    ]
  }, 
  {
    "img": "/media/hdd/YCBvideo/YCB_Video_Dataset/YCB_Video_Dataset/data/0040/000001-label.png", 
    "mask": "/media/hdd/YCBvideo/YCB_Video_Dataset/Generated_YCB_Video_Dataset/mask/0040/000001-mask-00.png", 
    "depth_minmax": [
      0.949, 
      1.028
    ], 
    "model": "/media/hdd/YCBvideo/YCB_Video_Dataset/YCB_Video_Dataset/models/006_mustard_bottle/textured.obj", 
    "rot_mat": [
      [
        -0.9123041129458496, 
        0.3800836793832213, 
        0.15243953892934653
      ], 
      [
        0.05945708165505852, 
        0.4912384426836199, 
        -0.8689929728393713
      ], 
      [
        -0.4051743564773139, 
        -0.7837222633410379, 
        -0.47075713282051235
      ]
    ], 
    "trans_mat": [
      0.0575622001325577, 
      -0.03813250765429452, 
      1.0023582616983417
    ]
  }, 
  {
    "img": "/media/hdd/YCBvideo/YCB_Video_Dataset/YCB_Video_Dataset/data/0040/000001-label.png", 
    "mask": "/media/hdd/YCBvideo/YCB_Video_Dataset/Generated_YCB_Video_Dataset/mask/0040/000001-mask-01.png", 
    "depth_minmax": [
      0.78, 
      0.872
    ], 
    "model": "/media/hdd/YCBvideo/YCB_Video_Dataset/YCB_Video_Dataset/models/008_pudding_box/textured.obj", 
    "rot_mat": [
      [
        0.6482820246505415, 
        0.5067834880367741, 
        0.5682441996657129
      ], 
      [
        0.21589172197533038, 
        -0.838032186858709, 
        0.5010913163352102
      ], 
      [
        0.7301512810925483, 
        -0.20216933882271726, 
        -0.6526913735048439
      ]
    ], 
    "trans_mat": [
      -0.07822096499032896, 
      0.0931082640722194, 
      0.8344083952008076
    ]
  }, 
  {
    "img": "/media/hdd/YCBvideo/YCB_Video_Dataset/YCB_Video_Dataset/data/0040/000002-label.png", 
    "mask": "/media/hdd/YCBvideo/YCB_Video_Dataset/Generated_YCB_Video_Dataset/mask/0040/000002-mask-01.png", 
    "depth_minmax": [
      1.067, 
      1.108
    ], 
    "model": "/media/hdd/YCBvideo/YCB_Video_Dataset/YCB_Video_Dataset/models/061_foam_brick/textured.obj", 
    "rot_mat": [
      [
        0.18039249519275974, 
        0.9765383062071367, 
        -0.1176118516245207
      ], 
      [
        -0.50049614514401, 
        0.19406914662329847, 
        0.8437062106321598
      ], 
      [
        0.8467360119167633, 
        -0.09333430493011327, 
        0.523761506534432
      ]
    ], 
    "trans_mat": [
      -0.1174838404690107, 
      -0.06557893662440059, 
      1.102943231196189
    ]
  }, 
  {
    "img": "/media/hdd/YCBvideo/YCB_Video_Dataset/YCB_Video_Dataset/data/0040/000002-label.png", 
    "mask": "/media/hdd/YCBvideo/YCB_Video_Dataset/Generated_YCB_Video_Dataset/mask/0040/000002-mask-00.png", 
    "depth_minmax": [
      0.781, 
      0.875
    ], 
    "model": "/media/hdd/YCBvideo/YCB_Video_Dataset/YCB_Video_Dataset/models/008_pudding_box/textured.obj", 
    "rot_mat": [
      [
        0.6492479560456251, 
        0.5041333624430343, 
        0.5694981941954812
      ], 
      [
        0.21350035183825958, 
        -0.8394645987481161, 
        0.49971662281454265
      ], 
      [
        0.7299965930775338, 
        -0.2028518748254542, 
        -0.6526527794473883
      ]
    ], 
    "trans_mat": [
      -0.07829074045173107, 
      0.09380364072434962, 
      0.8345161292767792
    ]
  }, 
  {
    "img": "/media/hdd/YCBvideo/YCB_Video_Dataset/YCB_Video_Dataset/data/0040/000003-label.png", 
    "mask": "/media/hdd/YCBvideo/YCB_Video_Dataset/Generated_YCB_Video_Dataset/mask/0040/000003-mask-01.png", 
    "depth_minmax": [
      1.065, 
      1.107
    ], 
    "model": "/media/hdd/YCBvideo/YCB_Video_Dataset/YCB_Video_Dataset/models/061_foam_brick/textured.obj", 
    "rot_mat": [
      [
        0.18219364811786723, 
        0.9758300434817209, 
        -0.12067474527727992
      ], 
      [
        -0.4969491142891962, 
        0.1972864559216163, 
        0.8450551382751679
      ], 
      [
        0.8484378884913413, 
        -0.09399471717507599, 
        0.52088161727891
      ]
    ], 
    "trans_mat": [
      -0.11697213775616913, 
      -0.0639478076568412, 
      1.1031078962766836
    ]
  }, 
  {
    "img": "/media/hdd/YCBvideo/YCB_Video_Dataset/YCB_Video_Dataset/data/0040/000003-label.png", 
    "mask": "/media/hdd/YCBvideo/YCB_Video_Dataset/Generated_YCB_Video_Dataset/mask/0040/000003-mask-00.png", 
    "depth_minmax": [
      0.781, 
      0.871
    ], 
    "model": "/media/hdd/YCBvideo/YCB_Video_Dataset/YCB_Video_Dataset/models/008_pudding_box/textured.obj", 
    "rot_mat": [
      [
        0.6484606973640031, 
        0.5071741981530783, 
        0.5676924659975472
      ], 
      [
        0.21833888588627814, 
        -0.838319017234732, 
        0.49954823154779815
      ], 
      [
        0.7292649732042978, 
        -0.1999879682779977, 
        -0.6543525053265573
      ]
    ], 
    "trans_mat": [
      -0.0783532570950006, 
      0.09465949016020991, 
      0.8341389034063558
    ]
  }, 
  {
    "img": "/media/hdd/YCBvideo/YCB_Video_Dataset/YCB_Video_Dataset/data/0040/000004-label.png", 
    "mask": "/media/hdd/YCBvideo/YCB_Video_Dataset/Generated_YCB_Video_Dataset/mask/0040/000004-mask-02.png", 
    "depth_minmax": [
      1.065, 
      1.109
    ], 
    "model": "/media/hdd/YCBvideo/YCB_Video_Dataset/YCB_Video_Dataset/models/061_foam_brick/textured.obj", 
    "rot_mat": [
      [
        0.18250104269354853, 
        0.9758501369621522, 
        -0.12004557692116277
      ], 
      [
        -0.49680176950729427, 
        0.19688855557253343, 
        0.8452355599049188
      ], 
      [
        0.8484581174848081, 
        -0.09461777978390848, 
        0.5207357686567938
      ]
    ], 
    "trans_mat": [
      -0.11623266506559435, 
      -0.06316626679070836, 
      1.1031005003742016
    ]
  }, 
  {
    "img": "/media/hdd/YCBvideo/YCB_Video_Dataset/YCB_Video_Dataset/data/0040/000004-label.png", 
    "mask": "/media/hdd/YCBvideo/YCB_Video_Dataset/Generated_YCB_Video_Dataset/mask/0040/000004-mask-00.png", 
    "depth_minmax": [
      0.949, 
      1.022
    ], 
    "model": "/media/hdd/YCBvideo/YCB_Video_Dataset/YCB_Video_Dataset/models/006_mustard_bottle/textured.obj", 
    "rot_mat": [
      [
        -0.9127199345834865, 
        0.37921004839826394, 
        0.15212909371817507
      ], 
      [
        0.05803240869381408, 
        0.48886914426440004, 
        -0.8704248531712707
      ], 
      [
        -0.4044448433597156, 
        -0.785624874290573, 
        -0.4682065799310658
      ]
    ], 
    "trans_mat": [
      0.05826430335767833, 
      -0.03533623283919506, 
      1.0022893626223122
    ]
  }, 
  {
    "img": "/media/hdd/YCBvideo/YCB_Video_Dataset/YCB_Video_Dataset/data/0040/000004-label.png", 
    "mask": "/media/hdd/YCBvideo/YCB_Video_Dataset/Generated_YCB_Video_Dataset/mask/0040/000004-mask-01.png", 
    "depth_minmax": [
      0.78, 
      0.87
    ], 
    "model": "/media/hdd/YCBvideo/YCB_Video_Dataset/YCB_Video_Dataset/models/008_pudding_box/textured.obj", 
    "rot_mat": [
      [
        0.6489719100444219, 
        0.5067357373651958, 
        0.5674996910425937
      ], 
      [
        0.21827752932870714, 
        -0.8385652696836152, 
        0.4991632869865113
      ], 
      [
        0.7288283898511603, 
        -0.20007068907296477, 
        -0.6548134179742502
      ]
    ], 
    "trans_mat": [
      -0.07771085544904544, 
      0.09535738834130045, 
      0.8340682752381609
    ]
  }, 
  {
    "img": "/media/hdd/YCBvideo/YCB_Video_Dataset/YCB_Video_Dataset/data/0040/000005-label.png", 
    "mask": "/media/hdd/YCBvideo/YCB_Video_Dataset/Generated_YCB_Video_Dataset/mask/0040/000005-mask-01.png", 
    "depth_minmax": [
      1.064, 
      1.108
    ], 
    "model": "/media/hdd/YCBvideo/YCB_Video_Dataset/YCB_Video_Dataset/models/061_foam_brick/textured.obj", 
    "rot_mat": [
      [
        0.1832267893977109, 
        0.9756831880694729, 
        -0.12029473928262978
      ], 
      [
        -0.49716483613713325, 
        0.19753095036054857, 
        0.8448712316595247
      ], 
      [
        0.8480889386506146, 
        -0.09499717384490902, 
        0.5212681602856205
      ]
    ], 
    "trans_mat": [
      -0.11525747170792763, 
      -0.06401079380024752, 
      1.1028049706638294
    ]
  }, 
  {
    "img": "/media/hdd/YCBvideo/YCB_Video_Dataset/YCB_Video_Dataset/data/0040/000005-label.png", 
    "mask": "/media/hdd/YCBvideo/YCB_Video_Dataset/Generated_YCB_Video_Dataset/mask/0040/000005-mask-00.png", 
    "depth_minmax": [
      0.78, 
      0.87
    ], 
    "model": "/media/hdd/YCBvideo/YCB_Video_Dataset/YCB_Video_Dataset/models/008_pudding_box/textured.obj", 
    "rot_mat": [
      [
        0.6492054407613617, 
        0.5071415698653827, 
        0.5668692742328398
      ], 
      [
        0.21826241596041626, 
        -0.8381463568597909, 
        0.49987145882549827
      ], 
      [
        0.7286247989379075, 
        -0.2007933181273077, 
        -0.6548190780131697
      ]
    ], 
    "trans_mat": [
      -0.0769664397312344, 
      0.09468623658920669, 
      0.8338420212587248
    ]
  }, 
  {
    "img": "/media/hdd/YCBvideo/YCB_Video_Dataset/YCB_Video_Dataset/data/0040/000006-label.png", 
    "mask": "/media/hdd/YCBvideo/YCB_Video_Dataset/Generated_YCB_Video_Dataset/mask/0040/000006-mask-02.png", 
    "depth_minmax": [
      1.062, 
      1.108
    ], 
    "model": "/media/hdd/YCBvideo/YCB_Video_Dataset/YCB_Video_Dataset/models/061_foam_brick/textured.obj", 
    "rot_mat": [
      [
        0.1814924704259935, 
        0.9762584182364213, 
        -0.1182412039449543
      ], 
      [
        -0.5005309437092799, 
        0.1952048605630881, 
        0.8434236081253714
      ], 
      [
        0.8464810701677181, 
        -0.09389206165340733, 
        0.5240750420774876
      ]
    ], 
    "trans_mat": [
      -0.11424546358355187, 
      -0.06594657172355446, 
      1.1021953794453645
    ]
  }, 
  {
    "img": "/media/hdd/YCBvideo/YCB_Video_Dataset/YCB_Video_Dataset/data/0040/000006-label.png", 
    "mask": "/media/hdd/YCBvideo/YCB_Video_Dataset/Generated_YCB_Video_Dataset/mask/0040/000006-mask-00.png", 
    "depth_minmax": [
      0.947, 
      1.027
    ], 
    "model": "/media/hdd/YCBvideo/YCB_Video_Dataset/YCB_Video_Dataset/models/006_mustard_bottle/textured.obj", 
    "rot_mat": [
      [
        -0.9126139277874334, 
        0.3802034880556841, 
        0.15027396202819338
      ], 
      [
        0.06155094757193631, 
        0.4911673001702699, 
        -0.8688876117264849
      ], 
      [
        -0.40416401584233835, 
        -0.7837096394910968, 
        -0.47164738523247246
      ]
    ], 
    "trans_mat": [
      0.060305177086338334, 
      -0.03808630159669868, 
      1.0014854977698768
    ]
  }, 
  {
    "img": "/media/hdd/YCBvideo/YCB_Video_Dataset/YCB_Video_Dataset/data/0040/000006-label.png", 
    "mask": "/media/hdd/YCBvideo/YCB_Video_Dataset/Generated_YCB_Video_Dataset/mask/0040/000006-mask-01.png", 
    "depth_minmax": [
      0.778, 
      0.874
    ], 
    "model": "/media/hdd/YCBvideo/YCB_Video_Dataset/YCB_Video_Dataset/models/008_pudding_box/textured.obj", 
    "rot_mat": [
      [
        0.6494632373286381, 
        0.5049590521609103, 
        0.5685203100180042
      ], 
      [
        0.2140308433846459, 
        -0.838833872262717, 
        0.5005482986445614
      ], 
      [
        0.7296500742229886, 
        -0.20340663141605841, 
        -0.6528685628281378
      ]
    ], 
    "trans_mat": [
      -0.07540197119102879, 
      0.09355652712409712, 
      0.8337888196602367
    ]
  }, 
  {
    "img": "/media/hdd/YCBvideo/YCB_Video_Dataset/YCB_Video_Dataset/data/0040/000007-label.png", 
    "mask": "/media/hdd/YCBvideo/YCB_Video_Dataset/Generated_YCB_Video_Dataset/mask/0040/000007-mask-01.png", 
    "depth_minmax": [
      1.064, 
      1.11
    ], 
    "model": "/media/hdd/YCBvideo/YCB_Video_Dataset/YCB_Video_Dataset/models/061_foam_brick/textured.obj", 
    "rot_mat": [
      [
        0.185981176604016, 
        0.9750649592340053, 
        -0.12107424006334262
      ], 
      [
        -0.49900127132399424, 
        0.19988312249514903, 
        0.8432338258435035
      ], 
      [
        0.8464099195998566, 
        -0.0964099169984185, 
        0.5237329237429313
      ]
    ], 
    "trans_mat": [
      -0.11207441910042976, 
      -0.06731754106460781, 
      1.1018651810572744
    ]
  }, 
  {
    "img": "/media/hdd/YCBvideo/YCB_Video_Dataset/YCB_Video_Dataset/data/0040/000007-label.png", 
    "mask": "/media/hdd/YCBvideo/YCB_Video_Dataset/Generated_YCB_Video_Dataset/mask/0040/000007-mask-00.png", 
    "depth_minmax": [
      0.778, 
      0.87
    ], 
    "model": "/media/hdd/YCBvideo/YCB_Video_Dataset/YCB_Video_Dataset/models/008_pudding_box/textured.obj", 
    "rot_mat": [
      [
        0.6501818492002163, 
        0.5085419964458796, 
        0.5644897979770956
      ], 
      [
        0.21774097850176188, 
        -0.8365194278650862, 
        0.5028155230322355
      ], 
      [
        0.7279099237549891, 
        -0.20400886114479355, 
        -0.6546209615973887
      ]
    ], 
    "trans_mat": [
      -0.0746595775077464, 
      0.09216967594612346, 
      0.833246308011143
    ]
  }, 
  {
    "img": "/media/hdd/YCBvideo/YCB_Video_Dataset/YCB_Video_Dataset/data/0040/000008-label.png", 
    "mask": "/media/hdd/YCBvideo/YCB_Video_Dataset/Generated_YCB_Video_Dataset/mask/0040/000008-mask-02.png", 
    "depth_minmax": [
      1.062, 
      1.101
    ], 
    "model": "/media/hdd/YCBvideo/YCB_Video_Dataset/YCB_Video_Dataset/models/061_foam_brick/textured.obj", 
    "rot_mat": [
      [
        0.1856667647319277, 
        0.9751824694711054, 
        -0.12061261751262713
      ], 
      [
        -0.4997261563868589, 
        0.19939816170363298, 
        0.8429192052763167
      ], 
      [
        0.8460507681973308, 
        -0.09622907814511404, 
        0.5243459901480619
      ]
    ], 
    "trans_mat": [
      -0.11194578996218305, 
      -0.0686585621174454, 
      1.1013099181013932
    ]
  }, 
  {
    "img": "/media/hdd/YCBvideo/YCB_Video_Dataset/YCB_Video_Dataset/data/0040/000008-label.png", 
    "mask": "/media/hdd/YCBvideo/YCB_Video_Dataset/Generated_YCB_Video_Dataset/mask/0040/000008-mask-00.png", 
    "depth_minmax": [
      0.944, 
      1.027
    ], 
    "model": "/media/hdd/YCBvideo/YCB_Video_Dataset/YCB_Video_Dataset/models/006_mustard_bottle/textured.obj", 
    "rot_mat": [
      [
        -0.9138338806924132, 
        0.3762126168457434, 
        0.1528798510609114
      ], 
      [
        0.05761725042970222, 
        0.49277903944053064, 
        -0.8682440238694026
      ], 
      [
        -0.40198096792303817, 
        -0.7846227870267601, 
        -0.47199477963319386
      ]
    ], 
    "trans_mat": [
      0.062242035196451335, 
      -0.04005042517849887, 
      1.0001825114303717
    ]
  }, 
  {
    "img": "/media/hdd/YCBvideo/YCB_Video_Dataset/YCB_Video_Dataset/data/0040/000008-label.png", 
    "mask": "/media/hdd/YCBvideo/YCB_Video_Dataset/Generated_YCB_Video_Dataset/mask/0040/000008-mask-01.png", 
    "depth_minmax": [
      0.778, 
      0.87
    ], 
    "model": "/media/hdd/YCBvideo/YCB_Video_Dataset/YCB_Video_Dataset/models/008_pudding_box/textured.obj", 
    "rot_mat": [
      [
        0.6502800480339824, 
        0.5080728731389662, 
        0.5647997000838267
      ], 
      [
        0.2168380100915908, 
        -0.8366594099936007, 
        0.5029726371611307
      ], 
      [
        0.7280920891270243, 
        -0.20460343868763275, 
        -0.6542325849300024
      ]
    ], 
    "trans_mat": [
      -0.07443050546741856, 
      0.09100377532878541, 
      0.8328092535796873
    ]
  }, 
  {
    "img": "/media/hdd/YCBvideo/YCB_Video_Dataset/YCB_Video_Dataset/data/0040/000009-label.png", 
    "mask": "/media/hdd/YCBvideo/YCB_Video_Dataset/Generated_YCB_Video_Dataset/mask/0040/000009-mask-01.png", 
    "depth_minmax": [
      1.061, 
      1.101
    ], 
    "model": "/media/hdd/YCBvideo/YCB_Video_Dataset/YCB_Video_Dataset/models/061_foam_brick/textured.obj", 
    "rot_mat": [
      [
        0.18608394156420335, 
        0.974971263951093, 
        -0.12167589075095589
      ], 
      [
        -0.5000736385667657, 
        0.20057977391982548, 
        0.8424327340370905
      ], 
      [
        0.8457536725329976, 
        -0.09591668749564725, 
        0.5248820634253318
      ]
    ], 
    "trans_mat": [
      -0.11205558046900391, 
      -0.0698274790092705, 
      1.1007337498265362
    ]
  }, 
  {
    "img": "/media/hdd/YCBvideo/YCB_Video_Dataset/YCB_Video_Dataset/data/0040/000009-label.png", 
    "mask": "/media/hdd/YCBvideo/YCB_Video_Dataset/Generated_YCB_Video_Dataset/mask/0040/000009-mask-00.png", 
    "depth_minmax": [
      0.778, 
      0.87
    ], 
    "model": "/media/hdd/YCBvideo/YCB_Video_Dataset/YCB_Video_Dataset/models/008_pudding_box/textured.obj", 
    "rot_mat": [
      [
        0.6498970491568755, 
        0.5090699538722251, 
        0.5643432604990435
      ], 
      [
        0.2171007886899956, 
        -0.8359406579390922, 
        0.504053354098347
      ], 
      [
        0.7283557146705246, 
        -0.20506385966311538, 
        -0.6537947006621359
      ]
    ], 
    "trans_mat": [
      -0.07467394325001175, 
      0.09005569468202947, 
      0.8323459038121074
    ]
  }, 
  {
    "img": "/media/hdd/YCBvideo/YCB_Video_Dataset/YCB_Video_Dataset/data/0040/000010-label.png", 
    "mask": "/media/hdd/YCBvideo/YCB_Video_Dataset/Generated_YCB_Video_Dataset/mask/0040/000010-mask-01.png", 
    "depth_minmax": [
      1.058, 
      1.1
    ], 
    "model": "/media/hdd/YCBvideo/YCB_Video_Dataset/YCB_Video_Dataset/models/061_foam_brick/textured.obj", 
    "rot_mat": [
      [
        0.18644238473578906, 
        0.9749847802377697, 
        -0.12101752655582747
      ], 
      [
        -0.500961022459236, 
        0.20030468672966592, 
        0.8419713553612748
      ], 
      [
        0.8451496071892014, 
        -0.09635440489032375, 
        0.5257732912654356
      ]
    ], 
    "trans_mat": [
      -0.11233051408456568, 
      -0.07119561075015352, 
      1.1001266680265744
    ]
  }, 
  {
    "img": "/media/hdd/YCBvideo/YCB_Video_Dataset/YCB_Video_Dataset/data/0040/000010-label.png", 
    "mask": "/media/hdd/YCBvideo/YCB_Video_Dataset/Generated_YCB_Video_Dataset/mask/0040/000010-mask-00.png", 
    "depth_minmax": [
      0.778, 
      0.869
    ], 
    "model": "/media/hdd/YCBvideo/YCB_Video_Dataset/YCB_Video_Dataset/models/008_pudding_box/textured.obj", 
    "rot_mat": [
      [
        0.6504505378324538, 
        0.5086210130011445, 
        0.5641104290274226
      ], 
      [
        0.2161518273110709, 
        -0.8359344392515629, 
        0.5044721946785352
      ], 
      [
        0.7281435420160454, 
        -0.20620005909646894, 
        -0.6536729922994607
      ]
    ], 
    "trans_mat": [
      -0.07506219504174275, 
      0.08893278785116657, 
      0.8318692131520156
    ]
  }, 
  {
    "img": "/media/hdd/YCBvideo/YCB_Video_Dataset/YCB_Video_Dataset/data/0040/000011-label.png", 
    "mask": "/media/hdd/YCBvideo/YCB_Video_Dataset/Generated_YCB_Video_Dataset/mask/0040/000011-mask-01.png", 
    "depth_minmax": [
      1.064, 
      1.103
    ], 
    "model": "/media/hdd/YCBvideo/YCB_Video_Dataset/YCB_Video_Dataset/models/061_foam_brick/textured.obj", 
    "rot_mat": [
      [
        0.18658991353969143, 
        0.9747865404105257, 
        -0.12237466125866527
      ], 
      [
        -0.501147884955104, 
        0.20157717454465163, 
        0.8415562258209726
      ], 
      [
        0.8450055951700485, 
        -0.09569831741946663, 
        0.5261246120312946
      ]
    ], 
    "trans_mat": [
      -0.11273040695582073, 
      -0.07252428105119464, 
      1.0997643330956892
    ]
  }, 
  {
    "img": "/media/hdd/YCBvideo/YCB_Video_Dataset/YCB_Video_Dataset/data/0040/000011-label.png", 
    "mask": "/media/hdd/YCBvideo/YCB_Video_Dataset/Generated_YCB_Video_Dataset/mask/0040/000011-mask-00.png", 
    "depth_minmax": [
      0.778, 
      0.869
    ], 
    "model": "/media/hdd/YCBvideo/YCB_Video_Dataset/YCB_Video_Dataset/models/008_pudding_box/textured.obj", 
    "rot_mat": [
      [
        0.6497631211628797, 
        0.5097878869909286, 
        0.5638482389923969
      ], 
      [
        0.21660540635964673, 
        -0.8351918686000517, 
        0.5055062792899133
      ], 
      [
        0.7286222828546138, 
        -0.20632737972631462, 
        -0.6530992210758503
      ]
    ], 
    "trans_mat": [
      -0.07551046916371329, 
      0.0877845702564248, 
      0.8316081520812271
    ]
  }, 
  {
    "img": "/media/hdd/YCBvideo/YCB_Video_Dataset/YCB_Video_Dataset/data/0040/000012-label.png", 
    "mask": "/media/hdd/YCBvideo/YCB_Video_Dataset/Generated_YCB_Video_Dataset/mask/0040/000012-mask-02.png", 
    "depth_minmax": [
      1.062, 
      1.1
    ], 
    "model": "/media/hdd/YCBvideo/YCB_Video_Dataset/YCB_Video_Dataset/models/061_foam_brick/textured.obj", 
    "rot_mat": [
      [
        0.18395592385514756, 
        0.9757027990770901, 
        -0.11901644494926188
      ], 
      [
        -0.5034710928836877, 
        0.19752442606061832, 
        0.8411301130257485
      ], 
      [
        0.8442021266661, 
        -0.09480984348455952, 
        0.5275740399791239
      ]
    ], 
    "trans_mat": [
      -0.11395674488980764, 
      -0.07251554300351495, 
      1.099615730522791
    ]
  }, 
  {
    "img": "/media/hdd/YCBvideo/YCB_Video_Dataset/YCB_Video_Dataset/data/0040/000012-label.png", 
    "mask": "/media/hdd/YCBvideo/YCB_Video_Dataset/Generated_YCB_Video_Dataset/mask/0040/000012-mask-00.png", 
    "depth_minmax": [
      0.944, 
      1.023
    ], 
    "model": "/media/hdd/YCBvideo/YCB_Video_Dataset/YCB_Video_Dataset/models/006_mustard_bottle/textured.obj", 
    "rot_mat": [
      [
        -0.913433068130835, 
        0.37786532747005896, 
        0.15119065531543457
      ], 
      [
        0.06130291076373513, 
        0.494986749379391, 
        -0.8667346463310631
      ], 
      [
        -0.4023467476965242, 
        -0.7824358951916256, 
        -0.47530169898936475
      ]
    ], 
    "trans_mat": [
      0.06036332171870564, 
      -0.04391246151808013, 
      0.9987149721047763
    ]
  }, 
  {
    "img": "/media/hdd/YCBvideo/YCB_Video_Dataset/YCB_Video_Dataset/data/0040/000012-label.png", 
    "mask": "/media/hdd/YCBvideo/YCB_Video_Dataset/Generated_YCB_Video_Dataset/mask/0040/000012-mask-01.png", 
    "depth_minmax": [
      0.776, 
      0.869
    ], 
    "model": "/media/hdd/YCBvideo/YCB_Video_Dataset/YCB_Video_Dataset/models/008_pudding_box/textured.obj", 
    "rot_mat": [
      [
        0.6502969238757259, 
        0.5062788428461359, 
        0.5663892464690681
      ], 
      [
        0.2124771173423901, 
        -0.8370195315526064, 
        0.5042332802170291
      ], 
      [
        0.7293615762061548, 
        -0.2075570535918733, 
        -0.6518838453646502
      ]
    ], 
    "trans_mat": [
      -0.07589631071198932, 
      0.08811280850924011, 
      0.8317687741646164
    ]
  }, 
  {
    "img": "/media/hdd/YCBvideo/YCB_Video_Dataset/YCB_Video_Dataset/data/0040/000013-label.png", 
    "mask": "/media/hdd/YCBvideo/YCB_Video_Dataset/Generated_YCB_Video_Dataset/mask/0040/000013-mask-01.png", 
    "depth_minmax": [
      1.056, 
      1.104
    ], 
    "model": "/media/hdd/YCBvideo/YCB_Video_Dataset/YCB_Video_Dataset/models/061_foam_brick/textured.obj", 
    "rot_mat": [
      [
        0.1864971649028961, 
        0.9749644247894381, 
        -0.12109383914990404
      ], 
      [
        -0.5007013386084548, 
        0.20037021210428296, 
        0.842109866184254
      ], 
      [
        0.8452912592358426, 
        -0.09641966875742301, 
        0.5255341346181903
      ]
    ], 
    "trans_mat": [
      -0.11295661525499073, 
      -0.07148951020737399, 
      1.0998786290221136
    ]
  }, 
  {
    "img": "/media/hdd/YCBvideo/YCB_Video_Dataset/YCB_Video_Dataset/data/0040/000013-label.png", 
    "mask": "/media/hdd/YCBvideo/YCB_Video_Dataset/Generated_YCB_Video_Dataset/mask/0040/000013-mask-00.png", 
    "depth_minmax": [
      0.776, 
      0.873
    ], 
    "model": "/media/hdd/YCBvideo/YCB_Video_Dataset/YCB_Video_Dataset/models/008_pudding_box/textured.obj", 
    "rot_mat": [
      [
        0.65043550146012, 
        0.508699193168058, 
        0.5640565718480287
      ], 
      [
        0.2164221340173619, 
        -0.835944527852289, 
        0.5043389765821996
      ], 
      [
        0.7280766591846628, 
        -0.20596575028620362, 
        -0.6538218099280498
      ]
    ], 
    "trans_mat": [
      -0.07570582943963897, 
      0.08856567672795206, 
      0.831575094702472
    ]
  }, 
  {
    "img": "/media/hdd/YCBvideo/YCB_Video_Dataset/YCB_Video_Dataset/data/0040/000014-label.png", 
    "mask": "/media/hdd/YCBvideo/YCB_Video_Dataset/Generated_YCB_Video_Dataset/mask/0040/000014-mask-01.png", 
    "depth_minmax": [
      1.064, 
      1.104
    ], 
    "model": "/media/hdd/YCBvideo/YCB_Video_Dataset/YCB_Video_Dataset/models/061_foam_brick/textured.obj", 
    "rot_mat": [
      [
        0.18568087541736872, 
        0.9752901436643405, 
        -0.11971881808494977
      ], 
      [
        -0.5006582479790543, 
        0.19873951513586557, 
        0.8425221508509712
      ], 
      [
        0.8454965072041907, 
        -0.09650242827354, 
        0.5251882433447324
      ]
    ], 
    "trans_mat": [
      -0.11389937909996908, 
      -0.07148757477766433, 
      1.1002376492785513
    ]
  }, 
  {
    "img": "/media/hdd/YCBvideo/YCB_Video_Dataset/YCB_Video_Dataset/data/0040/000014-label.png", 
    "mask": "/media/hdd/YCBvideo/YCB_Video_Dataset/Generated_YCB_Video_Dataset/mask/0040/000014-mask-00.png", 
    "depth_minmax": [
      0.778, 
      0.869
    ], 
    "model": "/media/hdd/YCBvideo/YCB_Video_Dataset/YCB_Video_Dataset/models/008_pudding_box/textured.obj", 
    "rot_mat": [
      [
        0.6507887983143694, 
        0.5073341644474846, 
        0.564878145670436
      ], 
      [
        0.21565928311896182, 
        -0.8368581714075611, 
        0.5031497233492231
      ], 
      [
        0.7279872277347944, 
        -0.2056226909486282, 
        -0.6540290031547843
      ]
    ], 
    "trans_mat": [
      -0.07638776837585594, 
      0.08839655558230758, 
      0.8318684536415529
    ]
  }, 
  {
    "img": "/media/hdd/YCBvideo/YCB_Video_Dataset/YCB_Video_Dataset/data/0040/000015-label.png", 
    "mask": "/media/hdd/YCBvideo/YCB_Video_Dataset/Generated_YCB_Video_Dataset/mask/0040/000015-mask-01.png", 
    "depth_minmax": [
      1.062, 
      1.106
    ], 
    "model": "/media/hdd/YCBvideo/YCB_Video_Dataset/YCB_Video_Dataset/models/061_foam_brick/textured.obj", 
    "rot_mat": [
      [
        0.18304826140343264, 
        0.9757678537612119, 
        -0.11988023640607268
      ], 
      [
        -0.5019050977829149, 
        0.1976063012783659, 
        0.8420461475547986
      ], 
      [
        0.8453312303999618, 
        -0.09396700368093983, 
        0.5259140439799226
      ]
    ], 
    "trans_mat": [
      -0.11779225809266136, 
      -0.07285694187790014, 
      1.100287419609561
    ]
  }, 
  {
    "img": "/media/hdd/YCBvideo/YCB_Video_Dataset/YCB_Video_Dataset/data/0040/000015-label.png", 
    "mask": "/media/hdd/YCBvideo/YCB_Video_Dataset/Generated_YCB_Video_Dataset/mask/0040/000015-mask-00.png", 
    "depth_minmax": [
      0.777, 
      0.873
    ], 
    "model": "/media/hdd/YCBvideo/YCB_Video_Dataset/YCB_Video_Dataset/models/008_pudding_box/textured.obj", 
    "rot_mat": [
      [
        0.6493461733897931, 
        0.506748288495352, 
        0.5670600028166219
      ], 
      [
        0.2139561786994061, 
        -0.8372600569081116, 
        0.5032072736208403
      ], 
      [
        0.7297759970339398, 
        -0.20542982977400878, 
        -0.6520936497585808
      ]
    ], 
    "trans_mat": [
      -0.07944413693565716, 
      0.08729952009222457, 
      0.8321990017882409
    ]
  }, 
  {
    "img": "/media/hdd/YCBvideo/YCB_Video_Dataset/YCB_Video_Dataset/data/0040/000016-label.png", 
    "mask": "/media/hdd/YCBvideo/YCB_Video_Dataset/Generated_YCB_Video_Dataset/mask/0040/000016-mask-02.png", 
    "depth_minmax": [
      1.062, 
      1.101
    ], 
    "model": "/media/hdd/YCBvideo/YCB_Video_Dataset/YCB_Video_Dataset/models/061_foam_brick/textured.obj", 
    "rot_mat": [
      [
        0.178956170052879, 
        0.9764752645653598, 
        -0.12029427625171456
      ], 
      [
        -0.5036169474981448, 
        0.1959521213513455, 
        0.8414103761447861
      ], 
      [
        0.845189133881733, 
        -0.0899939517367231, 
        0.5268358952324615
      ]
    ], 
    "trans_mat": [
      -0.12211321888716592, 
      -0.07332024228852456, 
      1.1003368739931552
    ]
  }, 
  {
    "img": "/media/hdd/YCBvideo/YCB_Video_Dataset/YCB_Video_Dataset/data/0040/000016-label.png", 
    "mask": "/media/hdd/YCBvideo/YCB_Video_Dataset/Generated_YCB_Video_Dataset/mask/0040/000016-mask-00.png", 
    "depth_minmax": [
      0.947, 
      1.027
    ], 
    "model": "/media/hdd/YCBvideo/YCB_Video_Dataset/YCB_Video_Dataset/models/006_mustard_bottle/textured.obj", 
    "rot_mat": [
      [
        -0.9113236081457359, 
        0.38253684161641394, 
        0.15216749978193184
      ], 
      [
        0.06268917314356887, 
        0.49424764595733617, 
        -0.8670570837960343
      ], 
      [
        -0.406890016850073, 
        -0.7806309863931494, 
        -0.4744001071904581
      ]
    ], 
    "trans_mat": [
      0.0527513304258077, 
      -0.04501265348083443, 
      1.0002987149239393
    ]
  }, 
  {
    "img": "/media/hdd/YCBvideo/YCB_Video_Dataset/YCB_Video_Dataset/data/0040/000016-label.png", 
    "mask": "/media/hdd/YCBvideo/YCB_Video_Dataset/Generated_YCB_Video_Dataset/mask/0040/000016-mask-01.png", 
    "depth_minmax": [
      0.776, 
      0.873
    ], 
    "model": "/media/hdd/YCBvideo/YCB_Video_Dataset/YCB_Video_Dataset/models/008_pudding_box/textured.obj", 
    "rot_mat": [
      [
        0.6470031417641589, 
        0.5059679212054029, 
        0.5704242705286034
      ], 
      [
        0.21156682192520856, 
        -0.8378615897189408, 
        0.5032162922223796
      ], 
      [
        0.7325477285955895, 
        -0.2048996518646723, 
        -0.6491455036401207
      ]
    ], 
    "trans_mat": [
      -0.08246640117472115, 
      0.08720065425274046, 
      0.8326556847063755
    ]
  }, 
  {
    "img": "/media/hdd/YCBvideo/YCB_Video_Dataset/YCB_Video_Dataset/data/0040/000017-label.png", 
    "mask": "/media/hdd/YCBvideo/YCB_Video_Dataset/Generated_YCB_Video_Dataset/mask/0040/000017-mask-01.png", 
    "depth_minmax": [
      1.061, 
      1.101
    ], 
    "model": "/media/hdd/YCBvideo/YCB_Video_Dataset/YCB_Video_Dataset/models/061_foam_brick/textured.obj", 
    "rot_mat": [
      [
        0.17632203884128853, 
        0.9769326037782935, 
        -0.12047556888272291
      ], 
      [
        -0.5026667778302799, 
        0.19459642199496435, 
        0.842293397388244
      ], 
      [
        0.8463077052858088, 
        -0.08795592939214816, 
        0.5253826967759779
      ]
    ], 
    "trans_mat": [
      -0.12464738533008157, 
      -0.07168760865894334, 
      1.1009299095695864
    ]
  }, 
  {
    "img": "/media/hdd/YCBvideo/YCB_Video_Dataset/YCB_Video_Dataset/data/0040/000017-label.png", 
    "mask": "/media/hdd/YCBvideo/YCB_Video_Dataset/Generated_YCB_Video_Dataset/mask/0040/000017-mask-00.png", 
    "depth_minmax": [
      0.777, 
      0.87
    ], 
    "model": "/media/hdd/YCBvideo/YCB_Video_Dataset/YCB_Video_Dataset/models/008_pudding_box/textured.obj", 
    "rot_mat": [
      [
        0.6455375306777463, 
        0.5053918009380148, 
        0.5725923898955688
      ], 
      [
        0.2117698030403653, 
        -0.8387829769756516, 
        0.501594467669318
      ], 
      [
        0.7337819113012047, 
        -0.20254039098376056, 
        -0.6484918919382482
      ]
    ], 
    "trans_mat": [
      -0.0841653089265687, 
      0.08841098925759838, 
      0.833120855198728
    ]
  }, 
  {
    "img": "/media/hdd/YCBvideo/YCB_Video_Dataset/YCB_Video_Dataset/data/0040/000018-label.png", 
    "mask": "/media/hdd/YCBvideo/YCB_Video_Dataset/Generated_YCB_Video_Dataset/mask/0040/000018-mask-01.png", 
    "depth_minmax": [
      1.059, 
      1.103
    ], 
    "model": "/media/hdd/YCBvideo/YCB_Video_Dataset/YCB_Video_Dataset/models/061_foam_brick/textured.obj", 
    "rot_mat": [
      [
        0.17415314854678732, 
        0.9774303356951973, 
        -0.11958794292709676
      ], 
      [
        -0.5024298003709047, 
        0.19264658448773023, 
        0.8428826252740547
      ], 
      [
        0.8468970950329036, 
        -0.0867063086202444, 
        0.5246398950638916
      ]
    ], 
    "trans_mat": [
      -0.1265934222845584, 
      -0.07013513584084023, 
      1.1016459564663346
    ]
  }, 
  {
    "img": "/media/hdd/YCBvideo/YCB_Video_Dataset/YCB_Video_Dataset/data/0040/000018-label.png", 
    "mask": "/media/hdd/YCBvideo/YCB_Video_Dataset/Generated_YCB_Video_Dataset/mask/0040/000018-mask-00.png", 
    "depth_minmax": [
      0.778, 
      0.874
    ], 
    "model": "/media/hdd/YCBvideo/YCB_Video_Dataset/YCB_Video_Dataset/models/008_pudding_box/textured.obj", 
    "rot_mat": [
      [
        0.6449084176452318, 
        0.504053598412373, 
        0.5744773651784605
      ], 
      [
        0.2110209826935347, 
        -0.8398966065617006, 
        0.5000438829153085
      ], 
      [
        0.7345500957491696, 
        -0.20125606078152805, 
        -0.6480217039984918
      ]
    ], 
    "trans_mat": [
      -0.0854233149938882, 
      0.08970226186766408, 
      0.8337858493885629
    ]
  }, 
  {
    "img": "/media/hdd/YCBvideo/YCB_Video_Dataset/YCB_Video_Dataset/data/0040/000019-label.png", 
    "mask": "/media/hdd/YCBvideo/YCB_Video_Dataset/Generated_YCB_Video_Dataset/mask/0040/000019-mask-02.png", 
    "depth_minmax": [
      1.061, 
      1.108
    ], 
    "model": "/media/hdd/YCBvideo/YCB_Video_Dataset/YCB_Video_Dataset/models/061_foam_brick/textured.obj", 
    "rot_mat": [
      [
        0.1719973640800346, 
        0.9778506298298213, 
        -0.11926927062749006
      ], 
      [
        -0.5020957460953223, 
        0.19118740121655045, 
        0.843413392923784
      ], 
      [
        0.8475355332277654, 
        -0.08518065002906018, 
        0.5238580944545035
      ]
    ], 
    "trans_mat": [
      -0.12826246462716787, 
      -0.06890250840545559, 
      1.1022742681563653
    ]
  }, 
  {
    "img": "/media/hdd/YCBvideo/YCB_Video_Dataset/YCB_Video_Dataset/data/0040/000019-label.png", 
    "mask": "/media/hdd/YCBvideo/YCB_Video_Dataset/Generated_YCB_Video_Dataset/mask/0040/000019-mask-00.png", 
    "depth_minmax": [
      0.95, 
      1.027
    ], 
    "model": "/media/hdd/YCBvideo/YCB_Video_Dataset/YCB_Video_Dataset/models/006_mustard_bottle/textured.obj", 
    "rot_mat": [
      [
        -0.9087858392883048, 
        0.3890849953770817, 
        0.1507361902190315
      ], 
      [
        0.06577283175859738, 
        0.4903105322862948, 
        -0.869061794257271
      ], 
      [
        -0.4120467786722608, 
        -0.7798769283076394, 
        -0.4711783100250414
      ]
    ], 
    "trans_mat": [
      0.047275589789880466, 
      -0.04168051965351148, 
      1.0031182553154256
    ]
  }, 
  {
    "img": "/media/hdd/YCBvideo/YCB_Video_Dataset/YCB_Video_Dataset/data/0040/000019-label.png", 
    "mask": "/media/hdd/YCBvideo/YCB_Video_Dataset/Generated_YCB_Video_Dataset/mask/0040/000019-mask-01.png", 
    "depth_minmax": [
      0.78, 
      0.87
    ], 
    "model": "/media/hdd/YCBvideo/YCB_Video_Dataset/YCB_Video_Dataset/models/008_pudding_box/textured.obj", 
    "rot_mat": [
      [
        0.6439639327402175, 
        0.5031900216006605, 
        0.5762905910319736
      ], 
      [
        0.2106027264664128, 
        -0.8407553059749451, 
        0.49877493832233377
      ], 
      [
        0.7354977850536054, 
        -0.19982485918340573, 
        -0.6473892496717546
      ]
    ], 
    "trans_mat": [
      -0.08640945264982683, 
      0.09069144266692261, 
      0.8343748316972153
    ]
  }, 
  {
    "img": "/media/hdd/YCBvideo/YCB_Video_Dataset/YCB_Video_Dataset/data/0040/000020-label.png", 
    "mask": "/media/hdd/YCBvideo/YCB_Video_Dataset/Generated_YCB_Video_Dataset/mask/0040/000020-mask-01.png", 
    "depth_minmax": [
      1.064, 
      1.105
    ], 
    "model": "/media/hdd/YCBvideo/YCB_Video_Dataset/YCB_Video_Dataset/models/061_foam_brick/textured.obj", 
    "rot_mat": [
      [
        0.16964984789023332, 
        0.9786729393562416, 
        -0.11583852503749793
      ], 
      [
        -0.5032377915618348, 
        0.1870919305887752, 
        0.8436517126024141
      ], 
      [
        0.8473321705478707, 
        -0.08483148507762484, 
        0.5242441727006848
      ]
    ], 
    "trans_mat": [
      -0.12970862007323417, 
      -0.06795084000156673, 
      1.1030267925796353
    ]
  }, 
  {
    "img": "/media/hdd/YCBvideo/YCB_Video_Dataset/YCB_Video_Dataset/data/0040/000020-label.png", 
    "mask": "/media/hdd/YCBvideo/YCB_Video_Dataset/Generated_YCB_Video_Dataset/mask/0040/000020-mask-00.png", 
    "depth_minmax": [
      0.78, 
      0.876
    ], 
    "model": "/media/hdd/YCBvideo/YCB_Video_Dataset/YCB_Video_Dataset/models/008_pudding_box/textured.obj", 
    "rot_mat": [
      [
        0.6446559501546967, 
        0.4996820852481292, 
        0.578564913542617
      ], 
      [
        0.20751370043234457, 
        -0.8427776292661601, 
        0.49665312788848676
      ], 
      [
        0.7357697287814201, 
        -0.20010959877515275, 
        -0.646992640210021
      ]
    ], 
    "trans_mat": [
      -0.08711068374855299, 
      0.09159712181784797, 
      0.8352171315618508
    ]
  }, 
  {
    "img": "/media/hdd/YCBvideo/YCB_Video_Dataset/YCB_Video_Dataset/data/0040/000021-label.png", 
    "mask": "/media/hdd/YCBvideo/YCB_Video_Dataset/Generated_YCB_Video_Dataset/mask/0040/000021-mask-01.png", 
    "depth_minmax": [
      1.064, 
      1.103
    ], 
    "model": "/media/hdd/YCBvideo/YCB_Video_Dataset/YCB_Video_Dataset/models/061_foam_brick/textured.obj", 
    "rot_mat": [
      [
        0.17011860983447818, 
        0.9780326115314074, 
        -0.120464024625936
      ], 
      [
        -0.49969940063974216, 
        0.19098159100755469, 
        0.8448822992229696
      ], 
      [
        0.8493288398159389, 
        -0.08353475185597489, 
        0.5212119311479785
      ]
    ], 
    "trans_mat": [
      -0.13111311437348971, 
      -0.06670134574323695, 
      1.1036685646716926
    ]
  }, 
  {
    "img": "/media/hdd/YCBvideo/YCB_Video_Dataset/YCB_Video_Dataset/data/0040/000021-label.png", 
    "mask": "/media/hdd/YCBvideo/YCB_Video_Dataset/Generated_YCB_Video_Dataset/mask/0040/000021-mask-00.png", 
    "depth_minmax": [
      0.782, 
      0.876
    ], 
