[
  {
    "img": "/media/hdd/YCBvideo/YCB_Video_Dataset/YCB_Video_Dataset/data/0041/000001-label.png", 
    "mask": "/media/hdd/YCBvideo/YCB_Video_Dataset/Generated_YCB_Video_Dataset/mask/0041/000001-mask-00.png", 
    "depth_minmax": [
      0.762, 
      0.927
    ], 
    "model": "/media/hdd/YCBvideo/YCB_Video_Dataset/YCB_Video_Dataset/models/019_pitcher_base/textured.obj", 
    "rot_mat": [
      [
        0.9699012968255356, 
        0.2346615722680942, 
        -0.06501069937791477
      ], 
      [
        0.055222296627732474, 
        -0.47200210788598285, 
        -0.8798663819959608
      ], 
      [
        -0.23715583738970847, 
        0.8497932374880607, 
        -0.4707538360976824
      ]
    ], 
    "trans_mat": [
      -0.07085652948931306, 
      0.0006832262433976624, 
      0.8660005580443355
    ]
  }, 
  {
    "img": "/media/hdd/YCBvideo/YCB_Video_Dataset/YCB_Video_Dataset/data/0041/000001-label.png", 
    "mask": "/media/hdd/YCBvideo/YCB_Video_Dataset/Generated_YCB_Video_Dataset/mask/0041/000001-mask-01.png", 
    "depth_minmax": [
      0.862, 
      0.902
    ], 
    "model": "/media/hdd/YCBvideo/YCB_Video_Dataset/YCB_Video_Dataset/models/061_foam_brick/textured.obj", 
    "rot_mat": [
      [
        -0.2603319000476784, 
        -0.9651167424490955, 
        0.02787507387372567
      ], 
      [
        0.42282107125443685, 
        -0.08800232306596173, 
        0.9019310348234635
      ], 
      [
        -0.8680151948247787, 
        0.24658685717172654, 
        0.4309819202932902
      ]
    ], 
    "trans_mat": [
      0.06880679738672993, 
      -0.12766578887857213, 
      0.8970808226901769
    ]
  }, 
  {
    "img": "/media/hdd/YCBvideo/YCB_Video_Dataset/YCB_Video_Dataset/data/0041/000002-label.png", 
    "mask": "/media/hdd/YCBvideo/YCB_Video_Dataset/Generated_YCB_Video_Dataset/mask/0041/000002-mask-00.png", 
    "depth_minmax": [
      0.764, 
      0.927
    ], 
    "model": "/media/hdd/YCBvideo/YCB_Video_Dataset/YCB_Video_Dataset/models/019_pitcher_base/textured.obj", 
    "rot_mat": [
      [
        0.969815645916561, 
        0.23530041488367714, 
        -0.0639750226431312
      ], 
      [
        0.05612692988118062, 
        -0.4707306677963383, 
        -0.8804894041090953
      ], 
      [
        -0.2372944786324929, 
        0.850321932343129, 
        -0.46972814827360015
      ]
    ], 
    "trans_mat": [
      -0.07138421217967242, 
      0.001934227486872381, 
      0.8658773725569656
    ]
  }, 
  {
    "img": "/media/hdd/YCBvideo/YCB_Video_Dataset/YCB_Video_Dataset/data/0041/000002-label.png", 
    "mask": "/media/hdd/YCBvideo/YCB_Video_Dataset/Generated_YCB_Video_Dataset/mask/0041/000002-mask-01.png", 
    "depth_minmax": [
      0.862, 
      0.902
    ], 
    "model": "/media/hdd/YCBvideo/YCB_Video_Dataset/YCB_Video_Dataset/models/061_foam_brick/textured.obj", 
    "rot_mat": [
      [
        -0.26091222953583365, 
        -0.9649904700616031, 
        0.026809542519502547
      ], 
      [
        0.4214973840374855, 
        -0.08889013924236393, 
        0.9024627422041426
      ], 
      [
        -0.86848486468182, 
        0.24676313711469766, 
        0.4299335346197614
      ]
    ], 
    "trans_mat": [
      0.06843766497819587, 
      -0.12620863596705179, 
      0.8970956924060618
    ]
  }, 
  {
    "img": "/media/hdd/YCBvideo/YCB_Video_Dataset/YCB_Video_Dataset/data/0041/000003-label.png", 
    "mask": "/media/hdd/YCBvideo/YCB_Video_Dataset/Generated_YCB_Video_Dataset/mask/0041/000003-mask-00.png", 
    "depth_minmax": [
      0.762, 
      0.927
    ], 
    "model": "/media/hdd/YCBvideo/YCB_Video_Dataset/YCB_Video_Dataset/models/019_pitcher_base/textured.obj", 
    "rot_mat": [
      [
        0.9699627530749092, 
        0.23456091675348917, 
        -0.06444784091293161
      ], 
      [
        0.05544925225162619, 
        -0.4711678288407672, 
        -0.8802991230604075
      ], 
      [
        -0.23684841597872305, 
        0.8502841274683703, 
        -0.47002074279023626
      ]
    ], 
    "trans_mat": [
      -0.07190520652014463, 
      0.002393335436328255, 
      0.8660174005966246
    ]
  }, 
  {
    "img": "/media/hdd/YCBvideo/YCB_Video_Dataset/YCB_Video_Dataset/data/0041/000003-label.png", 
    "mask": "/media/hdd/YCBvideo/YCB_Video_Dataset/Generated_YCB_Video_Dataset/mask/0041/000003-mask-01.png", 
    "depth_minmax": [
      0.861, 
      0.902
    ], 
    "model": "/media/hdd/YCBvideo/YCB_Video_Dataset/YCB_Video_Dataset/models/061_foam_brick/textured.obj", 
    "rot_mat": [
      [
        -0.2602027236090014, 
        -0.9651670792884951, 
        0.027316953625115773
      ], 
      [
        0.42195976810157027, 
        -0.08821903812761013, 
        0.9023131173490134
      ], 
      [
        -0.8684731735398863, 
        0.24630935996710754, 
        0.4302163104872065
      ]
    ], 
    "trans_mat": [
      0.06780371927090675, 
      -0.12586690810525714, 
      0.8972590616397752
    ]
  }, 
  {
    "img": "/media/hdd/YCBvideo/YCB_Video_Dataset/YCB_Video_Dataset/data/0041/000004-label.png", 
    "mask": "/media/hdd/YCBvideo/YCB_Video_Dataset/Generated_YCB_Video_Dataset/mask/0041/000004-mask-00.png", 
    "depth_minmax": [
      0.762, 
      0.929
    ], 
    "model": "/media/hdd/YCBvideo/YCB_Video_Dataset/YCB_Video_Dataset/models/019_pitcher_base/textured.obj", 
    "rot_mat": [
      [
        0.9704823573151935, 
        0.23309057738945987, 
        -0.06191487513368125
      ], 
      [
        0.05701087808084122, 
        -0.4711707026827412, 
        -0.8801975415928419
      ], 
      [
        -0.23433884747638323, 
        0.8506861386521434, 
        -0.470551143090681
      ]
    ], 
    "trans_mat": [
      -0.07338213541199419, 
      0.0020319350218362463, 
      0.8659377011014128
    ]
  }, 
  {
    "img": "/media/hdd/YCBvideo/YCB_Video_Dataset/YCB_Video_Dataset/data/0041/000004-label.png", 
    "mask": "/media/hdd/YCBvideo/YCB_Video_Dataset/Generated_YCB_Video_Dataset/mask/0041/000004-mask-01.png", 
    "depth_minmax": [
      0.862, 
      0.902
    ], 
    "model": "/media/hdd/YCBvideo/YCB_Video_Dataset/YCB_Video_Dataset/models/061_foam_brick/textured.obj", 
    "rot_mat": [
      [
        -0.2586114302346, 
        -0.9656615367464136, 
        0.02485299156577151
      ], 
      [
        0.4219317001013622, 
        -0.08977736025515495, 
        0.902172248844812
      ], 
      [
        -0.8689613393040035, 
        0.24379839670921474, 
        0.4306608588723634
      ]
    ], 
    "trans_mat": [
      0.06643955503811122, 
      -0.12603063149336044, 
      0.8974838478076604
    ]
  }, 
  {
    "img": "/media/hdd/YCBvideo/YCB_Video_Dataset/YCB_Video_Dataset/data/0041/000005-label.png", 
    "mask": "/media/hdd/YCBvideo/YCB_Video_Dataset/Generated_YCB_Video_Dataset/mask/0041/000005-mask-00.png", 
    "depth_minmax": [
      0.763, 
      0.929
    ], 
    "model": "/media/hdd/YCBvideo/YCB_Video_Dataset/YCB_Video_Dataset/models/019_pitcher_base/textured.obj", 
    "rot_mat": [
      [
        0.9706788321501219, 
        0.23277163513653915, 
        -0.0600071168084281
      ], 
      [
        0.0584566512829809, 
        -0.47071626145190143, 
        -0.880345571555366
      ], 
      [
        -0.23316574917039953, 
        0.8510252863466526, 
        -0.470521438560941
      ]
    ], 
    "trans_mat": [
      -0.07425760246639018, 
      0.0025748809364191092, 
      0.8662043818965196
    ]
  }, 
  {
    "img": "/media/hdd/YCBvideo/YCB_Video_Dataset/YCB_Video_Dataset/data/0041/000005-label.png", 
    "mask": "/media/hdd/YCBvideo/YCB_Video_Dataset/Generated_YCB_Video_Dataset/mask/0041/000005-mask-01.png", 
    "depth_minmax": [
      0.863, 
      0.899
    ], 
    "model": "/media/hdd/YCBvideo/YCB_Video_Dataset/YCB_Video_Dataset/models/061_foam_brick/textured.obj", 
    "rot_mat": [
      [
        -0.2581955055398459, 
        -0.965819783523595, 
        0.02296041692020735
      ], 
      [
        0.42143643601412684, 
        -0.09121465775688556, 
        0.9022592963500236
      ], 
      [
        -0.8693256429577189, 
        0.24263505675698052, 
        0.4305834972538417
      ]
    ], 
    "trans_mat": [
      0.06571987178855779, 
      -0.1252715260093428, 
      0.897935743299931
    ]
  }, 
  {
    "img": "/media/hdd/YCBvideo/YCB_Video_Dataset/YCB_Video_Dataset/data/0041/000006-label.png", 
    "mask": "/media/hdd/YCBvideo/YCB_Video_Dataset/Generated_YCB_Video_Dataset/mask/0041/000006-mask-00.png", 
    "depth_minmax": [
      0.764, 
      0.927
    ], 
    "model": "/media/hdd/YCBvideo/YCB_Video_Dataset/YCB_Video_Dataset/models/019_pitcher_base/textured.obj", 
    "rot_mat": [
      [
        0.9705769649600595, 
        0.23292701089722076, 
        -0.06103493630688171
      ], 
      [
        0.05759532330400772, 
        -0.47069155249199623, 
        -0.8804154539888676
      ], 
      [
        -0.2338003876281893, 
        0.8509961838247431, 
        -0.4702577913856705
      ]
    ], 
    "trans_mat": [
      -0.07329748506480999, 
      0.0038917357360248746, 
      0.8666040641970196
    ]
  }, 
  {
    "img": "/media/hdd/YCBvideo/YCB_Video_Dataset/YCB_Video_Dataset/data/0041/000006-label.png", 
    "mask": "/media/hdd/YCBvideo/YCB_Video_Dataset/Generated_YCB_Video_Dataset/mask/0041/000006-mask-01.png", 
    "depth_minmax": [
      0.863, 
      0.903
    ], 
    "model": "/media/hdd/YCBvideo/YCB_Video_Dataset/YCB_Video_Dataset/models/061_foam_brick/textured.obj", 
    "rot_mat": [
      [
        -0.258403252216748, 
        -0.9657389146209234, 
        0.023980826008750056
      ], 
      [
        0.42142809123453456, 
        -0.09035491666654884, 
        0.9023496001396215
      ], 
      [
        -0.8692676976927546, 
        0.24327495381419673, 
        0.43033794369215106
      ]
    ], 
    "trans_mat": [
      0.06659457069551178, 
      -0.12406216826097669, 
      0.8982786706423631
    ]
  }, 
  {
    "img": "/media/hdd/YCBvideo/YCB_Video_Dataset/YCB_Video_Dataset/data/0041/000007-label.png", 
    "mask": "/media/hdd/YCBvideo/YCB_Video_Dataset/Generated_YCB_Video_Dataset/mask/0041/000007-mask-00.png", 
    "depth_minmax": [
      0.765, 
      0.928
    ], 
    "model": "/media/hdd/YCBvideo/YCB_Video_Dataset/YCB_Video_Dataset/models/019_pitcher_base/textured.obj", 
    "rot_mat": [
      [
        0.9701863639253001, 
        0.23429864535497383, 
        -0.061989273990710844
      ], 
      [
        0.057060234491392206, 
        -0.4694041361718478, 
        -0.8811377236410316
      ], 
      [
        -0.23554796906227896, 
        0.8513305888059539, 
        -0.4687789841282508
      ]
    ], 
    "trans_mat": [
      -0.07212199513574119, 
      0.0046169998232147205, 
      0.8670643346168408
    ]
  }, 
  {
    "img": "/media/hdd/YCBvideo/YCB_Video_Dataset/YCB_Video_Dataset/data/0041/000007-label.png", 
    "mask": "/media/hdd/YCBvideo/YCB_Video_Dataset/Generated_YCB_Video_Dataset/mask/0041/000007-mask-01.png", 
    "depth_minmax": [
      0.863, 
      0.903
    ], 
    "model": "/media/hdd/YCBvideo/YCB_Video_Dataset/YCB_Video_Dataset/models/061_foam_brick/textured.obj", 
    "rot_mat": [
      [
        -0.259814526144398, 
        -0.9653377816380474, 
        0.02487083167537406
      ], 
      [
        0.42011667748295944, 
        -0.08980586343047262, 
        0.9030160602862873
      ], 
      [
        -0.8694816825332594, 
        0.24506535354048908, 
        0.42888831685917644
      ]
    ], 
    "trans_mat": [
      0.06780192791989972, 
      -0.12331190160539393, 
      0.8986994705609224
    ]
  }, 
  {
    "img": "/media/hdd/YCBvideo/YCB_Video_Dataset/YCB_Video_Dataset/data/0041/000008-label.png", 
    "mask": "/media/hdd/YCBvideo/YCB_Video_Dataset/Generated_YCB_Video_Dataset/mask/0041/000008-mask-00.png", 
    "depth_minmax": [
      0.764, 
      0.928
    ], 
    "model": "/media/hdd/YCBvideo/YCB_Video_Dataset/YCB_Video_Dataset/models/019_pitcher_base/textured.obj", 
    "rot_mat": [
      [
        0.9705514422960515, 
        0.2331927868923202, 
        -0.06042710947160599
      ], 
      [
        0.05761566733334379, 
        -0.4682727088252817, 
        -0.8817030396544585
      ], 
      [
        -0.23390252323332184, 
        0.8522574933759804, 
        -0.46791756158654385
      ]
    ], 
    "trans_mat": [
      -0.07294414217102892, 
      0.005288555366943815, 
      0.8671629033361213
    ]
  }, 
  {
    "img": "/media/hdd/YCBvideo/YCB_Video_Dataset/YCB_Video_Dataset/data/0041/000008-label.png", 
    "mask": "/media/hdd/YCBvideo/YCB_Video_Dataset/Generated_YCB_Video_Dataset/mask/0041/000008-mask-01.png", 
    "depth_minmax": [
      0.865, 
      0.903
    ], 
    "model": "/media/hdd/YCBvideo/YCB_Video_Dataset/YCB_Video_Dataset/models/061_foam_brick/textured.obj", 
    "rot_mat": [
      [
        -0.2586354499740962, 
        -0.9656922231839461, 
        0.023360627264087063
      ], 
      [
        0.4189439863306452, 
        -0.09034674194305127, 
        0.9035064296722537
      ], 
      [
        -0.8703992297750134, 
        0.2434644480279173, 
        0.42793758009156235
      ]
    ], 
    "trans_mat": [
      0.0670308861819208, 
      -0.12248806829441786, 
      0.8991850072036872
    ]
  }, 
  {
    "img": "/media/hdd/YCBvideo/YCB_Video_Dataset/YCB_Video_Dataset/data/0041/000009-label.png", 
    "mask": "/media/hdd/YCBvideo/YCB_Video_Dataset/Generated_YCB_Video_Dataset/mask/0041/000009-mask-00.png", 
    "depth_minmax": [
      0.764, 
      0.928
    ], 
    "model": "/media/hdd/YCBvideo/YCB_Video_Dataset/YCB_Video_Dataset/models/019_pitcher_base/textured.obj", 
    "rot_mat": [
      [
        0.9704655137449713, 
        0.2334772056834126, 
        -0.060711410395824006
      ], 
      [
        0.05763943926917208, 
        -0.46878527211382776, 
        -0.8814293515543756
      ], 
      [
        -0.2342538028259427, 
        0.8518975314676197, 
        -0.46839728955066817
      ]
    ], 
    "trans_mat": [
      -0.07293553517028104, 
      0.005711585859534506, 
      0.86724914929198
    ]
  }, 
  {
    "img": "/media/hdd/YCBvideo/YCB_Video_Dataset/YCB_Video_Dataset/data/0041/000009-label.png", 
    "mask": "/media/hdd/YCBvideo/YCB_Video_Dataset/Generated_YCB_Video_Dataset/mask/0041/000009-mask-01.png", 
    "depth_minmax": [
      0.863, 
      0.904
    ], 
    "model": "/media/hdd/YCBvideo/YCB_Video_Dataset/YCB_Video_Dataset/models/061_foam_brick/textured.obj", 
    "rot_mat": [
      [
        -0.25893259810059227, 
        -0.9656061954556439, 
        0.023631564740816964
      ], 
      [
        0.41946976977153105, 
        -0.09037652013641048, 
        0.9032597384204615
      ], 
      [
        -0.8700573743569678, 
        0.24379510333582655, 
        0.4284444440778516
      ]
    ], 
    "trans_mat": [
      0.06703779444053037, 
      -0.12209913097070514, 
      0.8991428357174174
    ]
  }, 
  {
    "img": "/media/hdd/YCBvideo/YCB_Video_Dataset/YCB_Video_Dataset/data/0041/000010-label.png", 
    "mask": "/media/hdd/YCBvideo/YCB_Video_Dataset/Generated_YCB_Video_Dataset/mask/0041/000010-mask-00.png", 
    "depth_minmax": [
      0.764, 
      0.927
    ], 
    "model": "/media/hdd/YCBvideo/YCB_Video_Dataset/YCB_Video_Dataset/models/019_pitcher_base/textured.obj", 
    "rot_mat": [
      [
        0.9700495545737802, 
        0.2353313686866397, 
        -0.06018866061776925
      ], 
      [
        0.058911748322769304, 
        -0.46831707220087254, 
        -0.8815943075496787
      ], 
      [
        -0.23565404693264677, 
        0.8516444306355698, 
        -0.4681539616814039
      ]
    ], 
    "trans_mat": [
      -0.07095367068176492, 
      0.006255142996883609, 
      0.8672816175555366
    ]
  }, 
  {
    "img": "/media/hdd/YCBvideo/YCB_Video_Dataset/YCB_Video_Dataset/data/0041/000010-label.png", 
    "mask": "/media/hdd/YCBvideo/YCB_Video_Dataset/Generated_YCB_Video_Dataset/mask/0041/000010-mask-01.png", 
    "depth_minmax": [
      0.864, 
      0.903
    ], 
    "model": "/media/hdd/YCBvideo/YCB_Video_Dataset/YCB_Video_Dataset/models/061_foam_brick/textured.obj", 
    "rot_mat": [
      [
        -0.2607459341469842, 
        -0.9651322596962463, 
        0.023022132623769394
      ], 
      [
        0.4189639049277469, 
        -0.09164052565899088, 
        0.9033673549022638
      ], 
      [
        -0.8697590675787904, 
        0.24519414949113325, 
        0.42825045162860237
      ]
    ], 
    "trans_mat": [
      0.06923803314451413, 
      -0.12136026588962498, 
      0.8989972696851277
    ]
  }, 
  {
    "img": "/media/hdd/YCBvideo/YCB_Video_Dataset/YCB_Video_Dataset/data/0041/000011-label.png", 
    "mask": "/media/hdd/YCBvideo/YCB_Video_Dataset/Generated_YCB_Video_Dataset/mask/0041/000011-mask-00.png", 
    "depth_minmax": [
      0.764, 
      0.928
    ], 
    "model": "/media/hdd/YCBvideo/YCB_Video_Dataset/YCB_Video_Dataset/models/019_pitcher_base/textured.obj", 
    "rot_mat": [
      [
        0.96948976722187, 
        0.23742751665730305, 
        -0.06097901293529115
      ], 
      [
        0.05921859543452269, 
        -0.4682347594624402, 
        -0.8816170281484795
      ], 
      [
        -0.2378726616785286, 
        0.8511076341860554, 
        -0.4680087860980334
      ]
    ], 
    "trans_mat": [
      -0.06954602024700204, 
      0.0068272913898326515, 
      0.8675009233274488
    ]
  }, 
  {
    "img": "/media/hdd/YCBvideo/YCB_Video_Dataset/YCB_Video_Dataset/data/0041/000011-label.png", 
    "mask": "/media/hdd/YCBvideo/YCB_Video_Dataset/Generated_YCB_Video_Dataset/mask/0041/000011-mask-01.png", 
    "depth_minmax": [
      0.864, 
      0.903
    ], 
    "model": "/media/hdd/YCBvideo/YCB_Video_Dataset/YCB_Video_Dataset/models/061_foam_brick/textured.obj", 
    "rot_mat": [
      [
        -0.2628677692790517, 
        -0.964540260385797, 
        0.023714381132974936
      ], 
      [
        0.41887336940711273, 
        -0.09194571228597713, 
        0.9033778959375126
      ], 
      [
        -0.8691637403375027, 
        0.24740173419366507, 
        0.42819021724968365
      ]
    ], 
    "trans_mat": [
      0.07075848215788569, 
      -0.12074315752489322, 
      0.8988967832832292
    ]
  }, 
  {
    "img": "/media/hdd/YCBvideo/YCB_Video_Dataset/YCB_Video_Dataset/data/0041/000012-label.png", 
    "mask": "/media/hdd/YCBvideo/YCB_Video_Dataset/Generated_YCB_Video_Dataset/mask/0041/000012-mask-00.png", 
    "depth_minmax": [
      0.764, 
      0.928
    ], 
    "model": "/media/hdd/YCBvideo/YCB_Video_Dataset/YCB_Video_Dataset/models/019_pitcher_base/textured.obj", 
    "rot_mat": [
      [
        0.96965261164738, 
        0.23689859535700272, 
        -0.060446610014233466
      ], 
      [
        0.05923051496147701, 
        -0.4674909773883819, 
        -0.8820105801561572
      ], 
      [
        -0.23720529982622335, 
        0.8516639655641359, 
        -0.4673353480126195
      ]
    ], 
    "trans_mat": [
      -0.0700810997442338, 
      0.006570392024634844, 
      0.8671343689734791
    ]
  }, 
  {
    "img": "/media/hdd/YCBvideo/YCB_Video_Dataset/YCB_Video_Dataset/data/0041/000012-label.png", 
    "mask": "/media/hdd/YCBvideo/YCB_Video_Dataset/Generated_YCB_Video_Dataset/mask/0041/000012-mask-01.png", 
    "depth_minmax": [
      0.863, 
      0.903
    ], 
    "model": "/media/hdd/YCBvideo/YCB_Video_Dataset/YCB_Video_Dataset/models/061_foam_brick/textured.obj", 
    "rot_mat": [
      [
        -0.2623150486861604, 
        -0.9647031982804836, 
        0.0232067587231801
      ], 
      [
        0.4181095149691856, 
        -0.09194880188629602, 
        0.9037311015164528
      ], 
      [
        -0.8696986253772857, 
        0.24676468355930442, 
        0.4274715655751658
      ]
    ], 
    "trans_mat": [
      0.07022726058985643, 
      -0.12094464695488721, 
      0.8987376937439524
    ]
  }, 
  {
    "img": "/media/hdd/YCBvideo/YCB_Video_Dataset/YCB_Video_Dataset/data/0041/000013-label.png", 
    "mask": "/media/hdd/YCBvideo/YCB_Video_Dataset/Generated_YCB_Video_Dataset/mask/0041/000013-mask-00.png", 
    "depth_minmax": [
      0.764, 
      0.928
    ], 
    "model": "/media/hdd/YCBvideo/YCB_Video_Dataset/YCB_Video_Dataset/models/019_pitcher_base/textured.obj", 
    "rot_mat": [
      [
        0.9700891314863622, 
        0.23522474525228373, 
        -0.0599784296881462
      ], 
      [
        0.058851111754546444, 
        -0.46760049140462545, 
        -0.8819778837027896
      ], 
      [
        -0.23550823752441227, 
        0.8520675797443659, 
        -0.4674576794355073
      ]
    ], 
    "trans_mat": [
      -0.07166274296911751, 
      0.005892655256275955, 
      0.8665343114005246
    ]
  }, 
  {
    "img": "/media/hdd/YCBvideo/YCB_Video_Dataset/YCB_Video_Dataset/data/0041/000013-label.png", 
    "mask": "/media/hdd/YCBvideo/YCB_Video_Dataset/Generated_YCB_Video_Dataset/mask/0041/000013-mask-01.png", 
    "depth_minmax": [
      0.863, 
      0.903
    ], 
    "model": "/media/hdd/YCBvideo/YCB_Video_Dataset/YCB_Video_Dataset/models/061_foam_brick/textured.obj", 
    "rot_mat": [
      [
        -0.26062916283770093, 
        -0.9651693723124957, 
        0.022816903202202567
      ], 
      [
        0.41822942928185747, 
        -0.09157153131916128, 
        0.9037138820396109
      ], 
      [
        -0.870147626739914, 
        0.2450756144457193, 
        0.42752927441434224
      ]
    ], 
    "trans_mat": [
      0.06853973644125008, 
      -0.12167849081070624, 
      0.898380407391522
    ]
  }, 
  {
    "img": "/media/hdd/YCBvideo/YCB_Video_Dataset/YCB_Video_Dataset/data/0041/000014-label.png", 
    "mask": "/media/hdd/YCBvideo/YCB_Video_Dataset/Generated_YCB_Video_Dataset/mask/0041/000014-mask-00.png", 
    "depth_minmax": [
      0.764, 
      0.927
    ], 
    "model": "/media/hdd/YCBvideo/YCB_Video_Dataset/YCB_Video_Dataset/models/019_pitcher_base/textured.obj", 
    "rot_mat": [
      [
        0.9703277047634687, 
        0.23416799284680215, 
        -0.06024657161043536
      ], 
      [
        0.05837396262817312, 
        -0.46866337715176115, 
        -0.8814451199633464
      ], 
      [
        -0.23464139272458984, 
        0.851774269828051, 
        -0.46842614206186384
      ]
    ], 
    "trans_mat": [
      -0.07232977864893189, 
      0.0046265511167034815, 
      0.8657771110156847
    ]
  }, 
  {
    "img": "/media/hdd/YCBvideo/YCB_Video_Dataset/YCB_Video_Dataset/data/0041/000014-label.png", 
    "mask": "/media/hdd/YCBvideo/YCB_Video_Dataset/Generated_YCB_Video_Dataset/mask/0041/000014-mask-01.png", 
    "depth_minmax": [
      0.863, 
      0.902
    ], 
    "model": "/media/hdd/YCBvideo/YCB_Video_Dataset/YCB_Video_Dataset/models/061_foam_brick/textured.obj", 
    "rot_mat": [
      [
        -0.25959411973739227, 
        -0.9654402698686816, 
        0.023134461613996668
      ], 
      [
        0.41933013010898185, 
        -0.09110798750129812, 
        0.9032503953122788
      ], 
      [
        -0.8699268392500472, 
        0.24417873461855158, 
        0.4284896028053339
      ]
    ], 
    "trans_mat": [
      0.06775108155868048, 
      -0.12308209562547974, 
      0.8976065619027913
    ]
  }, 
  {
    "img": "/media/hdd/YCBvideo/YCB_Video_Dataset/YCB_Video_Dataset/data/0041/000015-label.png", 
    "mask": "/media/hdd/YCBvideo/YCB_Video_Dataset/Generated_YCB_Video_Dataset/mask/0041/000015-mask-00.png", 
    "depth_minmax": [
      0.762, 
      0.931
    ], 
    "model": "/media/hdd/YCBvideo/YCB_Video_Dataset/YCB_Video_Dataset/models/019_pitcher_base/textured.obj", 
    "rot_mat": [
      [
        0.9704153071915914, 
        0.2341779715249389, 
        -0.05877294204260289
      ], 
      [
        0.06027559954719058, 
        -0.47069476715038655, 
        -0.8802341910173835
      ], 
      [
        -0.2337955006953671, 
        0.8506506070559126, 
        -0.4708848509249781
      ]
    ], 
    "trans_mat": [
      -0.07306388556901024, 
      0.0026220828878586863, 
      0.8649402603332738
    ]
  }, 
  {
    "img": "/media/hdd/YCBvideo/YCB_Video_Dataset/YCB_Video_Dataset/data/0041/000015-label.png", 
    "mask": "/media/hdd/YCBvideo/YCB_Video_Dataset/Generated_YCB_Video_Dataset/mask/0041/000015-mask-01.png", 
    "depth_minmax": [
      0.862, 
      0.902
    ], 
    "model": "/media/hdd/YCBvideo/YCB_Video_Dataset/YCB_Video_Dataset/models/061_foam_brick/textured.obj", 
    "rot_mat": [
      [
        -0.25952725375831065, 
        -0.9654920730610088, 
        0.021660620789374495
      ], 
      [
        0.4213785722766598, 
        -0.09302931377979172, 
        0.9021008283681324
      ], 
      [
        -0.8689563838856171, 
        0.24324645866629133, 
        0.4309820890688248
      ]
    ], 
    "trans_mat": [
      0.06716024580928642, 
      -0.12499171802539602, 
      0.8965181238686487
    ]
  }, 
  {
    "img": "/media/hdd/YCBvideo/YCB_Video_Dataset/YCB_Video_Dataset/data/0041/000016-label.png", 
    "mask": "/media/hdd/YCBvideo/YCB_Video_Dataset/Generated_YCB_Video_Dataset/mask/0041/000016-mask-00.png", 
    "depth_minmax": [
      0.762, 
      0.927
    ], 
    "model": "/media/hdd/YCBvideo/YCB_Video_Dataset/YCB_Video_Dataset/models/019_pitcher_base/textured.obj", 
    "rot_mat": [
      [
        0.9703874794397948, 
        0.234639196875466, 
        -0.057381858795434414
      ], 
      [
        0.06166015028699617, 
        -0.47029755168897236, 
        -0.8803510821515357
      ], 
      [
        -0.23355115692779757, 
        0.8507437259367412, 
        -0.4708385934639907
      ]
    ], 
    "trans_mat": [
      -0.0738562503538679, 
      0.000529971747328584, 
      0.8641896355487281
    ]
  }, 
  {
    "img": "/media/hdd/YCBvideo/YCB_Video_Dataset/YCB_Video_Dataset/data/0041/000016-label.png", 
    "mask": "/media/hdd/YCBvideo/YCB_Video_Dataset/Generated_YCB_Video_Dataset/mask/0041/000016-mask-01.png", 
    "depth_minmax": [
      0.861, 
      0.9
    ], 
    "model": "/media/hdd/YCBvideo/YCB_Video_Dataset/YCB_Video_Dataset/models/061_foam_brick/textured.obj", 
    "rot_mat": [
      [
        -0.25991259439044995, 
        -0.9654193983476769, 
        0.020248229188121122
      ], 
      [
        0.4209435289366658, 
        -0.09440608328612224, 
        0.9021613725176901
      ], 
      [
        -0.8690525596126163, 
        0.24300566597679976, 
        0.43092478450061583
      ]
    ], 
    "trans_mat": [
      0.06654386448367555, 
      -0.12687915311166664, 
      0.8958123444734838
    ]
  }, 
  {
    "img": "/media/hdd/YCBvideo/YCB_Video_Dataset/YCB_Video_Dataset/data/0041/000017-label.png", 
    "mask": "/media/hdd/YCBvideo/YCB_Video_Dataset/Generated_YCB_Video_Dataset/mask/0041/000017-mask-00.png", 
    "depth_minmax": [
      0.761, 
      0.925
    ], 
    "model": "/media/hdd/YCBvideo/YCB_Video_Dataset/YCB_Video_Dataset/models/019_pitcher_base/textured.obj", 
    "rot_mat": [
      [
        0.9704590672346616, 
        0.23501722010389076, 
        -0.05456818172409739
      ], 
      [
        0.06417329593411222, 
        -0.46946198340883716, 
        -0.8806175639544773
      ], 
      [
        -0.23257741253261202, 
        0.8511007504171043, 
        -0.47067491385853827
      ]
    ], 
    "trans_mat": [
      -0.07395882804137924, 
      -0.0001149349923468802, 
      0.8635911481846994
    ]
  }, 
  {
    "img": "/media/hdd/YCBvideo/YCB_Video_Dataset/YCB_Video_Dataset/data/0041/000017-label.png", 
    "mask": "/media/hdd/YCBvideo/YCB_Video_Dataset/Generated_YCB_Video_Dataset/mask/0041/000017-mask-01.png", 
    "depth_minmax": [
      0.861, 
      0.895
    ], 
    "model": "/media/hdd/YCBvideo/YCB_Video_Dataset/YCB_Video_Dataset/models/061_foam_brick/textured.obj", 
    "rot_mat": [
      [
        -0.26014105366616364, 
        -0.9654138555722457, 
        0.01741757665888733
      ], 
      [
        0.4200365867135606, 
        -0.09690359384552184, 
        0.9023194196409642
      ], 
      [
        -0.8694228959095506, 
        0.24204522914235935, 
        0.4307177895526463
      ]
    ], 
    "trans_mat": [
      0.06674625753070595, 
      -0.1271436691955266, 
      0.8953890439851476
    ]
  }, 
  {
    "img": "/media/hdd/YCBvideo/YCB_Video_Dataset/YCB_Video_Dataset/data/0041/000018-label.png", 
    "mask": "/media/hdd/YCBvideo/YCB_Video_Dataset/Generated_YCB_Video_Dataset/mask/0041/000018-mask-00.png", 
    "depth_minmax": [
      0.762, 
      0.929
    ], 
    "model": "/media/hdd/YCBvideo/YCB_Video_Dataset/YCB_Video_Dataset/models/019_pitcher_base/textured.obj", 
    "rot_mat": [
      [
        0.9700862437220534, 
        0.23628308673965462, 
        -0.05572027818926
      ], 
      [
        0.06368384700960136, 
        -0.469175129406493, 
        -0.8808057507461736
      ], 
      [
        -0.23426157120983312, 
        0.8509087011689558, 
        -0.47018665865153014
      ]
    ], 
    "trans_mat": [
      -0.07207481972218632, 
      0.00034924681424116846, 
      0.8634382891792968
    ]
  }, 
  {
    "img": "/media/hdd/YCBvideo/YCB_Video_Dataset/YCB_Video_Dataset/data/0041/000018-label.png", 
    "mask": "/media/hdd/YCBvideo/YCB_Video_Dataset/Generated_YCB_Video_Dataset/mask/0041/000018-mask-01.png", 
    "depth_minmax": [
      0.861, 
      0.895
    ], 
    "model": "/media/hdd/YCBvideo/YCB_Video_Dataset/YCB_Video_Dataset/models/061_foam_brick/textured.obj", 
    "rot_mat": [
      [
        -0.2614577381376431, 
        -0.9650378567051856, 
        0.01851014734028822
      ], 
      [
        0.41975155035560346, 
        -0.09641190988528094, 
        0.9025045159115788
      ], 
      [
        -0.8691658152492538, 
        0.24373542435853326, 
        0.4302832626575713
      ]
    ], 
    "trans_mat": [
      0.06863397293124862, 
      -0.12672114559182407, 
      0.8950529609055567
    ]
  }, 
  {
    "img": "/media/hdd/YCBvideo/YCB_Video_Dataset/YCB_Video_Dataset/data/0041/000019-label.png", 
    "mask": "/media/hdd/YCBvideo/YCB_Video_Dataset/Generated_YCB_Video_Dataset/mask/0041/000019-mask-00.png", 
    "depth_minmax": [
      0.762, 
      0.924
    ], 
    "model": "/media/hdd/YCBvideo/YCB_Video_Dataset/YCB_Video_Dataset/models/019_pitcher_base/textured.obj", 
    "rot_mat": [
      [
        0.9694328450861125, 
        0.23927964093207818, 
        -0.054273357722315216
      ], 
      [
        0.06644431451876283, 
        -0.4689626528981638, 
        -0.880715206542484
      ], 
      [
        -0.23618894654976108, 
        0.8501881493041872, 
        -0.4705258382247391
      ]
    ], 
    "trans_mat": [
      -0.07086331766977318, 
      0.0008268501918786877, 
      0.8633883767348621
    ]
  }, 
  {
    "img": "/media/hdd/YCBvideo/YCB_Video_Dataset/YCB_Video_Dataset/data/0041/000019-label.png", 
    "mask": "/media/hdd/YCBvideo/YCB_Video_Dataset/Generated_YCB_Video_Dataset/mask/0041/000019-mask-01.png", 
    "depth_minmax": [
      0.861, 
      0.899
    ], 
    "model": "/media/hdd/YCBvideo/YCB_Video_Dataset/YCB_Video_Dataset/models/061_foam_brick/textured.obj", 
    "rot_mat": [
      [
        -0.26435652606944715, 
        -0.9642762444232328, 
        0.016923697062328893
      ], 
      [
        0.4194799848904558, 
        -0.09916332815522555, 
        0.9023328565336828
      ], 
      [
        -0.8684197519434146, 
        0.2456357517186109, 
        0.4307088865032897
      ]
    ], 
    "trans_mat": [
      0.07025439261550834, 
      -0.125875997225544, 
      0.8946532750235593
    ]
  }, 
  {
    "img": "/media/hdd/YCBvideo/YCB_Video_Dataset/YCB_Video_Dataset/data/0041/000020-label.png", 
    "mask": "/media/hdd/YCBvideo/YCB_Video_Dataset/Generated_YCB_Video_Dataset/mask/0041/000020-mask-00.png", 
    "depth_minmax": [
      0.761, 
      0.928
    ], 
    "model": "/media/hdd/YCBvideo/YCB_Video_Dataset/YCB_Video_Dataset/models/019_pitcher_base/textured.obj", 
    "rot_mat": [
      [
        0.9693057772893212, 
        0.24011924904287768, 
        -0.05281552299246425
      ], 
      [
        0.06810020357017686, 
        -0.46863386720187955, 
        -0.8807636909062271
      ], 
      [
        -0.23623918440814493, 
        0.8501329932366175, 
        -0.47060131675388994
      ]
    ], 
    "trans_mat": [
      -0.07130211472357789, 
      0.0006598771400659637, 
      0.863173228929381
    ]
  }, 
  {
    "img": "/media/hdd/YCBvideo/YCB_Video_Dataset/YCB_Video_Dataset/data/0041/000020-label.png", 
    "mask": "/media/hdd/YCBvideo/YCB_Video_Dataset/Generated_YCB_Video_Dataset/mask/0041/000020-mask-01.png", 
    "depth_minmax": [
      0.859, 
      0.899
    ], 
    "model": "/media/hdd/YCBvideo/YCB_Video_Dataset/YCB_Video_Dataset/models/061_foam_brick/textured.obj", 
    "rot_mat": [
      [
        -0.2651137203620444, 
        -0.9640934686851929, 
        0.015427159876305198
      ], 
      [
        0.4191105957199184, 
        -0.10081131087675137, 
        0.9023218504349105
      ], 
      [
        -0.8683675593441507, 
        0.24568278401527968, 
        0.4307884286078254
      ]
    ], 
    "trans_mat": [
      0.07003084392012637, 
      -0.1258075544162245, 
      0.8944187084132117
    ]
  }, 
  {
    "img": "/media/hdd/YCBvideo/YCB_Video_Dataset/YCB_Video_Dataset/data/0041/000021-label.png", 
    "mask": "/media/hdd/YCBvideo/YCB_Video_Dataset/Generated_YCB_Video_Dataset/mask/0041/000021-mask-00.png", 
    "depth_minmax": [
      0.762, 
      0.929
    ], 
    "model": "/media/hdd/YCBvideo/YCB_Video_Dataset/YCB_Video_Dataset/models/019_pitcher_base/textured.obj", 
    "rot_mat": [
      [
        0.9697002413735223, 
        0.23895354962920484, 
        -0.050821214156965305
      ], 
      [
        0.06933949376007448, 
        -0.4686863401938802, 
        -0.8806387814867291
      ], 
      [
        -0.23425030640777583, 
        0.8504321487586602, 
        -0.4710538601855764
      ]
    ], 
    "trans_mat": [
      -0.07295231863485224, 
      -0.0004203824853539166, 
      0.8628680344936986
    ]
  }, 
  {
    "img": "/media/hdd/YCBvideo/YCB_Video_Dataset/YCB_Video_Dataset/data/0041/000021-label.png", 
    "mask": "/media/hdd/YCBvideo/YCB_Video_Dataset/Generated_YCB_Video_Dataset/mask/0041/000021-mask-01.png", 
    "depth_minmax": [
      0.857, 
      0.899
    ], 
    "model": "/media/hdd/YCBvideo/YCB_Video_Dataset/YCB_Video_Dataset/models/061_foam_brick/textured.obj", 
    "rot_mat": [
      [
        -0.2638524615159234, 
        -0.9644683402280954, 
        0.013487977499815736
      ], 
      [
        0.41914079868856957, 
        -0.10204814735219944, 
        0.9021684960667968
      ], 
      [
        -0.8687367499529263, 
        0.24369154656329503, 
        0.4311739065802743
      ]
    ], 
    "trans_mat": [
      0.06846668965276145, 
      -0.12673299893875814, 
      0.894349623281356
    ]
  }, 
  {
    "img": "/media/hdd/YCBvideo/YCB_Video_Dataset/YCB_Video_Dataset/data/0041/000022-label.png", 
    "mask": "/media/hdd/YCBvideo/YCB_Video_Dataset/Generated_YCB_Video_Dataset/mask/0041/000022-mask-00.png", 
    "depth_minmax": [
      0.76, 
      0.922
    ], 
    "model": "/media/hdd/YCBvideo/YCB_Video_Dataset/YCB_Video_Dataset/models/019_pitcher_base/textured.obj", 
    "rot_mat": [
      [
        0.9700707665627961, 
        0.23812603779272576, 
        -0.04753359931081147
      ], 
      [
        0.07211056528046945, 
        -0.46942845646574477, 
        -0.8800209524036706
      ], 
      [
        -0.23186925620362053, 
        0.8502550696410254, 
        -0.4725499818008922
      ]
    ], 
    "trans_mat": [
      -0.075203839247601, 
      -0.0021118268870352775, 
      0.8624423480100534
    ]
  }, 
  {
    "img": "/media/hdd/YCBvideo/YCB_Video_Dataset/YCB_Video_Dataset/data/0041/000022-label.png", 
    "mask": "/media/hdd/YCBvideo/YCB_Video_Dataset/Generated_YCB_Video_Dataset/mask/0041/000022-mask-01.png", 
    "depth_minmax": [
      0.859, 
      0.898
    ], 
    "model": "/media/hdd/YCBvideo/YCB_Video_Dataset/YCB_Video_Dataset/models/061_foam_brick/textured.obj", 
    "rot_mat": [
      [
        -0.2628590388665652, 
        -0.9647798070720288, 
        0.010240425623325647
      ], 
      [
        0.419850171683309, 
        -0.1048209523127515, 
        0.9015207148273021
      ], 
      [
        -0.8686955042379981, 
        0.24127150875042952, 
        0.43261642182623705
      ]
    ], 
    "trans_mat": [
      0.06645421330425846, 
      -0.12812289940396482, 
      0.8940573551880212
    ]
  }, 
  {
    "img": "/media/hdd/YCBvideo/YCB_Video_Dataset/YCB_Video_Dataset/data/0041/000023-label.png", 
    "mask": "/media/hdd/YCBvideo/YCB_Video_Dataset/Generated_YCB_Video_Dataset/mask/0041/000023-mask-00.png", 
    "depth_minmax": [
      0.759, 
      0.927
    ], 
    "model": "/media/hdd/YCBvideo/YCB_Video_Dataset/YCB_Video_Dataset/models/019_pitcher_base/textured.obj", 
    "rot_mat": [
      [
        0.9702905714331604, 
        0.23766410900578147, 
        -0.04531562747309014
      ], 
      [
        0.07389565517958009, 
        -0.4694538994583106, 
        -0.8798588651948908
      ], 
      [
        -0.2303839121992517, 
        0.8503705087613908, 
        -0.4730687981015085
      ]
    ], 
    "trans_mat": [
      -0.07724131497650784, 
      -0.0035024558211807864, 
      0.8621279871885987
    ]
  }, 
  {
    "img": "/media/hdd/YCBvideo/YCB_Video_Dataset/YCB_Video_Dataset/data/0041/000023-label.png", 
    "mask": "/media/hdd/YCBvideo/YCB_Video_Dataset/Generated_YCB_Video_Dataset/mask/0041/000023-mask-01.png", 
    "depth_minmax": [
      0.858, 
      0.898
    ], 
    "model": "/media/hdd/YCBvideo/YCB_Video_Dataset/YCB_Video_Dataset/models/061_foam_brick/textured.obj", 
    "rot_mat": [
      [
        -0.2622843123022486, 
        -0.9649574153981896, 
        0.008045147965867645
      ], 
      [
        0.4198426676539625, 
        -0.10660170358243297, 
        0.9013149706758085
      ], 
      [
        -0.8688731101844089, 
        0.2397773885777476, 
        0.43309055526471146
      ]
    ], 
    "trans_mat": [
      0.06458589636938095, 
      -0.12928611669839063, 
      0.8938902597255408
    ]
  }, 
  {
    "img": "/media/hdd/YCBvideo/YCB_Video_Dataset/YCB_Video_Dataset/data/0041/000024-label.png", 
    "mask": "/media/hdd/YCBvideo/YCB_Video_Dataset/Generated_YCB_Video_Dataset/mask/0041/000024-mask-00.png", 
    "depth_minmax": [
      0.759, 
      0.927
    ], 
    "model": "/media/hdd/YCBvideo/YCB_Video_Dataset/YCB_Video_Dataset/models/019_pitcher_base/textured.obj", 
    "rot_mat": [
      [
        0.9702857858448082, 
        0.23782009803176132, 
        -0.04458132002823274
      ], 
      [
        0.07488915853590329, 
        -0.47037199553438597, 
        -0.8792846196525088
      ], 
      [
        -0.23008126856060532, 
        0.8498191619640408, 
        -0.47420497425892844
      ]
    ], 
    "trans_mat": [
      -0.07790519283566424, 
      -0.005226126068260133, 
      0.8620257287766637
    ]
  }, 
  {
    "img": "/media/hdd/YCBvideo/YCB_Video_Dataset/YCB_Video_Dataset/data/0041/000024-label.png", 
    "mask": "/media/hdd/YCBvideo/YCB_Video_Dataset/Generated_YCB_Video_Dataset/mask/0041/000024-mask-01.png", 
    "depth_minmax": [
      0.857, 
      0.898
    ], 
    "model": "/media/hdd/YCBvideo/YCB_Video_Dataset/YCB_Video_Dataset/models/061_foam_brick/textured.obj", 
    "rot_mat": [
      [
        -0.26240062407450954, 
        -0.9649311034333178, 
        0.007303971165542225
      ], 
      [
        0.42076679115775845, 
        -0.1076033765287375, 
        0.9007651039515016
      ], 
      [
        -0.8683905602560852, 
        0.2394339843548627, 
        0.434246277498316
      ]
    ], 
    "trans_mat": [
      0.06400563602545986, 
      -0.13094829538004407, 
      0.8936572199310467
    ]
  }, 
  {
