[
  {
    "img": "/media/hdd/YCBvideo/YCB_Video_Dataset/YCB_Video_Dataset/data/0042/000001-label.png", 
    "mask": "/media/hdd/YCBvideo/YCB_Video_Dataset/Generated_YCB_Video_Dataset/mask/0042/000001-mask-00.png", 
    "depth_minmax": [
      0.569, 
      0.608
    ], 
    "model": "/media/hdd/YCBvideo/YCB_Video_Dataset/YCB_Video_Dataset/models/061_foam_brick/textured.obj", 
    "rot_mat": [
      [
        -0.8261781906252337, 
        0.45798736144287155, 
        0.3281419658483712
      ], 
      [
        0.3635793405030979, 
        0.8783088443119684, 
        -0.31045440670897845
      ], 
      [
        -0.43039423332507265, 
        -0.13718468943850404, 
        -0.8921555999151579
      ]
    ], 
    "trans_mat": [
      0.01873816476362033, 
      0.045552014443298865, 
      0.6124489632829794
    ]
  }, 
  {
    "img": "/media/hdd/YCBvideo/YCB_Video_Dataset/YCB_Video_Dataset/data/0042/000002-label.png", 
    "mask": "/media/hdd/YCBvideo/YCB_Video_Dataset/Generated_YCB_Video_Dataset/mask/0042/000002-mask-00.png", 
    "depth_minmax": [
      0.567, 
      0.608
    ], 
    "model": "/media/hdd/YCBvideo/YCB_Video_Dataset/YCB_Video_Dataset/models/061_foam_brick/textured.obj", 
    "rot_mat": [
      [
        -0.8255418781230857, 
        0.4584710255666111, 
        0.32906485848222305
      ], 
      [
        0.36412773873399124, 
        0.8782163666925382, 
        -0.31007298467735295
      ], 
      [
        -0.43115001091353133, 
        -0.1361564262166367, 
        -0.8919486581042781
      ]
    ], 
    "trans_mat": [
      0.017904273891269862, 
      0.045638433942523454, 
      0.61231229472119
    ]
  }, 
  {
    "img": "/media/hdd/YCBvideo/YCB_Video_Dataset/YCB_Video_Dataset/data/0042/000003-label.png", 
    "mask": "/media/hdd/YCBvideo/YCB_Video_Dataset/Generated_YCB_Video_Dataset/mask/0042/000003-mask-00.png", 
    "depth_minmax": [
      0.568, 
      0.608
    ], 
    "model": "/media/hdd/YCBvideo/YCB_Video_Dataset/YCB_Video_Dataset/models/061_foam_brick/textured.obj", 
    "rot_mat": [
      [
        -0.8256065240367465, 
        0.45849985614520866, 
        0.328863343155334
      ], 
      [
        0.363896412823604, 
        0.8780973242522973, 
        -0.31068339104973236
      ], 
      [
        -0.43122242305157166, 
        -0.1368295214868229, 
        -0.8918103148963945
      ]
    ], 
    "trans_mat": [
      0.01784389168143421, 
      0.04603825240531721, 
      0.6122241706368824
    ]
  }, 
  {
    "img": "/media/hdd/YCBvideo/YCB_Video_Dataset/YCB_Video_Dataset/data/0042/000004-label.png", 
    "mask": "/media/hdd/YCBvideo/YCB_Video_Dataset/Generated_YCB_Video_Dataset/mask/0042/000004-mask-00.png", 
    "depth_minmax": [
      0.567, 
      0.608
    ], 
    "model": "/media/hdd/YCBvideo/YCB_Video_Dataset/YCB_Video_Dataset/models/061_foam_brick/textured.obj", 
    "rot_mat": [
      [
        -0.8254494860732113, 
        0.45895493454994296, 
        0.3286237733824116
      ], 
      [
        0.36390011359972385, 
        0.8777151572976934, 
        -0.31175637036852727
      ], 
      [
        -0.431520490123334, 
        -0.13775188006193234, 
        -0.8915239319380075
      ]
    ], 
    "trans_mat": [
      0.01836892090943909, 
      0.04646384865653729, 
      0.6121969178077082
    ]
  }, 
  {
    "img": "/media/hdd/YCBvideo/YCB_Video_Dataset/YCB_Video_Dataset/data/0042/000005-label.png", 
    "mask": "/media/hdd/YCBvideo/YCB_Video_Dataset/Generated_YCB_Video_Dataset/mask/0042/000005-mask-00.png", 
    "depth_minmax": [
      0.567, 
      0.608
    ], 
    "model": "/media/hdd/YCBvideo/YCB_Video_Dataset/YCB_Video_Dataset/models/061_foam_brick/textured.obj", 
    "rot_mat": [
      [
        -0.8255965517522007, 
        0.4580717854475561, 
        0.32948458602075703
      ], 
      [
        0.36295469104783057, 
        0.8782054684846909, 
        -0.31147713379934566
      ], 
      [
        -0.4320343849425943, 
        -0.13756585396240734, 
        -0.8913039683871674
      ]
    ], 
    "trans_mat": [
      0.018493636758739544, 
      0.046806519961448224, 
      0.6122924263398056
    ]
  }, 
  {
    "img": "/media/hdd/YCBvideo/YCB_Video_Dataset/YCB_Video_Dataset/data/0042/000006-label.png", 
    "mask": "/media/hdd/YCBvideo/YCB_Video_Dataset/Generated_YCB_Video_Dataset/mask/0042/000006-mask-00.png", 
    "depth_minmax": [
      0.567, 
      0.613
    ], 
    "model": "/media/hdd/YCBvideo/YCB_Video_Dataset/YCB_Video_Dataset/models/061_foam_brick/textured.obj", 
    "rot_mat": [
      [
        -0.826169958227995, 
        0.45703922897382815, 
        0.3294824420691726
      ], 
      [
        0.36161733245598454, 
        0.8785821491800512, 
        -0.31197068406405615
      ], 
      [
        -0.43206013801788645, 
        -0.13859332383454137, 
        -0.8911314648087456
      ]
    ], 
    "trans_mat": [
      0.01853078468711398, 
      0.04746198404520112, 
      0.6123678026745959
    ]
  }, 
  {
    "img": "/media/hdd/YCBvideo/YCB_Video_Dataset/YCB_Video_Dataset/data/0042/000007-label.png", 
    "mask": "/media/hdd/YCBvideo/YCB_Video_Dataset/Generated_YCB_Video_Dataset/mask/0042/000007-mask-00.png", 
    "depth_minmax": [
      0.568, 
      0.609
    ], 
    "model": "/media/hdd/YCBvideo/YCB_Video_Dataset/YCB_Video_Dataset/models/061_foam_brick/textured.obj", 
    "rot_mat": [
      [
        -0.8262228820868376, 
        0.4566456264103405, 
        0.3298932933231002
      ], 
      [
        0.36125410358547383, 
        0.8788211465508711, 
        -0.31171742555450876
      ], 
      [
        -0.43226187245068715, 
        -0.13837210047610102, 
        -0.8910688328643185
      ]
    ], 
    "trans_mat": [
      0.018624561421647555, 
      0.048055562035001456, 
      0.6124973812117607
    ]
  }, 
  {
    "img": "/media/hdd/YCBvideo/YCB_Video_Dataset/YCB_Video_Dataset/data/0042/000008-label.png", 
    "mask": "/media/hdd/YCBvideo/YCB_Video_Dataset/Generated_YCB_Video_Dataset/mask/0042/000008-mask-00.png", 
    "depth_minmax": [
      0.568, 
      0.609
    ], 
    "model": "/media/hdd/YCBvideo/YCB_Video_Dataset/YCB_Video_Dataset/models/061_foam_brick/textured.obj", 
    "rot_mat": [
      [
        -0.8282460984605041, 
        0.4543767579737065, 
        0.3279479538204274
      ], 
      [
        0.3593324921893722, 
        0.8797305904881301, 
        -0.31137247549819164
      ], 
      [
        -0.42998697785364004, 
        -0.140050614706162, 
        -0.891907182103684
      ]
    ], 
    "trans_mat": [
      0.0192857715491701, 
      0.048548471026442566, 
      0.6127785198266857
    ]
  }, 
  {
    "img": "/media/hdd/YCBvideo/YCB_Video_Dataset/YCB_Video_Dataset/data/0042/000009-label.png", 
    "mask": "/media/hdd/YCBvideo/YCB_Video_Dataset/Generated_YCB_Video_Dataset/mask/0042/000009-mask-00.png", 
    "depth_minmax": [
      0.569, 
      0.609
    ], 
    "model": "/media/hdd/YCBvideo/YCB_Video_Dataset/YCB_Video_Dataset/models/061_foam_brick/textured.obj", 
    "rot_mat": [
      [
        -0.8263107429720362, 
        0.4568898774504076, 
        0.3293340347135408
      ], 
      [
        0.36092440867817643, 
        0.8784567507972002, 
        -0.3131238247711672
      ], 
      [
        -0.4323694011155405, 
        -0.13987253734354022, 
        -0.8907819853014307
      ]
    ], 
    "trans_mat": [
      0.01894543416670747, 
      0.04897203866011349, 
      0.6127625464951028
    ]
  }, 
  {
    "img": "/media/hdd/YCBvideo/YCB_Video_Dataset/YCB_Video_Dataset/data/0042/000010-label.png", 
    "mask": "/media/hdd/YCBvideo/YCB_Video_Dataset/Generated_YCB_Video_Dataset/mask/0042/000010-mask-00.png", 
    "depth_minmax": [
      0.569, 
      0.609
    ], 
    "model": "/media/hdd/YCBvideo/YCB_Video_Dataset/YCB_Video_Dataset/models/061_foam_brick/textured.obj", 
    "rot_mat": [
      [
        -0.8264372961579683, 
        0.4562712776847708, 
        0.3298751674698275
      ], 
      [
        0.3603478667078473, 
        0.8788189222134, 
        -0.31276945265401046
      ], 
      [
        -0.43260872017193996, 
        -0.1396145872353646, 
        -0.8907069320285431
      ]
    ], 
    "trans_mat": [
      0.018334892787469345, 
      0.04884478097017035, 
      0.6128064710655662
    ]
  }, 
  {
    "img": "/media/hdd/YCBvideo/YCB_Video_Dataset/YCB_Video_Dataset/data/0042/000011-label.png", 
    "mask": "/media/hdd/YCBvideo/YCB_Video_Dataset/Generated_YCB_Video_Dataset/mask/0042/000011-mask-00.png", 
    "depth_minmax": [
      0.568, 
      0.609
    ], 
    "model": "/media/hdd/YCBvideo/YCB_Video_Dataset/YCB_Video_Dataset/models/061_foam_brick/textured.obj", 
    "rot_mat": [
      [
        -0.8270921384303862, 
        0.45570904061059275, 
        0.3290102515770169
      ], 
      [
        0.3600578495962446, 
        0.87905766155326, 
        -0.3124331248074618
      ], 
      [
        -0.4315983188253428, 
        -0.13994869182041042, 
        -0.8911441419251683
      ]
    ], 
    "trans_mat": [
      0.018628629483023802, 
      0.04841661976127214, 
      0.612733513260809
    ]
  }, 
  {
    "img": "/media/hdd/YCBvideo/YCB_Video_Dataset/YCB_Video_Dataset/data/0042/000012-label.png", 
    "mask": "/media/hdd/YCBvideo/YCB_Video_Dataset/Generated_YCB_Video_Dataset/mask/0042/000012-mask-00.png", 
    "depth_minmax": [
      0.568, 
      0.609
    ], 
    "model": "/media/hdd/YCBvideo/YCB_Video_Dataset/YCB_Video_Dataset/models/061_foam_brick/textured.obj", 
    "rot_mat": [
      [
        -0.8267427502796749, 
        0.45528805810405887, 
        0.330467235363008
      ], 
      [
        0.3598414948013248, 
        0.8794924225517251, 
        -0.3114575130450247
      ], 
      [
        -0.4324465113280866, 
        -0.13857896096613415, 
        -0.8909470449757751
      ]
    ], 
    "trans_mat": [
      0.018106607985313328, 
      0.048231132054302274, 
      0.612689739085891
    ]
  }, 
  {
    "img": "/media/hdd/YCBvideo/YCB_Video_Dataset/YCB_Video_Dataset/data/0042/000013-label.png", 
    "mask": "/media/hdd/YCBvideo/YCB_Video_Dataset/Generated_YCB_Video_Dataset/mask/0042/000013-mask-00.png", 
    "depth_minmax": [
      0.567, 
      0.613
    ], 
    "model": "/media/hdd/YCBvideo/YCB_Video_Dataset/YCB_Video_Dataset/models/061_foam_brick/textured.obj", 
    "rot_mat": [
      [
        -0.8270810447414612, 
        0.4541411309011768, 
        0.3311967939554356
      ], 
      [
        0.35840246855426094, 
        0.8800086922328659, 
        -0.31165934617506325
      ], 
      [
        -0.43299325760510265, 
        -0.13906554725264775, 
        -0.8906052067565574
      ]
    ], 
    "trans_mat": [
      0.018053446802518254, 
      0.04822994114198973, 
      0.6126831423321569
    ]
  }, 
  {
    "img": "/media/hdd/YCBvideo/YCB_Video_Dataset/YCB_Video_Dataset/data/0042/000014-label.png", 
    "mask": "/media/hdd/YCBvideo/YCB_Video_Dataset/Generated_YCB_Video_Dataset/mask/0042/000014-mask-00.png", 
    "depth_minmax": [
      0.568, 
      0.609
    ], 
    "model": "/media/hdd/YCBvideo/YCB_Video_Dataset/YCB_Video_Dataset/models/061_foam_brick/textured.obj", 
    "rot_mat": [
      [
        -0.82665906273215, 
        0.4562660236900281, 
        0.3293269840575949
      ], 
      [
        0.36069997102285595, 
        0.8788702488709589, 
        -0.3122201088783485
      ], 
      [
        -0.43189086150580785, 
        -0.13931131561263366, 
        -0.8911024383904298
      ]
    ], 
    "trans_mat": [
      0.019394471853886604, 
      0.04785485110261722, 
      0.6125933609885208
    ]
  }, 
  {
    "img": "/media/hdd/YCBvideo/YCB_Video_Dataset/YCB_Video_Dataset/data/0042/000015-label.png", 
    "mask": "/media/hdd/YCBvideo/YCB_Video_Dataset/Generated_YCB_Video_Dataset/mask/0042/000015-mask-00.png", 
    "depth_minmax": [
      0.567, 
      0.609
    ], 
    "model": "/media/hdd/YCBvideo/YCB_Video_Dataset/YCB_Video_Dataset/models/061_foam_brick/textured.obj", 
    "rot_mat": [
      [
        -0.8274020128567126, 
        0.4553056315154268, 
        0.3287886128230058
      ], 
      [
        0.3607384116248854, 
        0.8795640434673622, 
        -0.3102141708736808
      ], 
      [
        -0.43043314437477936, 
        -0.13806502039069318, 
        -0.892001048513625
      ]
    ], 
    "trans_mat": [
      0.019500505976899278, 
      0.0467722958419309, 
      0.6122360202220982
    ]
  }, 
  {
    "img": "/media/hdd/YCBvideo/YCB_Video_Dataset/YCB_Video_Dataset/data/0042/000016-label.png", 
    "mask": "/media/hdd/YCBvideo/YCB_Video_Dataset/Generated_YCB_Video_Dataset/mask/0042/000016-mask-00.png", 
    "depth_minmax": [
      0.566, 
      0.608
    ], 
    "model": "/media/hdd/YCBvideo/YCB_Video_Dataset/YCB_Video_Dataset/models/061_foam_brick/textured.obj", 
    "rot_mat": [
      [
        -0.8274686244077049, 
        0.4540007921932685, 
        0.33042315760899277
      ], 
      [
        0.3594507289811585, 
        0.8803602291551861, 
        -0.3094519991209084
      ], 
      [
        -0.4313831651797621, 
        -0.1372908292116347, 
        -0.8916619569878628
      ]
    ], 
    "trans_mat": [
      0.019085409429219782, 
      0.04565598093797781, 
      0.6117699703337918
    ]
  }, 
  {
    "img": "/media/hdd/YCBvideo/YCB_Video_Dataset/YCB_Video_Dataset/data/0042/000017-label.png", 
    "mask": "/media/hdd/YCBvideo/YCB_Video_Dataset/Generated_YCB_Video_Dataset/mask/0042/000017-mask-00.png", 
    "depth_minmax": [
      0.567, 
      0.612
    ], 
    "model": "/media/hdd/YCBvideo/YCB_Video_Dataset/YCB_Video_Dataset/models/061_foam_brick/textured.obj", 
    "rot_mat": [
      [
        -0.8295972924111041, 
        0.4508767426029443, 
        0.32935857287792963
      ], 
      [
        0.3574391777243141, 
        0.8820031055753644, 
        -0.3070930222235415
      ], 
      [
        -0.4289573360763723, 
        -0.13703795401766752, 
        -0.8928702382947421
      ]
    ], 
    "trans_mat": [
      0.0196474889926581, 
      0.04411325210505014, 
      0.6112881251331457
    ]
  }, 
  {
    "img": "/media/hdd/YCBvideo/YCB_Video_Dataset/YCB_Video_Dataset/data/0042/000018-label.png", 
    "mask": "/media/hdd/YCBvideo/YCB_Video_Dataset/Generated_YCB_Video_Dataset/mask/0042/000018-mask-00.png", 
    "depth_minmax": [
      0.568, 
      0.607
    ], 
    "model": "/media/hdd/YCBvideo/YCB_Video_Dataset/YCB_Video_Dataset/models/061_foam_brick/textured.obj", 
    "rot_mat": [
      [
        -0.8290468509518654, 
        0.4506445305751829, 
        0.3310607697206777
      ], 
      [
        0.3576078808356207, 
        0.8824342924574855, 
        -0.30565532996376693
      ], 
      [
        -0.429880791536176, 
        -0.1350124008175737, 
        -0.8927344842563174
      ]
    ], 
    "trans_mat": [
      0.01962106972207086, 
      0.04319501561648294, 
      0.6106627134121024
    ]
  }, 
  {
    "img": "/media/hdd/YCBvideo/YCB_Video_Dataset/YCB_Video_Dataset/data/0042/000019-label.png", 
    "mask": "/media/hdd/YCBvideo/YCB_Video_Dataset/Generated_YCB_Video_Dataset/mask/0042/000019-mask-00.png", 
    "depth_minmax": [
      0.566, 
      0.606
    ], 
    "model": "/media/hdd/YCBvideo/YCB_Video_Dataset/YCB_Video_Dataset/models/061_foam_brick/textured.obj", 
    "rot_mat": [
      [
        -0.8291913975469783, 
        0.4500674416814403, 
        0.3314820152220318
      ], 
      [
        0.3575705016702714, 
        0.8829127341152, 
        -0.3043160339729044
      ], 
      [
        -0.4296318170294707, 
        -0.13380776925169893, 
        -0.8930352395852251
      ]
    ], 
    "trans_mat": [
      0.01979574749955592, 
      0.042926498196612005, 
      0.6102069933958335
    ]
  }, 
  {
    "img": "/media/hdd/YCBvideo/YCB_Video_Dataset/YCB_Video_Dataset/data/0042/000020-label.png", 
    "mask": "/media/hdd/YCBvideo/YCB_Video_Dataset/Generated_YCB_Video_Dataset/mask/0042/000020-mask-00.png", 
    "depth_minmax": [
      0.566, 
      0.606
    ], 
    "model": "/media/hdd/YCBvideo/YCB_Video_Dataset/YCB_Video_Dataset/models/061_foam_brick/textured.obj", 
    "rot_mat": [
      [
        -0.8290110937384952, 
        0.4510406340609789, 
        0.3306100983267477
      ], 
      [
        0.35904598898692625, 
        0.8825288246386775, 
        -0.3036886061931702
      ], 
      [
        -0.4287494647122158, 
        -0.13305663782749957, 
        -0.8935720563988981
      ]
    ], 
    "trans_mat": [
      0.02106914017002983, 
      0.0429839346713424, 
      0.6098526162409235
    ]
  }, 
  {
    "img": "/media/hdd/YCBvideo/YCB_Video_Dataset/YCB_Video_Dataset/data/0042/000021-label.png", 
    "mask": "/media/hdd/YCBvideo/YCB_Video_Dataset/Generated_YCB_Video_Dataset/mask/0042/000021-mask-00.png", 
    "depth_minmax": [
      0.565, 
      0.61
    ], 
    "model": "/media/hdd/YCBvideo/YCB_Video_Dataset/YCB_Video_Dataset/models/061_foam_brick/textured.obj", 
    "rot_mat": [
      [
        -0.8296843530717768, 
        0.45116711202030624, 
        0.32874098125355883
      ], 
      [
        0.35928920603603526, 
        0.8822936708291715, 
        -0.3040859940139048
      ], 
      [
        -0.42723993900698487, 
        -0.1341820125558972, 
        -0.894126250425579
      ]
    ], 
    "trans_mat": [
      0.02229087279226083, 
      0.04346865651114991, 
      0.6097237807102546
    ]
  }, 
  {
    "img": "/media/hdd/YCBvideo/YCB_Video_Dataset/YCB_Video_Dataset/data/0042/000022-label.png", 
    "mask": "/media/hdd/YCBvideo/YCB_Video_Dataset/Generated_YCB_Video_Dataset/mask/0042/000022-mask-00.png", 
    "depth_minmax": [
      0.564, 
      0.61
    ], 
    "model": "/media/hdd/YCBvideo/YCB_Video_Dataset/YCB_Video_Dataset/models/061_foam_brick/textured.obj", 
    "rot_mat": [
      [
        -0.8294591100553722, 
        0.45143187808801016, 
        0.3289479179661374
      ], 
      [
        0.3589452071923016, 
        0.8820062982242269, 
        -0.3053226556961955
      ], 
      [
        -0.42796639473341336, 
        -0.13517793199325803, 
        -0.8936288501047928
      ]
    ], 
    "trans_mat": [
      0.022905970202710596, 
      0.04412070219564952, 
      0.6095630736223158
    ]
  }, 
  {
    "img": "/media/hdd/YCBvideo/YCB_Video_Dataset/YCB_Video_Dataset/data/0042/000023-label.png", 
    "mask": "/media/hdd/YCBvideo/YCB_Video_Dataset/Generated_YCB_Video_Dataset/mask/0042/000023-mask-00.png", 
    "depth_minmax": [
      0.564, 
      0.606
    ], 
    "model": "/media/hdd/YCBvideo/YCB_Video_Dataset/YCB_Video_Dataset/models/061_foam_brick/textured.obj", 
    "rot_mat": [
      [
        -0.8318161738592034, 
        0.44872796839440865, 
        0.32668697372328925
      ], 
      [
        0.35609775052388093, 
        0.8829118501051562, 
        -0.3060382788414439
      ], 
      [
        -0.42576390190703756, 
        -0.13823533008099437, 
        -0.8942127099367305
      ]
    ], 
    "trans_mat": [
      0.023904067590748118, 
      0.04420830200112257, 
      0.6096172577882271
    ]
  }, 
  {
    "img": "/media/hdd/YCBvideo/YCB_Video_Dataset/YCB_Video_Dataset/data/0042/000024-label.png", 
    "mask": "/media/hdd/YCBvideo/YCB_Video_Dataset/Generated_YCB_Video_Dataset/mask/0042/000024-mask-00.png", 
    "depth_minmax": [
      0.565, 
      0.61
    ], 
    "model": "/media/hdd/YCBvideo/YCB_Video_Dataset/YCB_Video_Dataset/models/061_foam_brick/textured.obj", 
    "rot_mat": [
      [
        -0.8329389055361817, 
        0.44706687857809063, 
        0.32610358203512835
      ], 
      [
        0.3546656629367767, 
        0.8836592555308337, 
        -0.3055449066511142
      ], 
      [
        -0.4247636050948135, 
        -0.138841998014962, 
        -0.8945941100068456
      ]
    ], 
    "trans_mat": [
      0.02408605693386845, 
      0.04431228403775575, 
      0.6095825417992827
    ]
  }, 
  {
    "img": "/media/hdd/YCBvideo/YCB_Video_Dataset/YCB_Video_Dataset/data/0042/000025-label.png", 
    "mask": "/media/hdd/YCBvideo/YCB_Video_Dataset/Generated_YCB_Video_Dataset/mask/0042/000025-mask-00.png", 
    "depth_minmax": [
      0.564, 
      0.61
    ], 
    "model": "/media/hdd/YCBvideo/YCB_Video_Dataset/YCB_Video_Dataset/models/061_foam_brick/textured.obj", 
    "rot_mat": [
      [
        -0.8314313153284837, 
        0.4484477907779994, 
        0.3280490106256948
      ], 
      [
        0.3554394853071396, 
        0.8830766975046399, 
        -0.3063282741364609
      ], 
      [
        -0.42706522107687966, 
        -0.13808855033445844, 
        -0.8936150513854912
      ]
    ], 
    "trans_mat": [
      0.0232130780000794, 
      0.044383086327865355, 
      0.609363470259772
    ]
  }, 
  {
    "img": "/media/hdd/YCBvideo/YCB_Video_Dataset/YCB_Video_Dataset/data/0042/000026-label.png", 
    "mask": "/media/hdd/YCBvideo/YCB_Video_Dataset/Generated_YCB_Video_Dataset/mask/0042/000026-mask-00.png", 
    "depth_minmax": [
      0.564, 
      0.606
    ], 
    "model": "/media/hdd/YCBvideo/YCB_Video_Dataset/YCB_Video_Dataset/models/061_foam_brick/textured.obj", 
    "rot_mat": [
      [
        -0.8315649740451136, 
        0.4473290240129636, 
        0.3292347846518349
      ], 
      [
        0.3547602205890236, 
        0.8838583216859832, 
        -0.3048571040847743
      ], 
      [
        -0.42736952579677634, 
        -0.13670895698310578, 
        -0.8936820857972028
      ]
    ], 
    "trans_mat": [
      0.02303146541819054, 
      0.04401200044526898, 
      0.6096739299006502
    ]
  }, 
  {
    "img": "/media/hdd/YCBvideo/YCB_Video_Dataset/YCB_Video_Dataset/data/0042/000027-label.png", 
    "mask": "/media/hdd/YCBvideo/YCB_Video_Dataset/Generated_YCB_Video_Dataset/mask/0042/000027-mask-00.png", 
    "depth_minmax": [
      0.564, 
      0.606
    ], 
    "model": "/media/hdd/YCBvideo/YCB_Video_Dataset/YCB_Video_Dataset/models/061_foam_brick/textured.obj", 
    "rot_mat": [
      [
        -0.8310423937975501, 
        0.44803485393935605, 
        0.3295952829129717
      ], 
      [
        0.35511390563232087, 
        0.8834722267393486, 
        -0.3055630611717611
      ], 
      [
        -0.42809203397056284, 
        -0.1368913297923634, 
        -0.8933075245330684
      ]
    ], 
    "trans_mat": [
      0.022650279734654444, 
      0.043562383045007085, 
      0.6098640371261382
    ]
  }, 
  {
    "img": "/media/hdd/YCBvideo/YCB_Video_Dataset/YCB_Video_Dataset/data/0042/000028-label.png", 
    "mask": "/media/hdd/YCBvideo/YCB_Video_Dataset/Generated_YCB_Video_Dataset/mask/0042/000028-mask-00.png", 
    "depth_minmax": [
      0.566, 
      0.606
    ], 
    "model": "/media/hdd/YCBvideo/YCB_Video_Dataset/YCB_Video_Dataset/models/061_foam_brick/textured.obj", 
    "rot_mat": [
      [
        -0.8313686363372799, 
        0.44828174086511025, 
        0.32843546034133175
      ], 
      [
        0.3556599884915372, 
        0.8833224011024735, 
        -0.3053645086254052
      ], 
      [
        -0.4270036179347928, 
        -0.13705956744232098, 
        -0.8938027781188881
      ]
    ], 
    "trans_mat": [
      0.022714857303973227, 
      0.04296107804467291, 
      0.6100958926212904
    ]
  }, 
  {
    "img": "/media/hdd/YCBvideo/YCB_Video_Dataset/YCB_Video_Dataset/data/0042/000029-label.png", 
    "mask": "/media/hdd/YCBvideo/YCB_Video_Dataset/Generated_YCB_Video_Dataset/mask/0042/000029-mask-00.png", 
    "depth_minmax": [
      0.569, 
      0.607
    ], 
    "model": "/media/hdd/YCBvideo/YCB_Video_Dataset/YCB_Video_Dataset/models/061_foam_brick/textured.obj", 
    "rot_mat": [
      [
        -0.8309163220317198, 
        0.44891919250420087, 
        0.3287090759096678
      ], 
      [
        0.3562721145562229, 
        0.8830597164512551, 
        -0.3054072753618161
      ], 
      [
        -0.42737314853602015, 
        -0.13665791896929935, 
        -0.8936877567270339
      ]
    ], 
    "trans_mat": [
      0.02252106827166643, 
      0.04224774022521724, 
      0.6103400988888859
    ]
  }, 
  {
    "img": "/media/hdd/YCBvideo/YCB_Video_Dataset/YCB_Video_Dataset/data/0042/000030-label.png", 
    "mask": "/media/hdd/YCBvideo/YCB_Video_Dataset/Generated_YCB_Video_Dataset/mask/0042/000030-mask-00.png", 
    "depth_minmax": [
      0.569, 
      0.607
    ], 
    "model": "/media/hdd/YCBvideo/YCB_Video_Dataset/YCB_Video_Dataset/models/061_foam_brick/textured.obj", 
    "rot_mat": [
      [
        -0.8313433230808417, 
        0.44770218607532947, 
        0.32928894228122296
      ], 
      [
        0.3552512818073863, 
        0.8837358091412131, 
        -0.3046422927027837
      ], 
      [
        -0.42739311066227104, 
        -0.13628196124184394, 
        -0.893735335509875
      ]
    ], 
    "trans_mat": [
      0.02182043898418992, 
      0.04159773177823331, 
      0.6107362632775287
    ]
  }, 
  {
    "img": "/media/hdd/YCBvideo/YCB_Video_Dataset/YCB_Video_Dataset/data/0042/000031-label.png", 
    "mask": "/media/hdd/YCBvideo/YCB_Video_Dataset/Generated_YCB_Video_Dataset/mask/0042/000031-mask-00.png", 
    "depth_minmax": [
      0.569, 
      0.608
    ], 
    "model": "/media/hdd/YCBvideo/YCB_Video_Dataset/YCB_Video_Dataset/models/061_foam_brick/textured.obj", 
    "rot_mat": [
      [
        -0.831233573876321, 
        0.44829209124026725, 
        0.32876347778458215
      ], 
      [
        0.3560827251706498, 
        0.883487695871972, 
        -0.3043909570089297
      ], 
      [
        -0.42691457857763637, 
        -0.13595258934340643, 
        -0.8940143888806689
      ]
    ], 
    "trans_mat": [
      0.021719465540801113, 
      0.040871711956413245, 
      0.611152304142445
    ]
  }, 
  {
    "img": "/media/hdd/YCBvideo/YCB_Video_Dataset/YCB_Video_Dataset/data/0042/000032-label.png", 
    "mask": "/media/hdd/YCBvideo/YCB_Video_Dataset/Generated_YCB_Video_Dataset/mask/0042/000032-mask-00.png", 
    "depth_minmax": [
      0.569, 
      0.608
    ], 
    "model": "/media/hdd/YCBvideo/YCB_Video_Dataset/YCB_Video_Dataset/models/061_foam_brick/textured.obj", 
    "rot_mat": [
      [
        -0.831847670214296, 
        0.44772853934794765, 
        0.3279767185535628
      ], 
      [
        0.3556216817360478, 
        0.8836805819625451, 
        -0.30437064399530545
      ], 
      [
        -0.4261022532335505, 
        -0.1365537285831545, 
        -0.8943103394967384
      ]
    ], 
    "trans_mat": [
      0.022352915467388275, 
      0.04050856601063168, 
      0.6114760598697023
    ]
  }, 
  {
    "img": "/media/hdd/YCBvideo/YCB_Video_Dataset/YCB_Video_Dataset/data/0042/000033-label.png", 
    "mask": "/media/hdd/YCBvideo/YCB_Video_Dataset/Generated_YCB_Video_Dataset/mask/0042/000033-mask-00.png", 
    "depth_minmax": [
      0.569, 
      0.608
    ], 
    "model": "/media/hdd/YCBvideo/YCB_Video_Dataset/YCB_Video_Dataset/models/061_foam_brick/textured.obj", 
    "rot_mat": [
      [
        -0.8340257137220687, 
        0.446071460240795, 
        0.32468705052526936
      ], 
      [
        0.35438378840159196, 
        0.8841657461981534, 
        -0.30440295281864943
      ], 
      [
        -0.4228631892962493, 
        -0.13881577054450933, 
        -0.8954985199164807
      ]
    ], 
    "trans_mat": [
      0.02322940908617168, 
      0.0402289762859386, 
      0.6119754768170793
    ]
  }, 
  {
    "img": "/media/hdd/YCBvideo/YCB_Video_Dataset/YCB_Video_Dataset/data/0042/000034-label.png", 
    "mask": "/media/hdd/YCBvideo/YCB_Video_Dataset/Generated_YCB_Video_Dataset/mask/0042/000034-mask-00.png", 
    "depth_minmax": [
      0.569, 
      0.608
    ], 
    "model": "/media/hdd/YCBvideo/YCB_Video_Dataset/YCB_Video_Dataset/models/061_foam_brick/textured.obj", 
    "rot_mat": [
      [
        -0.8333476942298401, 
        0.4481783513404236, 
        0.32352200559403527
      ], 
      [
        0.3560549427759437, 
        0.8829424530544465, 
        -0.3060016177046008
      ], 
      [
        -0.4227948420723119, 
        -0.13981377520953778, 
        -0.8953755788651276
      ]
    ], 
    "trans_mat": [
      0.023569743104989938, 
      0.039547827754443515, 
      0.6122341304580995
    ]
  }, 
  {
    "img": "/media/hdd/YCBvideo/YCB_Video_Dataset/YCB_Video_Dataset/data/0042/000035-label.png", 
    "mask": "/media/hdd/YCBvideo/YCB_Video_Dataset/Generated_YCB_Video_Dataset/mask/0042/000035-mask-00.png", 
    "depth_minmax": [
      0.569, 
      0.609
    ], 
    "model": "/media/hdd/YCBvideo/YCB_Video_Dataset/YCB_Video_Dataset/models/061_foam_brick/textured.obj", 
    "rot_mat": [
      [
        -0.834263262101787, 
        0.4462808779825606, 
        0.3237874614754106
      ], 
      [
        0.35467930567188555, 
        0.8839934325999725, 
        -0.3045603952355702
      ], 
      [
        -0.4221461315873345, 
        -0.13924214880092156, 
        -0.895770836138112
      ]
    ], 
    "trans_mat": [
      0.023505422304940946, 
      0.038505880561830345, 
      0.6123967927555071
    ]
  }, 
  {
    "img": "/media/hdd/YCBvideo/YCB_Video_Dataset/YCB_Video_Dataset/data/0042/000036-label.png", 
    "mask": "/media/hdd/YCBvideo/YCB_Video_Dataset/Generated_YCB_Video_Dataset/mask/0042/000036-mask-00.png", 
    "depth_minmax": [
      0.57, 
      0.613
    ], 
    "model": "/media/hdd/YCBvideo/YCB_Video_Dataset/YCB_Video_Dataset/models/061_foam_brick/textured.obj", 
    "rot_mat": [
      [
        -0.8337187343177778, 
        0.44631619148513435, 
        0.32513653754417793
      ], 
      [
        0.35492393168011255, 
        0.8842063833247388, 
        -0.30365483301993706
      ], 
      [
        -0.4230140214928023, 
        -0.1377636953768731, 
        -0.8955896808733643
      ]
    ], 
    "trans_mat": [
      0.02254762495847603, 
      0.0376755610967301, 
      0.6126206748638032
    ]
  }, 
  {
    "img": "/media/hdd/YCBvideo/YCB_Video_Dataset/YCB_Video_Dataset/data/0042/000037-label.png", 
    "mask": "/media/hdd/YCBvideo/YCB_Video_Dataset/Generated_YCB_Video_Dataset/mask/0042/000037-mask-00.png", 
    "depth_minmax": [
      0.57, 
      0.609
    ], 
    "model": "/media/hdd/YCBvideo/YCB_Video_Dataset/YCB_Video_Dataset/models/061_foam_brick/textured.obj", 
    "rot_mat": [
      [
        -0.8320031205837293, 
        0.44822507418666396, 
        0.32690034519177086
      ], 
      [
        0.35645304796094984, 
        0.8834392025733127, 
        -0.30409752674905327
      ], 
      [
        -0.4251009760975335, 
        -0.13648510230914088, 
        -0.8947968325877133
      ]
    ], 
    "trans_mat": [
      0.021788934124443764, 
      0.03704666659365178, 
      0.6128627945286254
    ]
  }, 
  {
    "img": "/media/hdd/YCBvideo/YCB_Video_Dataset/YCB_Video_Dataset/data/0042/000038-label.png", 
    "mask": "/media/hdd/YCBvideo/YCB_Video_Dataset/Generated_YCB_Video_Dataset/mask/0042/000038-mask-00.png", 
    "depth_minmax": [
      0.57, 
      0.609
    ], 
    "model": "/media/hdd/YCBvideo/YCB_Video_Dataset/YCB_Video_Dataset/models/061_foam_brick/textured.obj", 
    "rot_mat": [
      [
        -0.8334053623498396, 
        0.44557486025844145, 
        0.3269513771682974
      ], 
      [
        0.3539005506046686, 
        0.8846594233391982, 
        -0.30353011941730457
      ], 
      [
        -0.4244865225270406, 
        -0.13725537760784548, 
        -0.8949702648910026
      ]
    ], 
    "trans_mat": [
      0.021382107814908527, 
      0.03666207604422034, 
      0.6134642129238667
    ]
  }, 
  {
    "img": "/media/hdd/YCBvideo/YCB_Video_Dataset/YCB_Video_Dataset/data/0042/000039-label.png", 
    "mask": "/media/hdd/YCBvideo/YCB_Video_Dataset/Generated_YCB_Video_Dataset/mask/0042/000039-mask-00.png", 
    "depth_minmax": [
      0.571, 
      0.61
    ], 
    "model": "/media/hdd/YCBvideo/YCB_Video_Dataset/YCB_Video_Dataset/models/061_foam_brick/textured.obj", 
    "rot_mat": [
      [
        -0.8315800660016907, 
        0.44830276439095, 
        0.32786887565142847
      ], 
      [
        0.3565942069264217, 
        0.8835380057709237, 
        -0.3036449344155954
      ], 
      [
        -0.42580980240071026, 
        -0.13558811908465845, 
        -0.8945961620870897
      ]
    ], 
    "trans_mat": [
      0.020677553896575343, 
      0.03679926595879217, 
      0.6138832800566159
    ]
  }, 
  {
    "img": "/media/hdd/YCBvideo/YCB_Video_Dataset/YCB_Video_Dataset/data/0042/000040-label.png", 
    "mask": "/media/hdd/YCBvideo/YCB_Video_Dataset/Generated_YCB_Video_Dataset/mask/0042/000040-mask-00.png", 
    "depth_minmax": [
      0.572, 
      0.611
    ], 
    "model": "/media/hdd/YCBvideo/YCB_Video_Dataset/YCB_Video_Dataset/models/061_foam_brick/textured.obj", 
    "rot_mat": [
      [
        -0.8303974148178969, 
        0.4487772869518077, 
        0.3302088035435712
      ], 
      [
        0.35599595992190897, 
        0.8832568186192378, 
        -0.30516209087946555
      ], 
      [
        -0.42860908199226255, 
        -0.13585253808619194, 
        -0.8932178980230163
      ]
    ], 
    "trans_mat": [
      0.019077568659332737, 
      0.03778537302037573, 
      0.6145642051112592
    ]
  }, 
  {
    "img": "/media/hdd/YCBvideo/YCB_Video_Dataset/YCB_Video_Dataset/data/0042/000041-label.png", 
    "mask": "/media/hdd/YCBvideo/YCB_Video_Dataset/Generated_YCB_Video_Dataset/mask/0042/000041-mask-00.png", 
    "depth_minmax": [
      0.572, 
      0.611
    ], 
    "model": "/media/hdd/YCBvideo/YCB_Video_Dataset/YCB_Video_Dataset/models/061_foam_brick/textured.obj", 
    "rot_mat": [
      [
        -0.8305835041242812, 
        0.44796981944411535, 
        0.33083767870060976
      ], 
      [
        0.35270421761028536, 
        0.8828925225905042, 
        -0.30999934206019486
      ], 
      [
        -0.4309654844232695, 
        -0.14079221341528672, 
        -0.8913179634095777
      ]
    ], 
    "trans_mat": [
      0.018398465796800698, 
      0.038084085386879046, 
      0.6152043522979795
    ]
  }, 
  {
    "img": "/media/hdd/YCBvideo/YCB_Video_Dataset/YCB_Video_Dataset/data/0042/000042-label.png", 
    "mask": "/media/hdd/YCBvideo/YCB_Video_Dataset/Generated_YCB_Video_Dataset/mask/0042/000042-mask-00.png", 
    "depth_minmax": [
      0.573, 
      0.617
    ], 
    "model": "/media/hdd/YCBvideo/YCB_Video_Dataset/YCB_Video_Dataset/models/061_foam_brick/textured.obj", 
    "rot_mat": [
      [
        -0.8308184798303871, 
        0.44518973261854006, 
        0.33398520143639526
      ], 
      [
        0.35074572735724335, 
        0.8847699681480898, 
        -0.30685287503610725
      ], 
      [
        -0.4321084153107738, 
        -0.13779533346315115, 
        -0.8912324829154028
      ]
    ], 
    "trans_mat": [
      0.016304876012303536, 
      0.03931360745373043, 
      0.615892839954593
    ]
  }, 
  {
    "img": "/media/hdd/YCBvideo/YCB_Video_Dataset/YCB_Video_Dataset/data/0042/000043-label.png", 
    "mask": "/media/hdd/YCBvideo/YCB_Video_Dataset/Generated_YCB_Video_Dataset/mask/0042/000043-mask-00.png", 
    "depth_minmax": [
      0.574, 
      0.617
    ], 
    "model": "/media/hdd/YCBvideo/YCB_Video_Dataset/YCB_Video_Dataset/models/061_foam_brick/textured.obj", 
    "rot_mat": [
      [
        -0.8292551139384718, 
        0.444531297850501, 
        0.3387137704387176
      ], 
      [
        0.348454968689617, 
        0.8850993323438195, 
        -0.3085084071835566
      ], 
      [
        -0.43693774766898213, 
        -0.13780596620294688, 
        -0.8888732217891154
      ]
    ], 
    "trans_mat": [
      0.013087429133204556, 
      0.04103798104717071, 
      0.6164721602178919
    ]
  }, 
  {
    "img": "/media/hdd/YCBvideo/YCB_Video_Dataset/YCB_Video_Dataset/data/0042/000044-label.png", 
    "mask": "/media/hdd/YCBvideo/YCB_Video_Dataset/Generated_YCB_Video_Dataset/mask/0042/000044-mask-00.png", 
    "depth_minmax": [
      0.574, 
      0.617
    ], 
    "model": "/media/hdd/YCBvideo/YCB_Video_Dataset/YCB_Video_Dataset/models/061_foam_brick/textured.obj", 
    "rot_mat": [
      [
        -0.8283776596262534, 
        0.4459471192325749, 
        0.33900029348479893
      ], 
      [
        0.3480020955187907, 
        0.8839142032235885, 
        -0.3123935846009568
      ], 
      [
        -0.4389585746129523, 
        -0.14080660615211701, 
        -0.8874060382192455
      ]
    ], 
    "trans_mat": [
      0.012254365230080326, 
      0.0418302665456153, 
      0.6170836824386702
    ]
  }, 
  {
    "img": "/media/hdd/YCBvideo/YCB_Video_Dataset/YCB_Video_Dataset/data/0042/000045-label.png", 
    "mask": "/media/hdd/YCBvideo/YCB_Video_Dataset/Generated_YCB_Video_Dataset/mask/0042/000045-mask-00.png", 
    "depth_minmax": [
      0.575, 
      0.614
    ], 
    "model": "/media/hdd/YCBvideo/YCB_Video_Dataset/YCB_Video_Dataset/models/061_foam_brick/textured.obj", 
    "rot_mat": [
      [
        -0.8287951314110582, 
        0.4458004924186724, 
        0.33817262415447963
      ], 
      [
        0.3479900242910591, 
        0.8839215636971113, 
        -0.31238493697929953
      ], 
      [
        -0.4381793398691842, 
        -0.14122242303620794, 
        -0.8877246389915568
      ]
    ], 
    "trans_mat": [
      0.011729058528224708, 
      0.0421368297050162, 
      0.6177203490316969
    ]
  }, 
  {
    "img": "/media/hdd/YCBvideo/YCB_Video_Dataset/YCB_Video_Dataset/data/0042/000046-label.png", 
    "mask": "/media/hdd/YCBvideo/YCB_Video_Dataset/Generated_YCB_Video_Dataset/mask/0042/000046-mask-00.png", 
    "depth_minmax": [
      0.576, 
      0.62
    ], 
    "model": "/media/hdd/YCBvideo/YCB_Video_Dataset/YCB_Video_Dataset/models/061_foam_brick/textured.obj", 
    "rot_mat": [
      [
        -0.8276092922350768, 
        0.44460977168815957, 
        0.3426142013766713
      ], 
      [
        0.34565285870489504, 
        0.884615666781561, 
        -0.3130144664879377
      ], 
      [
        -0.44225135471902094, 
        -0.1406272567165055, 
        -0.8857978015335273
      ]
    ], 
    "trans_mat": [
      0.009605856641594267, 
      0.042969366279010546, 
      0.6183444456542802
    ]
  }, 
  {
    "img": "/media/hdd/YCBvideo/YCB_Video_Dataset/YCB_Video_Dataset/data/0042/000047-label.png", 
    "mask": "/media/hdd/YCBvideo/YCB_Video_Dataset/Generated_YCB_Video_Dataset/mask/0042/000047-mask-00.png", 
    "depth_minmax": [
      0.577, 
      0.616
    ], 
    "model": "/media/hdd/YCBvideo/YCB_Video_Dataset/YCB_Video_Dataset/models/061_foam_brick/textured.obj", 
    "rot_mat": [
      [
        -0.8271489489024095, 
        0.4434206899271235, 
        0.3452568034657615
      ], 
      [
        0.3430572446662389, 
        0.8850084825883308, 
        -0.314755489353946
      ], 
      [
        -0.44512466491161845, 
        -0.14190694662613187, 
        -0.8841532694300461
      ]
    ], 
    "trans_mat": [
      0.007745805536556759, 
      0.04358805200813781, 
      0.619110263206498
    ]
  }, 
  {
    "img": "/media/hdd/YCBvideo/YCB_Video_Dataset/YCB_Video_Dataset/data/0042/000048-label.png", 
    "mask": "/media/hdd/YCBvideo/YCB_Video_Dataset/Generated_YCB_Video_Dataset/mask/0042/000048-mask-00.png", 
    "depth_minmax": [
      0.578, 
      0.621
    ], 
    "model": "/media/hdd/YCBvideo/YCB_Video_Dataset/YCB_Video_Dataset/models/061_foam_brick/textured.obj", 
    "rot_mat": [
      [
        -0.8272832404533284, 
        0.44310525482003293, 
        0.3453407261406619
      ], 
      [
        0.3423489343609008, 
        0.8850305642862761, 
        -0.3154616709109945
      ], 
      [
        -0.44542024460172996, 
        -0.14274886897641786, 
        -0.8838689020915973
      ]
    ], 
    "trans_mat": [
      0.007240348071299231, 
      0.043634949736118096, 
      0.6197775023164679
    ]
  }, 
  {
    "img": "/media/hdd/YCBvideo/YCB_Video_Dataset/YCB_Video_Dataset/data/0042/000049-label.png", 
    "mask": "/media/hdd/YCBvideo/YCB_Video_Dataset/Generated_YCB_Video_Dataset/mask/0042/000049-mask-00.png", 
