[
  {
    "img": "/media/hdd/YCBvideo/YCB_Video_Dataset/YCB_Video_Dataset/data/0043/000001-label.png", 
    "mask": "/media/hdd/YCBvideo/YCB_Video_Dataset/Generated_YCB_Video_Dataset/mask/0043/000001-mask-00.png", 
    "depth_minmax": [
      0.662, 
      0.742
    ], 
    "model": "/media/hdd/YCBvideo/YCB_Video_Dataset/YCB_Video_Dataset/models/010_potted_meat_can/textured.obj", 
    "rot_mat": [
      [
        -0.9130000044436009, 
        -0.015737180305580665, 
        0.40765473278738545
      ], 
      [
        -0.12199033767632025, 
        -0.9430029778331332, 
        -0.3096176214499677
      ], 
      [
        0.3892936552739976, 
        -0.33241149654591795, 
        0.859042474343941
      ]
    ], 
    "trans_mat": [
      -0.11514688783001262, 
      0.09607345794188456, 
      0.725234267120782
    ]
  }, 
  {
    "img": "/media/hdd/YCBvideo/YCB_Video_Dataset/YCB_Video_Dataset/data/0043/000002-label.png", 
    "mask": "/media/hdd/YCBvideo/YCB_Video_Dataset/Generated_YCB_Video_Dataset/mask/0043/000002-mask-00.png", 
    "depth_minmax": [
      0.661, 
      0.741
    ], 
    "model": "/media/hdd/YCBvideo/YCB_Video_Dataset/YCB_Video_Dataset/models/010_potted_meat_can/textured.obj", 
    "rot_mat": [
      [
        -0.9138996887498481, 
        -0.014461594354852758, 
        0.40568191820270383
      ], 
      [
        -0.12227724135514154, 
        -0.9431422563950946, 
        -0.3090800029505769
      ], 
      [
        0.3870856226297949, 
        -0.3320742358939803, 
        0.8601691437178618
      ]
    ], 
    "trans_mat": [
      -0.11673609370890309, 
      0.09563709704802098, 
      0.7248063058371217
    ]
  }, 
  {
    "img": "/media/hdd/YCBvideo/YCB_Video_Dataset/YCB_Video_Dataset/data/0043/000003-label.png", 
    "mask": "/media/hdd/YCBvideo/YCB_Video_Dataset/Generated_YCB_Video_Dataset/mask/0043/000003-mask-00.png", 
    "depth_minmax": [
      0.66, 
      0.741
    ], 
    "model": "/media/hdd/YCBvideo/YCB_Video_Dataset/YCB_Video_Dataset/models/010_potted_meat_can/textured.obj", 
    "rot_mat": [
      [
        -0.9144057774284182, 
        -0.013006164890431571, 
        0.40458931638784423
      ], 
      [
        -0.12373565141758495, 
        -0.9426644039060674, 
        -0.3099562231781762
      ], 
      [
        0.3854235796333629, 
        -0.3334881948138481, 
        0.8603686618665801
      ]
    ], 
    "trans_mat": [
      -0.1175537046505645, 
      0.09550188092273929, 
      0.724478992753019
    ]
  }, 
  {
    "img": "/media/hdd/YCBvideo/YCB_Video_Dataset/YCB_Video_Dataset/data/0043/000004-label.png", 
    "mask": "/media/hdd/YCBvideo/YCB_Video_Dataset/Generated_YCB_Video_Dataset/mask/0043/000004-mask-00.png", 
    "depth_minmax": [
      0.66, 
      0.745
    ], 
    "model": "/media/hdd/YCBvideo/YCB_Video_Dataset/YCB_Video_Dataset/models/010_potted_meat_can/textured.obj", 
    "rot_mat": [
      [
        -0.9148139017069656, 
        -0.01235629366475344, 
        0.4036851404604856
      ], 
      [
        -0.12342167299291897, 
        -0.9431628872820443, 
        -0.30856277602408455
      ], 
      [
        0.3845546329289297, 
        -0.3321015811396117, 
        0.8612937408061415
      ]
    ], 
    "trans_mat": [
      -0.11824553163765966, 
      0.09584124688158713, 
      0.7239084030022548
    ]
  }, 
  {
    "img": "/media/hdd/YCBvideo/YCB_Video_Dataset/YCB_Video_Dataset/data/0043/000005-label.png", 
    "mask": "/media/hdd/YCBvideo/YCB_Video_Dataset/Generated_YCB_Video_Dataset/mask/0043/000005-mask-00.png", 
    "depth_minmax": [
      0.661, 
      0.744
    ], 
    "model": "/media/hdd/YCBvideo/YCB_Video_Dataset/YCB_Video_Dataset/models/010_potted_meat_can/textured.obj", 
    "rot_mat": [
      [
        -0.9152188146205493, 
        -0.011658287428984625, 
        0.4027873234297589
      ], 
      [
        -0.12385848953192986, 
        -0.9430513490331841, 
        -0.3087272761226344
      ], 
      [
        0.383449155772968, 
        -0.33244221244632877, 
        0.8616541333481011
      ]
    ], 
    "trans_mat": [
      -0.11836294111548384, 
      0.09638354682677355, 
      0.7234676431647339
    ]
  }, 
  {
    "img": "/media/hdd/YCBvideo/YCB_Video_Dataset/YCB_Video_Dataset/data/0043/000006-label.png", 
    "mask": "/media/hdd/YCBvideo/YCB_Video_Dataset/Generated_YCB_Video_Dataset/mask/0043/000006-mask-00.png", 
    "depth_minmax": [
      0.66, 
      0.744
    ], 
    "model": "/media/hdd/YCBvideo/YCB_Video_Dataset/YCB_Video_Dataset/models/010_potted_meat_can/textured.obj", 
    "rot_mat": [
      [
        -0.9147011341110967, 
        -0.014250779119466097, 
        0.4038786164799897
      ], 
      [
        -0.12182829807138763, 
        -0.9431631952091265, 
        -0.30919446529543443
      ], 
      [
        0.3853310028924974, 
        -0.332023965222171, 
        0.8609760186541651
      ]
    ], 
    "trans_mat": [
      -0.11696017790087784, 
      0.09689922047582984, 
      0.7232071051805435
    ]
  }, 
  {
    "img": "/media/hdd/YCBvideo/YCB_Video_Dataset/YCB_Video_Dataset/data/0043/000007-label.png", 
    "mask": "/media/hdd/YCBvideo/YCB_Video_Dataset/Generated_YCB_Video_Dataset/mask/0043/000007-mask-00.png", 
    "depth_minmax": [
      0.659, 
      0.743
    ], 
    "model": "/media/hdd/YCBvideo/YCB_Video_Dataset/YCB_Video_Dataset/models/010_potted_meat_can/textured.obj", 
    "rot_mat": [
      [
        -0.9143679486208528, 
        -0.013397454737791751, 
        0.4046610045364226
      ], 
      [
        -0.12280938323018009, 
        -0.9431888925986351, 
        -0.3087259607108761
      ], 
      [
        0.3858089586413493, 
        -0.331984908523191, 
        0.86077681270763
      ]
    ], 
    "trans_mat": [
      -0.11634424161639081, 
      0.09643738314470301, 
      0.7226794820271176
    ]
  }, 
  {
    "img": "/media/hdd/YCBvideo/YCB_Video_Dataset/YCB_Video_Dataset/data/0043/000008-label.png", 
    "mask": "/media/hdd/YCBvideo/YCB_Video_Dataset/Generated_YCB_Video_Dataset/mask/0043/000008-mask-00.png", 
    "depth_minmax": [
      0.659, 
      0.739
    ], 
    "model": "/media/hdd/YCBvideo/YCB_Video_Dataset/YCB_Video_Dataset/models/010_potted_meat_can/textured.obj", 
    "rot_mat": [
      [
        -0.9137687906427303, 
        -0.013335868429862893, 
        0.4060155246491295
      ], 
      [
        -0.12340066421877405, 
        -0.943120640743394, 
        -0.3087000123824305
      ], 
      [
        0.38703925237455516, 
        -0.33218296190464447, 
        0.8601485240529642
      ]
    ], 
    "trans_mat": [
      -0.11672684186102883, 
      0.09557338919682178, 
      0.7223277366018277
    ]
  }, 
  {
    "img": "/media/hdd/YCBvideo/YCB_Video_Dataset/YCB_Video_Dataset/data/0043/000009-label.png", 
    "mask": "/media/hdd/YCBvideo/YCB_Video_Dataset/Generated_YCB_Video_Dataset/mask/0043/000009-mask-00.png", 
    "depth_minmax": [
      0.66, 
      0.739
    ], 
    "model": "/media/hdd/YCBvideo/YCB_Video_Dataset/YCB_Video_Dataset/models/010_potted_meat_can/textured.obj", 
    "rot_mat": [
      [
        -0.9148055981910979, 
        -0.01192837065258209, 
        0.40371910341097217
      ], 
      [
        -0.12444261654283947, 
        -0.9426127842518526, 
        -0.30983042689178253
      ], 
      [
        0.3842471893274763, 
        -0.3336746432496231, 
        0.8608228449010396
      ]
    ], 
    "trans_mat": [
      -0.11844512902943524, 
      0.0949469111988346, 
      0.7214468444316273
    ]
  }, 
  {
    "img": "/media/hdd/YCBvideo/YCB_Video_Dataset/YCB_Video_Dataset/data/0043/000010-label.png", 
    "mask": "/media/hdd/YCBvideo/YCB_Video_Dataset/Generated_YCB_Video_Dataset/mask/0043/000010-mask-00.png", 
    "depth_minmax": [
      0.657, 
      0.737
    ], 
    "model": "/media/hdd/YCBvideo/YCB_Video_Dataset/YCB_Video_Dataset/models/010_potted_meat_can/textured.obj", 
    "rot_mat": [
      [
        -0.9145181365192817, 
        -0.012697646908216925, 
        0.4043450512148913
      ], 
      [
        -0.12403745462884301, 
        -0.942564644478187, 
        -0.31013804422053115
      ], 
      [
        0.3850602623529895, 
        -0.3337809651217975, 
        0.8604180347605217
      ]
    ], 
    "trans_mat": [
      -0.11823864921744906, 
      0.09494055373046709, 
      0.7211652246075463
    ]
  }, 
  {
    "img": "/media/hdd/YCBvideo/YCB_Video_Dataset/YCB_Video_Dataset/data/0043/000011-label.png", 
    "mask": "/media/hdd/YCBvideo/YCB_Video_Dataset/Generated_YCB_Video_Dataset/mask/0043/000011-mask-00.png", 
    "depth_minmax": [
      0.657, 
      0.738
    ], 
    "model": "/media/hdd/YCBvideo/YCB_Video_Dataset/YCB_Video_Dataset/models/010_potted_meat_can/textured.obj", 
    "rot_mat": [
      [
        -0.9134341404280839, 
        -0.015279572584499624, 
        0.40669833180806925
      ], 
      [
        -0.12229752863339571, 
        -0.9428064450383475, 
        -0.31009672771281904
      ], 
      [
        0.3881771178902157, 
        -0.3329909552930827, 
        0.8593228723530112
      ]
    ], 
    "trans_mat": [
      -0.11655010190485171, 
      0.09505270384950444, 
      0.721367555733566
    ]
  }, 
  {
    "img": "/media/hdd/YCBvideo/YCB_Video_Dataset/YCB_Video_Dataset/data/0043/000012-label.png", 
    "mask": "/media/hdd/YCBvideo/YCB_Video_Dataset/Generated_YCB_Video_Dataset/mask/0043/000012-mask-00.png", 
    "depth_minmax": [
      0.657, 
      0.739
    ], 
    "model": "/media/hdd/YCBvideo/YCB_Video_Dataset/YCB_Video_Dataset/models/010_potted_meat_can/textured.obj", 
    "rot_mat": [
      [
        -0.9132126812111142, 
        -0.01612015450387361, 
        0.4071627657032177
      ], 
      [
        -0.12179186888688287, 
        -0.9427425927701815, 
        -0.3104862693232961
      ], 
      [
        0.3888564228295788, 
        -0.33312903244504755, 
        0.8589620083529549
      ]
    ], 
    "trans_mat": [
      -0.11543618759200075, 
      0.09603221651991266, 
      0.721395423105933
    ]
  }, 
  {
    "img": "/media/hdd/YCBvideo/YCB_Video_Dataset/YCB_Video_Dataset/data/0043/000013-label.png", 
    "mask": "/media/hdd/YCBvideo/YCB_Video_Dataset/Generated_YCB_Video_Dataset/mask/0043/000013-mask-00.png", 
    "depth_minmax": [
      0.657, 
      0.742
    ], 
    "model": "/media/hdd/YCBvideo/YCB_Video_Dataset/YCB_Video_Dataset/models/010_potted_meat_can/textured.obj", 
    "rot_mat": [
      [
        -0.9124395830223379, 
        -0.019253508085808477, 
        0.40875616365022704
      ], 
      [
        -0.11874870313552277, 
        -0.9434513515196873, 
        -0.3095132581371468
      ], 
      [
        0.39160136996222356, 
        -0.3309516625789548, 
        0.8585558700090531
      ]
    ], 
    "trans_mat": [
      -0.1137596592033713, 
      0.0975022752174127, 
      0.7216814274773768
    ]
  }, 
  {
    "img": "/media/hdd/YCBvideo/YCB_Video_Dataset/YCB_Video_Dataset/data/0043/000014-label.png", 
    "mask": "/media/hdd/YCBvideo/YCB_Video_Dataset/Generated_YCB_Video_Dataset/mask/0043/000014-mask-00.png", 
    "depth_minmax": [
      0.659, 
      0.739
    ], 
    "model": "/media/hdd/YCBvideo/YCB_Video_Dataset/YCB_Video_Dataset/models/010_potted_meat_can/textured.obj", 
    "rot_mat": [
      [
        -0.911746549082752, 
        -0.0201267578213526, 
        0.4102597537886963
      ], 
      [
        -0.11839870402719722, 
        -0.9435277839783621, 
        -0.3094130904741838
      ], 
      [
        0.393319402784118, 
        -0.33068130368451093, 
        0.8578754648047027
      ]
    ], 
    "trans_mat": [
      -0.11160123779054684, 
      0.09877786745170236, 
      0.7220511393947096
    ]
  }, 
  {
    "img": "/media/hdd/YCBvideo/YCB_Video_Dataset/YCB_Video_Dataset/data/0043/000015-label.png", 
    "mask": "/media/hdd/YCBvideo/YCB_Video_Dataset/Generated_YCB_Video_Dataset/mask/0043/000015-mask-00.png", 
    "depth_minmax": [
      0.66, 
      0.743
    ], 
    "model": "/media/hdd/YCBvideo/YCB_Video_Dataset/YCB_Video_Dataset/models/010_potted_meat_can/textured.obj", 
    "rot_mat": [
      [
        -0.9108181889457388, 
        -0.019348563733901827, 
        0.4123541140779927
      ], 
      [
        -0.11943870095959534, 
        -0.9438246445598274, 
        -0.3081040156744126
      ], 
      [
        0.39515237997780656, 
        -0.32987771736817767, 
        0.8573413687455758
      ]
    ], 
    "trans_mat": [
      -0.11056229408559334, 
      0.09890322495510027, 
      0.7223906048893026
    ]
  }, 
  {
    "img": "/media/hdd/YCBvideo/YCB_Video_Dataset/YCB_Video_Dataset/data/0043/000016-label.png", 
    "mask": "/media/hdd/YCBvideo/YCB_Video_Dataset/Generated_YCB_Video_Dataset/mask/0043/000016-mask-00.png", 
    "depth_minmax": [
      0.659, 
      0.739
    ], 
    "model": "/media/hdd/YCBvideo/YCB_Video_Dataset/YCB_Video_Dataset/models/010_potted_meat_can/textured.obj", 
    "rot_mat": [
      [
        -0.9109052296549333, 
        -0.017779329364706633, 
        0.41223186343440593
      ], 
      [
        -0.1204347446179736, 
        -0.9441100916931506, 
        -0.3068418084367462
      ], 
      [
        0.39464831219916724, 
        -0.3291508732427163, 
        0.8578529515396006
      ]
    ], 
    "trans_mat": [
      -0.11109191588638206, 
      0.09962738590337182, 
      0.7224237970594376
    ]
  }, 
  {
    "img": "/media/hdd/YCBvideo/YCB_Video_Dataset/YCB_Video_Dataset/data/0043/000017-label.png", 
    "mask": "/media/hdd/YCBvideo/YCB_Video_Dataset/Generated_YCB_Video_Dataset/mask/0043/000017-mask-00.png", 
    "depth_minmax": [
      0.659, 
      0.744
    ], 
    "model": "/media/hdd/YCBvideo/YCB_Video_Dataset/YCB_Video_Dataset/models/010_potted_meat_can/textured.obj", 
    "rot_mat": [
      [
        -0.9108745044106253, 
        -0.018674207657778438, 
        0.41225927523611194
      ], 
      [
        -0.11907459361950126, 
        -0.9445951129399973, 
        -0.3058789941412625
      ], 
      [
        0.39513158402864856, 
        -0.3277068196167282, 
        0.8581836766135136
      ]
    ], 
    "trans_mat": [
      -0.11005917476310279, 
      0.10136868026424516, 
      0.7224821500520765
    ]
  }, 
  {
    "img": "/media/hdd/YCBvideo/YCB_Video_Dataset/YCB_Video_Dataset/data/0043/000018-label.png", 
    "mask": "/media/hdd/YCBvideo/YCB_Video_Dataset/Generated_YCB_Video_Dataset/mask/0043/000018-mask-00.png", 
    "depth_minmax": [
      0.659, 
      0.744
    ], 
    "model": "/media/hdd/YCBvideo/YCB_Video_Dataset/YCB_Video_Dataset/models/010_potted_meat_can/textured.obj", 
    "rot_mat": [
      [
        -0.9104756212415409, 
        -0.020277150662443618, 
        0.4130646265212115
      ], 
      [
        -0.11751348346912513, 
        -0.9449423021484281, 
        -0.3054076177043122
      ], 
      [
        0.3965157228013377, 
        -0.3266069272253401, 
        0.8579649741950384
      ]
    ], 
    "trans_mat": [
      -0.10824336208603011, 
      0.10254663366392935, 
      0.7229117974692174
    ]
  }, 
  {
    "img": "/media/hdd/YCBvideo/YCB_Video_Dataset/YCB_Video_Dataset/data/0043/000019-label.png", 
    "mask": "/media/hdd/YCBvideo/YCB_Video_Dataset/Generated_YCB_Video_Dataset/mask/0043/000019-mask-00.png", 
    "depth_minmax": [
      0.659, 
      0.743
    ], 
    "model": "/media/hdd/YCBvideo/YCB_Video_Dataset/YCB_Video_Dataset/models/010_potted_meat_can/textured.obj", 
    "rot_mat": [
      [
        -0.9104293092675368, 
        -0.01921372484554024, 
        0.4132176188444033
      ], 
      [
        -0.11812753544074855, 
        -0.9452496143111766, 
        -0.3042172456932372
      ], 
      [
        0.39643911626145845, 
        -0.32578054619968805, 
        0.8583139224535234
      ]
    ], 
    "trans_mat": [
      -0.1081203070706897, 
      0.10366352783310881, 
      0.7232228463604967
    ]
  }, 
  {
    "img": "/media/hdd/YCBvideo/YCB_Video_Dataset/YCB_Video_Dataset/data/0043/000020-label.png", 
    "mask": "/media/hdd/YCBvideo/YCB_Video_Dataset/Generated_YCB_Video_Dataset/mask/0043/000020-mask-00.png", 
    "depth_minmax": [
      0.661, 
      0.744
    ], 
    "model": "/media/hdd/YCBvideo/YCB_Video_Dataset/YCB_Video_Dataset/models/010_potted_meat_can/textured.obj", 
    "rot_mat": [
      [
        -0.9104173675003718, 
        -0.019630973274350656, 
        0.4132239111855743
      ], 
      [
        -0.11710118836950585, 
        -0.9457906301324974, 
        -0.3029295794980046
      ], 
      [
        0.39677154372946394, 
        -0.32418175440882896, 
        0.8587661246863914
      ]
    ], 
    "trans_mat": [
      -0.10784474063313049, 
      0.10559169148530444, 
      0.7235117332746809
    ]
  }, 
  {
    "img": "/media/hdd/YCBvideo/YCB_Video_Dataset/YCB_Video_Dataset/data/0043/000031-label.png", 
    "mask": "/media/hdd/YCBvideo/YCB_Video_Dataset/Generated_YCB_Video_Dataset/mask/0043/000031-mask-00.png", 
    "depth_minmax": [
      0.666, 
      0.743
    ], 
    "model": "/media/hdd/YCBvideo/YCB_Video_Dataset/YCB_Video_Dataset/models/010_potted_meat_can/textured.obj", 
    "rot_mat": [
      [
        -0.911950034947722, 
        -0.0029923494852375845, 
        0.41028934184741056
      ], 
      [
        -0.12692866468539682, 
        -0.9488634907126148, 
        -0.2890437313138221
      ], 
      [
        0.39017506837751864, 
        -0.315671358654673, 
        0.8649366298716741
      ]
    ], 
    "trans_mat": [
      -0.11941764847705238, 
      0.10718294788597107, 
      0.7274969882114182
    ]
  }, 
  {
    "img": "/media/hdd/YCBvideo/YCB_Video_Dataset/YCB_Video_Dataset/data/0043/000032-label.png", 
    "mask": "/media/hdd/YCBvideo/YCB_Video_Dataset/Generated_YCB_Video_Dataset/mask/0043/000032-mask-00.png", 
    "depth_minmax": [
      0.662, 
      0.748
    ], 
    "model": "/media/hdd/YCBvideo/YCB_Video_Dataset/YCB_Video_Dataset/models/010_potted_meat_can/textured.obj", 
    "rot_mat": [
      [
        -0.9125189406126153, 
        -0.0013343567242339006, 
        0.409031584772436
      ], 
      [
        -0.12807525773791506, 
        -0.9487770126068744, 
        -0.2888212250393139
      ], 
      [
        0.3884656762037111, 
        -0.3159425913928095, 
        0.8656065143540093
      ]
    ], 
    "trans_mat": [
      -0.12142539987927159, 
      0.10559918450248033, 
      0.7277011235141091
    ]
  }, 
  {
    "img": "/media/hdd/YCBvideo/YCB_Video_Dataset/YCB_Video_Dataset/data/0043/000033-label.png", 
    "mask": "/media/hdd/YCBvideo/YCB_Video_Dataset/Generated_YCB_Video_Dataset/mask/0043/000033-mask-00.png", 
    "depth_minmax": [
      0.664, 
      0.744
    ], 
    "model": "/media/hdd/YCBvideo/YCB_Video_Dataset/YCB_Video_Dataset/models/010_potted_meat_can/textured.obj", 
    "rot_mat": [
      [
        -0.9132455965042781, 
        -0.0010272033302974582, 
        0.40740771441295376
      ], 
      [
        -0.12807649522960254, 
        -0.9485740978527405, 
        -0.289487452397535
      ], 
      [
        0.3867545708617767, 
        -0.31655281144166836, 
        0.8661497288290423
      ]
    ], 
    "trans_mat": [
      -0.12314107759142345, 
      0.1045566662888603, 
      0.7279985082907431
    ]
  }, 
  {
    "img": "/media/hdd/YCBvideo/YCB_Video_Dataset/YCB_Video_Dataset/data/0043/000034-label.png", 
    "mask": "/media/hdd/YCBvideo/YCB_Video_Dataset/Generated_YCB_Video_Dataset/mask/0043/000034-mask-00.png", 
    "depth_minmax": [
      0.665, 
      0.744
    ], 
    "model": "/media/hdd/YCBvideo/YCB_Video_Dataset/YCB_Video_Dataset/models/010_potted_meat_can/textured.obj", 
    "rot_mat": [
      [
        -0.9132741086375911, 
        -0.001754137608635708, 
        0.407341402694222
      ], 
      [
        -0.12775317028089644, 
        -0.9483049398075261, 
        -0.29051008350439217
      ], 
      [
        0.38679414130008744, 
        -0.317353895227664, 
        0.8658383387017342
      ]
    ], 
    "trans_mat": [
      -0.1236314102557178, 
      0.10374212466541494, 
      0.7286928356612351
    ]
  }, 
  {
    "img": "/media/hdd/YCBvideo/YCB_Video_Dataset/YCB_Video_Dataset/data/0043/000035-label.png", 
    "mask": "/media/hdd/YCBvideo/YCB_Video_Dataset/Generated_YCB_Video_Dataset/mask/0043/000035-mask-00.png", 
    "depth_minmax": [
      0.665, 
      0.745
    ], 
    "model": "/media/hdd/YCBvideo/YCB_Video_Dataset/YCB_Video_Dataset/models/010_potted_meat_can/textured.obj", 
    "rot_mat": [
      [
        -0.9130042547299836, 
        -0.0046831648675767475, 
        0.40792375372065376
      ], 
      [
        -0.12522955536063812, 
        -0.9484382558721327, 
        -0.29117295876096766
      ], 
      [
        0.38825469100560145, 
        -0.31692615589467404, 
        0.8653416429917382
      ]
    ], 
    "trans_mat": [
      -0.12284014477337402, 
      0.10302377668608297, 
      0.7293562136922428
    ]
  }, 
  {
    "img": "/media/hdd/YCBvideo/YCB_Video_Dataset/YCB_Video_Dataset/data/0043/000036-label.png", 
    "mask": "/media/hdd/YCBvideo/YCB_Video_Dataset/Generated_YCB_Video_Dataset/mask/0043/000036-mask-00.png", 
    "depth_minmax": [
      0.666, 
      0.746
    ], 
    "model": "/media/hdd/YCBvideo/YCB_Video_Dataset/YCB_Video_Dataset/models/010_potted_meat_can/textured.obj", 
    "rot_mat": [
      [
        -0.9132872273264537, 
        -0.005352822190526715, 
        0.40728033160834465
      ], 
      [
        -0.12430016804650276, 
        -0.948553597690224, 
        -0.29119719521387016
      ], 
      [
        0.3878866512658307, 
        -0.3165718608478776, 
        0.8656360670716909
      ]
    ], 
    "trans_mat": [
      -0.12348215400365192, 
      0.10217325384702199, 
      0.7297553604644609
    ]
  }, 
  {
    "img": "/media/hdd/YCBvideo/YCB_Video_Dataset/YCB_Video_Dataset/data/0043/000037-label.png", 
    "mask": "/media/hdd/YCBvideo/YCB_Video_Dataset/Generated_YCB_Video_Dataset/mask/0043/000037-mask-00.png", 
    "depth_minmax": [
      0.666, 
      0.746
    ], 
    "model": "/media/hdd/YCBvideo/YCB_Video_Dataset/YCB_Video_Dataset/models/010_potted_meat_can/textured.obj", 
    "rot_mat": [
      [
        -0.9136708580219831, 
        -0.003341285176560804, 
        0.4064401640289327
      ], 
      [
        -0.12565964331136828, 
        -0.9486559170873429, 
        -0.29027818773606306
      ], 
      [
        0.3865430972528759, 
        -0.31629143728682413, 
        0.8663398626550984
      ]
    ], 
    "trans_mat": [
      -0.12586858043987859, 
      0.10091138146987165, 
      0.7299422149489938
    ]
  }, 
  {
    "img": "/media/hdd/YCBvideo/YCB_Video_Dataset/YCB_Video_Dataset/data/0043/000038-label.png", 
    "mask": "/media/hdd/YCBvideo/YCB_Video_Dataset/Generated_YCB_Video_Dataset/mask/0043/000038-mask-00.png", 
    "depth_minmax": [
      0.668, 
      0.746
    ], 
    "model": "/media/hdd/YCBvideo/YCB_Video_Dataset/YCB_Video_Dataset/models/010_potted_meat_can/textured.obj", 
    "rot_mat": [
      [
        -0.9138314775492713, 
        -0.00449985838479601, 
        0.4060677124366269
      ], 
      [
        -0.12464299926014945, 
        -0.9485647633333832, 
        -0.2910124816801026
      ], 
      [
        0.3864924983734418, 
        -0.31655023550798334, 
        0.8662676637030848
      ]
    ], 
    "trans_mat": [
      -0.1260576934078337, 
      0.0993394975820853, 
      0.7302453676074329
    ]
  }, 
  {
    "img": "/media/hdd/YCBvideo/YCB_Video_Dataset/YCB_Video_Dataset/data/0043/000039-label.png", 
    "mask": "/media/hdd/YCBvideo/YCB_Video_Dataset/Generated_YCB_Video_Dataset/mask/0043/000039-mask-00.png", 
    "depth_minmax": [
      0.669, 
      0.747
    ], 
    "model": "/media/hdd/YCBvideo/YCB_Video_Dataset/YCB_Video_Dataset/models/010_potted_meat_can/textured.obj", 
    "rot_mat": [
      [
        -0.9140748961768791, 
        -0.003964135794988043, 
        0.40552481118672923
      ], 
      [
        -0.1250747507202822, 
        -0.94845201423324, 
        -0.2911955462064657
      ], 
      [
        0.38577635006583183, 
        -0.316895441936058, 
        0.8664607052635858
      ]
    ], 
    "trans_mat": [
      -0.12742328967453073, 
      0.097645015861714, 
      0.7303563293645009
    ]
  }, 
  {
    "img": "/media/hdd/YCBvideo/YCB_Video_Dataset/YCB_Video_Dataset/data/0043/000040-label.png", 
    "mask": "/media/hdd/YCBvideo/YCB_Video_Dataset/Generated_YCB_Video_Dataset/mask/0043/000040-mask-00.png", 
    "depth_minmax": [
      0.668, 
      0.751
    ], 
    "model": "/media/hdd/YCBvideo/YCB_Video_Dataset/YCB_Video_Dataset/models/010_potted_meat_can/textured.obj", 
    "rot_mat": [
      [
        -0.9145284450100148, 
        -7.765484684524857e-05, 
        0.404521078621467
      ], 
      [
        -0.12847136485425475, 
        -0.9481724443061199, 
        -0.29062563679141024
      ], 
      [
        0.38357830726978387, 
        -0.3177544728183611, 
        0.8671213748048422
      ]
    ], 
    "trans_mat": [
      -0.1293005934570458, 
      0.09568936001752751, 
      0.7302586096439433
    ]
  }, 
  {
    "img": "/media/hdd/YCBvideo/YCB_Video_Dataset/YCB_Video_Dataset/data/0043/000041-label.png", 
    "mask": "/media/hdd/YCBvideo/YCB_Video_Dataset/Generated_YCB_Video_Dataset/mask/0043/000041-mask-00.png", 
    "depth_minmax": [
      0.668, 
      0.751
    ], 
    "model": "/media/hdd/YCBvideo/YCB_Video_Dataset/YCB_Video_Dataset/models/010_potted_meat_can/textured.obj", 
    "rot_mat": [
      [
        -0.9143297419021644, 
        -0.0006168844321077997, 
        0.4049685980359307
      ], 
      [
        -0.12874927973066067, 
        -0.9476721765836524, 
        -0.2921296744884737
      ], 
      [
        0.3839592508745782, 
        -0.31924260678644356, 
        0.866406211759653
      ]
    ], 
    "trans_mat": [
      -0.1290690954289086, 
      0.09396397349306501, 
      0.730527252825649
    ]
  }, 
  {
    "img": "/media/hdd/YCBvideo/YCB_Video_Dataset/YCB_Video_Dataset/data/0043/000042-label.png", 
    "mask": "/media/hdd/YCBvideo/YCB_Video_Dataset/Generated_YCB_Video_Dataset/mask/0043/000042-mask-00.png", 
    "depth_minmax": [
      0.668, 
      0.747
    ], 
    "model": "/media/hdd/YCBvideo/YCB_Video_Dataset/YCB_Video_Dataset/models/010_potted_meat_can/textured.obj", 
    "rot_mat": [
      [
        -0.9141224002291484, 
        -0.0023562433295784713, 
        0.40543081666032194
      ], 
      [
        -0.1271311354937463, 
        -0.9478849698568772, 
        -0.2921489941534981
      ], 
      [
        0.3849912840217599, 
        -0.3186023917050935, 
        0.8661836183783621
      ]
    ], 
    "trans_mat": [
      -0.1273665007798265, 
      0.09320105748002454, 
      0.7304921462939529
    ]
  }, 
  {
    "img": "/media/hdd/YCBvideo/YCB_Video_Dataset/YCB_Video_Dataset/data/0043/000043-label.png", 
    "mask": "/media/hdd/YCBvideo/YCB_Video_Dataset/Generated_YCB_Video_Dataset/mask/0043/000043-mask-00.png", 
    "depth_minmax": [
      0.667, 
      0.747
    ], 
    "model": "/media/hdd/YCBvideo/YCB_Video_Dataset/YCB_Video_Dataset/models/010_potted_meat_can/textured.obj", 
    "rot_mat": [
      [
        -0.913196040987342, 
        -0.004812367147190197, 
        0.4074908593445305
      ], 
      [
        -0.1257180427380046, 
        -0.947832546680083, 
        -0.2929299330651597
      ], 
      [
        0.3876439032628216, 
        -0.3187313752677669, 
        0.8649520568294148
      ]
    ], 
    "trans_mat": [
      -0.12588411181687043, 
      0.0927682994867761, 
      0.7307718107161615
    ]
  }, 
  {
    "img": "/media/hdd/YCBvideo/YCB_Video_Dataset/YCB_Video_Dataset/data/0043/000044-label.png", 
    "mask": "/media/hdd/YCBvideo/YCB_Video_Dataset/Generated_YCB_Video_Dataset/mask/0043/000044-mask-00.png", 
    "depth_minmax": [
      0.668, 
      0.743
    ], 
    "model": "/media/hdd/YCBvideo/YCB_Video_Dataset/YCB_Video_Dataset/models/010_potted_meat_can/textured.obj", 
    "rot_mat": [
      [
        -0.9128662537104572, 
        -0.0056395993680605425, 
        0.4082185259974658
      ], 
      [
        -0.12520214100038107, 
        -0.9478565419526086, 
        -0.2930741279022583
      ], 
      [
        0.38858557936270466, 
        -0.31864745319881943, 
        0.8645602400370552
      ]
    ], 
    "trans_mat": [
      -0.1240610849589564, 
      0.09222507653311926, 
      0.7306551963368189
    ]
  }, 
  {
    "img": "/media/hdd/YCBvideo/YCB_Video_Dataset/YCB_Video_Dataset/data/0043/000045-label.png", 
    "mask": "/media/hdd/YCBvideo/YCB_Video_Dataset/Generated_YCB_Video_Dataset/mask/0043/000045-mask-00.png", 
    "depth_minmax": [
      0.668, 
      0.743
    ], 
    "model": "/media/hdd/YCBvideo/YCB_Video_Dataset/YCB_Video_Dataset/models/010_potted_meat_can/textured.obj", 
    "rot_mat": [
      [
        -0.9120525734266974, 
        -0.00450134801090395, 
        0.4100481946469427
      ], 
      [
        -0.1270166446784696, 
        -0.947662267186953, 
        -0.2929200344682624
      ], 
      [
        0.3899060526559988, 
        -0.319241475245802, 
        0.8637461625822708
      ]
    ], 
    "trans_mat": [
      -0.12295203985896777, 
      0.09049715090374386, 
      0.7304944836521369
    ]
  }, 
  {
    "img": "/media/hdd/YCBvideo/YCB_Video_Dataset/YCB_Video_Dataset/data/0043/000046-label.png", 
    "mask": "/media/hdd/YCBvideo/YCB_Video_Dataset/Generated_YCB_Video_Dataset/mask/0043/000046-mask-00.png", 
    "depth_minmax": [
      0.665, 
      0.747
    ], 
    "model": "/media/hdd/YCBvideo/YCB_Video_Dataset/YCB_Video_Dataset/models/010_potted_meat_can/textured.obj", 
    "rot_mat": [
      [
        -0.9115401923008061, 
        0.0015921308817775466, 
        0.41120661001340286
      ], 
      [
        -0.13344018351470707, 
        -0.9470214061635682, 
        -0.292135827668557
      ], 
      [
        0.3889570818851757, 
        -0.3211654456862378, 
        0.8634611191889163
      ]
    ], 
    "trans_mat": [
      -0.12359760594795402, 
      0.08752917088128942, 
      0.7300216501388586
    ]
  }, 
  {
    "img": "/media/hdd/YCBvideo/YCB_Video_Dataset/YCB_Video_Dataset/data/0043/000047-label.png", 
    "mask": "/media/hdd/YCBvideo/YCB_Video_Dataset/Generated_YCB_Video_Dataset/mask/0043/000047-mask-00.png", 
    "depth_minmax": [
      0.667, 
      0.746
    ], 
    "model": "/media/hdd/YCBvideo/YCB_Video_Dataset/YCB_Video_Dataset/models/010_potted_meat_can/textured.obj", 
    "rot_mat": [
      [
        -0.9108685201539835, 
        0.0070994022132217244, 
        0.4126361477933624
      ], 
      [
        -0.1394056174496679, 
        -0.9463745626013337, 
        -0.2914456810590309
      ], 
      [
        0.3884403869840154, 
        -0.322992177526786, 
        0.8630126065469789
      ]
    ], 
    "trans_mat": [
      -0.12447817100150646, 
      0.0844143498653691, 
      0.7295706857567363
    ]
  }, 
  {
    "img": "/media/hdd/YCBvideo/YCB_Video_Dataset/YCB_Video_Dataset/data/0043/000048-label.png", 
    "mask": "/media/hdd/YCBvideo/YCB_Video_Dataset/Generated_YCB_Video_Dataset/mask/0043/000048-mask-00.png", 
    "depth_minmax": [
      0.668, 
      0.746
    ], 
    "model": "/media/hdd/YCBvideo/YCB_Video_Dataset/YCB_Video_Dataset/models/010_potted_meat_can/textured.obj", 
    "rot_mat": [
      [
        -0.9108276505716989, 
        0.009137173662230845, 
        0.4126856035290434
      ], 
      [
        -0.14157426915457316, 
        -0.9460305410804624, 
        -0.2915179873528674
      ], 
      [
        0.38775051365954044, 
        -0.32394840608651204, 
        0.8629643745464295
      ]
    ], 
    "trans_mat": [
      -0.12421043966410542, 
      0.08206273423515513, 
      0.7291750135166304
    ]
  }, 
  {
    "img": "/media/hdd/YCBvideo/YCB_Video_Dataset/YCB_Video_Dataset/data/0043/000049-label.png", 
    "mask": "/media/hdd/YCBvideo/YCB_Video_Dataset/Generated_YCB_Video_Dataset/mask/0043/000049-mask-00.png", 
    "depth_minmax": [
      0.668, 
      0.746
    ], 
    "model": "/media/hdd/YCBvideo/YCB_Video_Dataset/YCB_Video_Dataset/models/010_potted_meat_can/textured.obj", 
    "rot_mat": [
      [
        -0.9099522181491795, 
        0.008176184310833607, 
        0.41463275008352174
      ], 
      [
        -0.141877765228429, 
        -0.9456147773163203, 
        -0.292716758054449
      ], 
      [
        0.3896901498573071, 
        -0.32518553327013133, 
        0.8616237039600249
      ]
    ], 
    "trans_mat": [
      -0.12225024103340551, 
      0.08088443357368255, 
      0.7292846134205536
    ]
  }, 
  {
    "img": "/media/hdd/YCBvideo/YCB_Video_Dataset/YCB_Video_Dataset/data/0043/000050-label.png", 
    "mask": "/media/hdd/YCBvideo/YCB_Video_Dataset/Generated_YCB_Video_Dataset/mask/0043/000050-mask-00.png", 
    "depth_minmax": [
      0.668, 
      0.746
    ], 
    "model": "/media/hdd/YCBvideo/YCB_Video_Dataset/YCB_Video_Dataset/models/010_potted_meat_can/textured.obj", 
    "rot_mat": [
      [
        -0.9087572593656933, 
        0.00645374842028633, 
        0.41727320625535047
      ], 
      [
        -0.14160523980441989, 
        -0.9453280107172336, 
        -0.2937738420595713
      ], 
      [
        0.3925643637250539, 
        -0.32605814892512325, 
        0.8599880042200486
      ]
    ], 
    "trans_mat": [
      -0.11931270287501813, 
      0.08040667427211699, 
      0.7295542719563304
    ]
  }, 
  {
    "img": "/media/hdd/YCBvideo/YCB_Video_Dataset/YCB_Video_Dataset/data/0043/000051-label.png", 
    "mask": "/media/hdd/YCBvideo/YCB_Video_Dataset/Generated_YCB_Video_Dataset/mask/0043/000051-mask-00.png", 
    "depth_minmax": [
      0.669, 
      0.742
    ], 
    "model": "/media/hdd/YCBvideo/YCB_Video_Dataset/YCB_Video_Dataset/models/010_potted_meat_can/textured.obj", 
    "rot_mat": [
      [
        -0.9076361464322875, 
        0.0048783884795605015, 
        0.41972889699275207
      ], 
      [
        -0.1409143479458341, 
        -0.9454452332939643, 
        -0.29372822669983223
      ], 
      [
        0.39539835801950135, 
        -0.32574389524738523, 
        0.8588080177465962
      ]
    ], 
    "trans_mat": [
      -0.11664686764423421, 
      0.08084659335768686, 
      0.7300049412355023
    ]
  }, 
  {
    "img": "/media/hdd/YCBvideo/YCB_Video_Dataset/YCB_Video_Dataset/data/0043/000052-label.png", 
    "mask": "/media/hdd/YCBvideo/YCB_Video_Dataset/Generated_YCB_Video_Dataset/mask/0043/000052-mask-00.png", 
    "depth_minmax": [
      0.668, 
      0.743
    ], 
    "model": "/media/hdd/YCBvideo/YCB_Video_Dataset/YCB_Video_Dataset/models/010_potted_meat_can/textured.obj", 
    "rot_mat": [
      [
        -0.9062420244287661, 
        0.004833558302624176, 
        0.4227318089164177
      ], 
      [
        -0.14132170981180184, 
        -0.9458745036902175, 
        -0.2921460096715008
      ], 
      [
        0.3984402461395824, 
        -0.3244963192544712, 
        0.8578734278205641
      ]
    ], 
    "trans_mat": [
      -0.11476264105336359, 
      0.08117255443589752, 
      0.7302885167325519
    ]
  }, 
  {
    "img": "/media/hdd/YCBvideo/YCB_Video_Dataset/YCB_Video_Dataset/data/0043/000053-label.png", 
    "mask": "/media/hdd/YCBvideo/YCB_Video_Dataset/Generated_YCB_Video_Dataset/mask/0043/000053-mask-00.png", 
    "depth_minmax": [
      0.669, 
      0.742
    ], 
    "model": "/media/hdd/YCBvideo/YCB_Video_Dataset/YCB_Video_Dataset/models/010_potted_meat_can/textured.obj", 
    "rot_mat": [
      [
        -0.9050222145508732, 
        0.006477088579542925, 
        0.42531437668488364
      ], 
      [
        -0.14352996727376088, 
        -0.9458920703632704, 
        -0.2910100958711412
      ], 
      [
        0.4004182285502446, 
        -0.32441631885043615, 
        0.8569831859542246
      ]
    ], 
    "trans_mat": [
      -0.112773654056359, 
      0.08090501788077165, 
      0.7305398487139998
    ]
  }, 
  {
    "img": "/media/hdd/YCBvideo/YCB_Video_Dataset/YCB_Video_Dataset/data/0043/000054-label.png", 
    "mask": "/media/hdd/YCBvideo/YCB_Video_Dataset/Generated_YCB_Video_Dataset/mask/0043/000054-mask-00.png", 
    "depth_minmax": [
      0.669, 
      0.743
    ], 
    "model": "/media/hdd/YCBvideo/YCB_Video_Dataset/YCB_Video_Dataset/models/010_potted_meat_can/textured.obj", 
    "rot_mat": [
      [
        -0.9043645266042698, 
        0.006140136067155042, 
        0.426714931653696
      ], 
      [
        -0.14352862535941602, 
        -0.9460253231781806, 
        -0.2905760280284454
      ], 
      [
        0.40190010792384395, 
        -0.3240323612079193, 
        0.8564343821905739
      ]
    ], 
    "trans_mat": [
      -0.11098104525048619, 
      0.0810696060800416, 
      0.7305099168908842
    ]
  }, 
  {
    "img": "/media/hdd/YCBvideo/YCB_Video_Dataset/YCB_Video_Dataset/data/0043/000055-label.png", 
    "mask": "/media/hdd/YCBvideo/YCB_Video_Dataset/Generated_YCB_Video_Dataset/mask/0043/000055-mask-00.png", 
    "depth_minmax": [
      0.668, 
      0.747
    ], 
    "model": "/media/hdd/YCBvideo/YCB_Video_Dataset/YCB_Video_Dataset/models/010_potted_meat_can/textured.obj", 
    "rot_mat": [
      [
        -0.9034619729369725, 
        0.008017943777140423, 
        0.4285914579183278
      ], 
      [
        -0.14562413095532892, 
        -0.9461046911170375, 
        -0.28927302128654037
      ], 
      [
        0.40317376149258477, 
        -0.32376077194572417, 
        0.8559381789588296
      ]
    ], 
    "trans_mat": [
      -0.10949701273624837, 
      0.08101643903354093, 
      0.7305938577910283
    ]
  }, 
  {
    "img": "/media/hdd/YCBvideo/YCB_Video_Dataset/YCB_Video_Dataset/data/0043/000056-label.png", 
    "mask": "/media/hdd/YCBvideo/YCB_Video_Dataset/Generated_YCB_Video_Dataset/mask/0043/000056-mask-00.png", 
    "depth_minmax": [
      0.666, 
      0.743
    ], 
    "model": "/media/hdd/YCBvideo/YCB_Video_Dataset/YCB_Video_Dataset/models/010_potted_meat_can/textured.obj", 
    "rot_mat": [
      [
        -0.9026315090907596, 
        0.008951533571836463, 
        0.43031970395220415
      ], 
      [
        -0.14702948008600958, 
        -0.9460541674465127, 
        -0.28872603398149344
      ], 
      [
        0.40452245914127105, 
        -0.323883191645608, 
        0.8552556047929566
      ]
    ], 
    "trans_mat": [
      -0.10809110642906325, 
      0.08028476263400629, 
      0.7307663911221208
    ]
  }, 
  {
    "img": "/media/hdd/YCBvideo/YCB_Video_Dataset/YCB_Video_Dataset/data/0043/000057-label.png", 
    "mask": "/media/hdd/YCBvideo/YCB_Video_Dataset/Generated_YCB_Video_Dataset/mask/0043/000057-mask-00.png", 
    "depth_minmax": [
      0.668, 
      0.743
    ], 
    "model": "/media/hdd/YCBvideo/YCB_Video_Dataset/YCB_Video_Dataset/models/010_potted_meat_can/textured.obj", 
    "rot_mat": [
      [
        -0.9023694699751752, 
        0.008130347377690427, 
        0.43088492902370684
      ], 
      [
        -0.14586417123829837, 
        -0.9465745387048646, 
        -0.287610369335599
      ], 
      [
        0.4055273215866257, 
        -0.3223812317931765, 
        0.8553465127021957
      ]
    ], 
    "trans_mat": [
      -0.10718769487152557, 
      0.08013730540372749, 
      0.7305757825639765
    ]
  }, 
  {
    "img": "/media/hdd/YCBvideo/YCB_Video_Dataset/YCB_Video_Dataset/data/0043/000058-label.png", 
    "mask": "/media/hdd/YCBvideo/YCB_Video_Dataset/Generated_YCB_Video_Dataset/mask/0043/000058-mask-00.png", 
    "depth_minmax": [
      0.668, 
      0.743
    ], 
    "model": "/media/hdd/YCBvideo/YCB_Video_Dataset/YCB_Video_Dataset/models/010_potted_meat_can/textured.obj", 
    "rot_mat": [
      [
        -0.902657787953633, 
        0.010114571493512338, 
        0.4302397798050823
      ], 
      [
        -0.1471082980053619, 
        -0.946755472875888, 
        -0.2863798914388036
      ], 
      [
        0.4044359780828694, 
        -0.32179450605462334, 
        0.8560840382767263
      ]
