[
  {
    "img": "/media/hdd/YCBvideo/YCB_Video_Dataset/YCB_Video_Dataset/data/0044/000001-label.png", 
    "mask": "/media/hdd/YCBvideo/YCB_Video_Dataset/Generated_YCB_Video_Dataset/mask/0044/000001-mask-00.png", 
    "depth_minmax": [
      0.884, 
      0.951
    ], 
    "model": "/media/hdd/YCBvideo/YCB_Video_Dataset/YCB_Video_Dataset/models/005_tomato_soup_can/textured.obj", 
    "rot_mat": [
      [
        -0.34293504871518427, 
        -0.9386252113553918, 
        0.0371150553333274
      ], 
      [
        -0.420022869863118, 
        0.11787794738634769, 
        -0.8998259356214068
      ], 
      [
        0.8402238911690378, 
        -0.3241709085293877, 
        -0.4346688931794367
      ]
    ], 
    "trans_mat": [
      0.02171620065212889, 
      -0.006943058185801157, 
      0.9286185786196051
    ]
  }, 
  {
    "img": "/media/hdd/YCBvideo/YCB_Video_Dataset/YCB_Video_Dataset/data/0044/000001-label.png", 
    "mask": "/media/hdd/YCBvideo/YCB_Video_Dataset/Generated_YCB_Video_Dataset/mask/0044/000001-mask-01.png", 
    "depth_minmax": [
      0.907, 
      0.933
    ], 
    "model": "/media/hdd/YCBvideo/YCB_Video_Dataset/YCB_Video_Dataset/models/008_pudding_box/textured.obj", 
    "rot_mat": [
      [
        0.8872808081531603, 
        0.44772547450591554, 
        0.11079167137883376
      ], 
      [
        0.30774194467581745, 
        -0.39575540667855663, 
        -0.8652595271926463
      ], 
      [
        -0.3435516710029848, 
        0.8018229059668353, 
        -0.48893011188068847
      ]
    ], 
    "trans_mat": [
      -0.07294221900717004, 
      0.01912576738880108, 
      0.947661730559696
    ]
  }, 
  {
    "img": "/media/hdd/YCBvideo/YCB_Video_Dataset/YCB_Video_Dataset/data/0044/000002-label.png", 
    "mask": "/media/hdd/YCBvideo/YCB_Video_Dataset/Generated_YCB_Video_Dataset/mask/0044/000002-mask-00.png", 
    "depth_minmax": [
      0.884, 
      0.944
    ], 
    "model": "/media/hdd/YCBvideo/YCB_Video_Dataset/YCB_Video_Dataset/models/005_tomato_soup_can/textured.obj", 
    "rot_mat": [
      [
        -0.3425073310759579, 
        -0.9387308176925413, 
        0.03838178081923984
      ], 
      [
        -0.421532561400913, 
        0.11703420370097284, 
        -0.8992297020612543
      ], 
      [
        0.8396425527457103, 
        -0.32417215467291793, 
        -0.43579035232891444
      ]
    ], 
    "trans_mat": [
      0.021969751724360588, 
      -0.007349873762716269, 
      0.9284103453688013
    ]
  }, 
  {
    "img": "/media/hdd/YCBvideo/YCB_Video_Dataset/YCB_Video_Dataset/data/0044/000002-label.png", 
    "mask": "/media/hdd/YCBvideo/YCB_Video_Dataset/Generated_YCB_Video_Dataset/mask/0044/000002-mask-01.png", 
    "depth_minmax": [
      0.907, 
      0.933
    ], 
    "model": "/media/hdd/YCBvideo/YCB_Video_Dataset/YCB_Video_Dataset/models/008_pudding_box/textured.obj", 
    "rot_mat": [
      [
        0.8869243733845978, 
        0.4481264715381645, 
        0.11202083564376054
      ], 
      [
        0.30935392365035824, 
        -0.39616396976663365, 
        -0.8644971838667839
      ], 
      [
        -0.34302482799290207, 
        0.8013976428518998, 
        -0.48999651463089755
      ]
    ], 
    "trans_mat": [
      -0.07272632835095202, 
      0.018568953267258406, 
      0.9474711121818512
    ]
  }, 
  {
    "img": "/media/hdd/YCBvideo/YCB_Video_Dataset/YCB_Video_Dataset/data/0044/000003-label.png", 
    "mask": "/media/hdd/YCBvideo/YCB_Video_Dataset/Generated_YCB_Video_Dataset/mask/0044/000003-mask-00.png", 
    "depth_minmax": [
      0.884, 
      0.953
    ], 
    "model": "/media/hdd/YCBvideo/YCB_Video_Dataset/YCB_Video_Dataset/models/005_tomato_soup_can/textured.obj", 
    "rot_mat": [
      [
        -0.3423481732995225, 
        -0.9387907022873306, 
        0.03832777686953308
      ], 
      [
        -0.4219854487672373, 
        0.11718185989056032, 
        -0.8989977168745079
      ], 
      [
        0.8394794050137185, 
        -0.3239438579879411, 
        -0.436272688935927
      ]
    ], 
    "trans_mat": [
      0.021369938336215456, 
      -0.006834235604693591, 
      0.9284369051879817
    ]
  }, 
  {
    "img": "/media/hdd/YCBvideo/YCB_Video_Dataset/YCB_Video_Dataset/data/0044/000003-label.png", 
    "mask": "/media/hdd/YCBvideo/YCB_Video_Dataset/Generated_YCB_Video_Dataset/mask/0044/000003-mask-01.png", 
    "depth_minmax": [
      0.907, 
      0.933
    ], 
    "model": "/media/hdd/YCBvideo/YCB_Video_Dataset/YCB_Video_Dataset/models/008_pudding_box/textured.obj", 
    "rot_mat": [
      [
        0.8868555730364064, 
        0.44827793555820067, 
        0.11195634561382842
      ], 
      [
        0.30955786978085326, 
        -0.3965765360328679, 
        -0.8642346546509128
      ], 
      [
        -0.34301777338696293, 
        0.8011080540608239, 
        -0.4904734568351069
      ]
    ], 
    "trans_mat": [
      -0.07332340277855365, 
      0.019072086654629193, 
      0.947528129450138
    ]
  }, 
  {
    "img": "/media/hdd/YCBvideo/YCB_Video_Dataset/YCB_Video_Dataset/data/0044/000004-label.png", 
    "mask": "/media/hdd/YCBvideo/YCB_Video_Dataset/Generated_YCB_Video_Dataset/mask/0044/000004-mask-00.png", 
    "depth_minmax": [
      0.886, 
      0.948
    ], 
    "model": "/media/hdd/YCBvideo/YCB_Video_Dataset/YCB_Video_Dataset/models/005_tomato_soup_can/textured.obj", 
    "rot_mat": [
      [
        -0.34105061114578045, 
        -0.9391772915209943, 
        0.04038380019283316
      ], 
      [
        -0.42241013885290574, 
        0.11473194204684761, 
        -0.8991144417770337
      ], 
      [
        0.839794283227756, 
        -0.32370168160495616, 
        -0.43584714719053413
      ]
    ], 
    "trans_mat": [
      0.022260424535909068, 
      -0.006336364055859665, 
      0.9284433531404503
    ]
  }, 
  {
    "img": "/media/hdd/YCBvideo/YCB_Video_Dataset/YCB_Video_Dataset/data/0044/000004-label.png", 
    "mask": "/media/hdd/YCBvideo/YCB_Video_Dataset/Generated_YCB_Video_Dataset/mask/0044/000004-mask-01.png", 
    "depth_minmax": [
      0.902, 
      0.933
    ], 
    "model": "/media/hdd/YCBvideo/YCB_Video_Dataset/YCB_Video_Dataset/models/008_pudding_box/textured.obj", 
    "rot_mat": [
      [
        0.8859887533846182, 
        0.4494993178787301, 
        0.11391011169018936
      ], 
      [
        0.3115542614117231, 
        -0.3950902041321878, 
        -0.8641982154171244
      ], 
      [
        -0.3434513902502125, 
        0.801158463851176, 
        -0.49008833492058007
      ]
    ], 
    "trans_mat": [
      -0.07248986189479328, 
      0.019348064334562074, 
      0.94755215607484
    ]
  }, 
  {
    "img": "/media/hdd/YCBvideo/YCB_Video_Dataset/YCB_Video_Dataset/data/0044/000005-label.png", 
    "mask": "/media/hdd/YCBvideo/YCB_Video_Dataset/Generated_YCB_Video_Dataset/mask/0044/000005-mask-00.png", 
    "depth_minmax": [
      0.884, 
      0.947
    ], 
    "model": "/media/hdd/YCBvideo/YCB_Video_Dataset/YCB_Video_Dataset/models/005_tomato_soup_can/textured.obj", 
    "rot_mat": [
      [
        -0.3402991180376176, 
        -0.9394818901954832, 
        0.039628592651450086
      ], 
      [
        -0.420831207999073, 
        0.11447491764079588, 
        -0.8998868311012126
      ], 
      [
        0.8408904868164252, 
        -0.3229072777533325, 
        -0.4343190918202879
      ]
    ], 
    "trans_mat": [
      0.0237241441374859, 
      -0.006355637935282581, 
      0.9285673624958283
    ]
  }, 
  {
    "img": "/media/hdd/YCBvideo/YCB_Video_Dataset/YCB_Video_Dataset/data/0044/000005-label.png", 
    "mask": "/media/hdd/YCBvideo/YCB_Video_Dataset/Generated_YCB_Video_Dataset/mask/0044/000005-mask-01.png", 
    "depth_minmax": [
      0.907, 
      0.933
    ], 
    "model": "/media/hdd/YCBvideo/YCB_Video_Dataset/YCB_Video_Dataset/models/008_pudding_box/textured.obj", 
    "rot_mat": [
      [
        0.8857262118031429, 
        0.4502182533935158, 
        0.11310882227805409
      ], 
      [
        0.31066317464181303, 
        -0.39383831236142536, 
        -0.8650895075282824
      ], 
      [
        -0.3449320082100157, 
        0.8013704813620115, 
        -0.4886989055906604
      ]
    ], 
    "trans_mat": [
      -0.07099745100250661, 
      0.019393206236478597, 
      0.9477315449316257
    ]
  }, 
  {
    "img": "/media/hdd/YCBvideo/YCB_Video_Dataset/YCB_Video_Dataset/data/0044/000006-label.png", 
    "mask": "/media/hdd/YCBvideo/YCB_Video_Dataset/Generated_YCB_Video_Dataset/mask/0044/000006-mask-00.png", 
    "depth_minmax": [
      0.884, 
      0.949
    ], 
    "model": "/media/hdd/YCBvideo/YCB_Video_Dataset/YCB_Video_Dataset/models/005_tomato_soup_can/textured.obj", 
    "rot_mat": [
      [
        -0.3380027404424213, 
        -0.9403015181369964, 
        0.039836244539340364
      ], 
      [
        -0.42185556859412376, 
        0.11353243954451722, 
        -0.8995264516474663
      ], 
      [
        0.8413036490511677, 
        -0.3208470545040172, 
        -0.4350456879327478
      ]
    ], 
    "trans_mat": [
      0.025163595817144738, 
      -0.005797882627375033, 
      0.9286096913425602
    ]
  }, 
  {
    "img": "/media/hdd/YCBvideo/YCB_Video_Dataset/YCB_Video_Dataset/data/0044/000006-label.png", 
    "mask": "/media/hdd/YCBvideo/YCB_Video_Dataset/Generated_YCB_Video_Dataset/mask/0044/000006-mask-01.png", 
    "depth_minmax": [
      0.907, 
      0.933
    ], 
    "model": "/media/hdd/YCBvideo/YCB_Video_Dataset/YCB_Video_Dataset/models/008_pudding_box/textured.obj", 
    "rot_mat": [
      [
        0.8846097081983508, 
        0.4523952303564871, 
        0.11315834835628794
      ], 
      [
        0.31201462278390224, 
        -0.3938476912521559, 
        -0.8645986370591694
      ], 
      [
        -0.34657324260090205, 
        0.8001390676216109, 
        -0.48955514088168134
      ]
    ], 
    "trans_mat": [
      -0.06954945720301672, 
      0.01981901616124845, 
      0.947991644927319
    ]
  }, 
  {
    "img": "/media/hdd/YCBvideo/YCB_Video_Dataset/YCB_Video_Dataset/data/0044/000007-label.png", 
    "mask": "/media/hdd/YCBvideo/YCB_Video_Dataset/Generated_YCB_Video_Dataset/mask/0044/000007-mask-00.png", 
    "depth_minmax": [
      0.886, 
      0.949
    ], 
    "model": "/media/hdd/YCBvideo/YCB_Video_Dataset/YCB_Video_Dataset/models/005_tomato_soup_can/textured.obj", 
    "rot_mat": [
      [
        -0.33773741974093674, 
        -0.9402846207565706, 
        0.04239896576455323
      ], 
      [
        -0.42277446602056656, 
        0.11130056717274729, 
        -0.8993743791248167
      ], 
      [
        0.8409489564417013, 
        -0.32167702286909206, 
        -0.4351192678762954
      ]
    ], 
    "trans_mat": [
      0.026154198809405525, 
      -0.005205216812881707, 
      0.9285335917526175
    ]
  }, 
  {
    "img": "/media/hdd/YCBvideo/YCB_Video_Dataset/YCB_Video_Dataset/data/0044/000007-label.png", 
    "mask": "/media/hdd/YCBvideo/YCB_Video_Dataset/Generated_YCB_Video_Dataset/mask/0044/000007-mask-01.png", 
    "depth_minmax": [
      0.906, 
      0.933
    ], 
    "model": "/media/hdd/YCBvideo/YCB_Video_Dataset/YCB_Video_Dataset/models/008_pudding_box/textured.obj", 
    "rot_mat": [
      [
        0.8841639519795544, 
        0.4526270841117729, 
        0.11568535607726858
      ], 
      [
        0.3141930881915909, 
        -0.39285255732716867, 
        -0.864262847510573
      ], 
      [
        -0.3457414425155718, 
        0.8004970692822182, 
        -0.48955867101555406
      ]
    ], 
    "trans_mat": [
      -0.06863778345858598, 
      0.020180471529210375, 
      0.9478336648167414
    ]
  }, 
  {
    "img": "/media/hdd/YCBvideo/YCB_Video_Dataset/YCB_Video_Dataset/data/0044/000008-label.png", 
    "mask": "/media/hdd/YCBvideo/YCB_Video_Dataset/Generated_YCB_Video_Dataset/mask/0044/000008-mask-00.png", 
    "depth_minmax": [
      0.884, 
      0.948
    ], 
    "model": "/media/hdd/YCBvideo/YCB_Video_Dataset/YCB_Video_Dataset/models/005_tomato_soup_can/textured.obj", 
    "rot_mat": [
      [
        -0.3376680012452713, 
        -0.9404320068141583, 
        0.03959745234304332
      ], 
      [
        -0.4209270376563685, 
        0.11324145874601256, 
        -0.8999987471646878
      ], 
      [
        0.8419028968613735, 
        -0.3205681489393024, 
        -0.4340917273890456
      ]
    ], 
    "trans_mat": [
      0.027068782152127747, 
      -0.005079534353355999, 
      0.9285784870000303
    ]
  }, 
  {
    "img": "/media/hdd/YCBvideo/YCB_Video_Dataset/YCB_Video_Dataset/data/0044/000008-label.png", 
    "mask": "/media/hdd/YCBvideo/YCB_Video_Dataset/Generated_YCB_Video_Dataset/mask/0044/000008-mask-01.png", 
    "depth_minmax": [
      0.907, 
      0.933
    ], 
    "model": "/media/hdd/YCBvideo/YCB_Video_Dataset/YCB_Video_Dataset/models/008_pudding_box/textured.obj", 
    "rot_mat": [
      [
        0.8844799700033552, 
        0.4527140576304341, 
        0.11289831648790553
      ], 
      [
        0.311588116092772, 
        -0.39301028872171107, 
        -0.8651341293654466
      ], 
      [
        -0.34728741230288784, 
        0.8003707601508334, 
        -0.4886701506571292
      ]
    ], 
    "trans_mat": [
      -0.0676344861329291, 
      0.02056389249608012, 
      0.9479732104454145
    ]
  }, 
  {
    "img": "/media/hdd/YCBvideo/YCB_Video_Dataset/YCB_Video_Dataset/data/0044/000009-label.png", 
    "mask": "/media/hdd/YCBvideo/YCB_Video_Dataset/Generated_YCB_Video_Dataset/mask/0044/000009-mask-00.png", 
    "depth_minmax": [
      0.884, 
      0.953
    ], 
    "model": "/media/hdd/YCBvideo/YCB_Video_Dataset/YCB_Video_Dataset/models/005_tomato_soup_can/textured.obj", 
    "rot_mat": [
      [
        -0.3382612158108946, 
        -0.940166587909485, 
        0.04082063177964984
      ], 
      [
        -0.4203674689297552, 
        0.11214951378606278, 
        -0.9003958716892573
      ], 
      [
        0.841944064185447, 
        -0.32172862898542925, 
        -0.4331520133182718
      ]
    ], 
    "trans_mat": [
      0.02805869989531589, 
      -0.004679907739765794, 
      0.9287164186004162
    ]
  }, 
  {
    "img": "/media/hdd/YCBvideo/YCB_Video_Dataset/YCB_Video_Dataset/data/0044/000009-label.png", 
    "mask": "/media/hdd/YCBvideo/YCB_Video_Dataset/Generated_YCB_Video_Dataset/mask/0044/000009-mask-01.png", 
    "depth_minmax": [
      0.907, 
      0.933
    ], 
    "model": "/media/hdd/YCBvideo/YCB_Video_Dataset/YCB_Video_Dataset/models/008_pudding_box/textured.obj", 
    "rot_mat": [
      [
        0.884610754154114, 
        0.45214356610056666, 
        0.11415368661270274
      ], 
      [
        0.31196976247009506, 
        -0.3918421602252702, 
        -0.8655252715522541
      ], 
      [
        -0.3466109513701167, 
        0.8012652254853497, 
        -0.48768333498740657
      ]
    ], 
    "trans_mat": [
      -0.06668717695454196, 
      0.020904875237802756, 
      0.9479800537111146
    ]
  }, 
  {
    "img": "/media/hdd/YCBvideo/YCB_Video_Dataset/YCB_Video_Dataset/data/0044/000010-label.png", 
    "mask": "/media/hdd/YCBvideo/YCB_Video_Dataset/Generated_YCB_Video_Dataset/mask/0044/000010-mask-00.png", 
    "depth_minmax": [
      0.884, 
      0.948
    ], 
    "model": "/media/hdd/YCBvideo/YCB_Video_Dataset/YCB_Video_Dataset/models/005_tomato_soup_can/textured.obj", 
    "rot_mat": [
      [
        -0.3352742757580875, 
        -0.941253944231741, 
        0.040406419510879366
      ], 
      [
        -0.4206871634944104, 
        0.11119749329854971, 
        -0.9003649628365046
      ], 
      [
        0.8429796396853113, 
        -0.318867553907369, 
        -0.4332554683921502
      ]
    ], 
    "trans_mat": [
      0.028215536148561378, 
      -0.004023671372908402, 
      0.9283822401251319
    ]
  }, 
  {
    "img": "/media/hdd/YCBvideo/YCB_Video_Dataset/YCB_Video_Dataset/data/0044/000010-label.png", 
    "mask": "/media/hdd/YCBvideo/YCB_Video_Dataset/Generated_YCB_Video_Dataset/mask/0044/000010-mask-01.png", 
    "depth_minmax": [
      0.907, 
      0.933
    ], 
    "model": "/media/hdd/YCBvideo/YCB_Video_Dataset/YCB_Video_Dataset/models/008_pudding_box/textured.obj", 
    "rot_mat": [
      [
        0.8832378291642272, 
        0.45497408475985684, 
        0.11353807988078687
      ], 
      [
        0.3128500246165839, 
        -0.39136889673582226, 
        -0.8654220044436033
      ], 
      [
        -0.34930939986155535, 
        0.7998940350518031, 
        -0.4880105822141698
      ]
    ], 
    "trans_mat": [
      -0.06649693149273783, 
      0.021466395130064785, 
      0.9479337021454847
    ]
  }, 
  {
    "img": "/media/hdd/YCBvideo/YCB_Video_Dataset/YCB_Video_Dataset/data/0044/000011-label.png", 
    "mask": "/media/hdd/YCBvideo/YCB_Video_Dataset/Generated_YCB_Video_Dataset/mask/0044/000011-mask-00.png", 
    "depth_minmax": [
      0.884, 
      0.949
    ], 
    "model": "/media/hdd/YCBvideo/YCB_Video_Dataset/YCB_Video_Dataset/models/005_tomato_soup_can/textured.obj", 
    "rot_mat": [
      [
        -0.33459116691094193, 
        -0.9415191571112129, 
        0.039879166456753774
      ], 
      [
        -0.42208705908222965, 
        0.11189387769688806, 
        -0.8996241244570882
      ], 
      [
        0.8425508551397499, 
        -0.3178382914258905, 
        -0.4348411619047662
      ]
    ], 
    "trans_mat": [
      0.02844620839833817, 
      -0.0027762543836086953, 
      0.9285405353059272
    ]
  }, 
  {
    "img": "/media/hdd/YCBvideo/YCB_Video_Dataset/YCB_Video_Dataset/data/0044/000011-label.png", 
    "mask": "/media/hdd/YCBvideo/YCB_Video_Dataset/Generated_YCB_Video_Dataset/mask/0044/000011-mask-01.png", 
    "depth_minmax": [
      0.907, 
      0.933
    ], 
    "model": "/media/hdd/YCBvideo/YCB_Video_Dataset/YCB_Video_Dataset/models/008_pudding_box/textured.obj", 
    "rot_mat": [
      [
        0.8829761121608427, 
        0.45562297166420734, 
        0.11296762249928782
      ], 
      [
        0.31331375831715846, 
        -0.392818000905635, 
        -0.8645982630815787
      ], 
      [
        -0.3495548739299795, 
        0.7988132496715904, 
        -0.48960096227769645
      ]
    ], 
    "trans_mat": [
      -0.06624479092120775, 
      0.02269489903441304, 
      0.9482200629210847
    ]
  }, 
  {
    "img": "/media/hdd/YCBvideo/YCB_Video_Dataset/YCB_Video_Dataset/data/0044/000012-label.png", 
    "mask": "/media/hdd/YCBvideo/YCB_Video_Dataset/Generated_YCB_Video_Dataset/mask/0044/000012-mask-00.png", 
    "depth_minmax": [
      0.884, 
      0.949
    ], 
    "model": "/media/hdd/YCBvideo/YCB_Video_Dataset/YCB_Video_Dataset/models/005_tomato_soup_can/textured.obj", 
    "rot_mat": [
      [
        -0.33583172515977994, 
        -0.9409859963397357, 
        0.04198190441126856
      ], 
      [
        -0.4209559166256617, 
        0.11006626189495837, 
        -0.9003794494225624
      ], 
      [
        0.842623870354904, 
        -0.3200480435971695, 
        -0.43307715906129385
      ]
    ], 
    "trans_mat": [
      0.028872047152116213, 
      -0.001719490186504367, 
      0.9288755245978463
    ]
  }, 
  {
    "img": "/media/hdd/YCBvideo/YCB_Video_Dataset/YCB_Video_Dataset/data/0044/000012-label.png", 
    "mask": "/media/hdd/YCBvideo/YCB_Video_Dataset/Generated_YCB_Video_Dataset/mask/0044/000012-mask-01.png", 
    "depth_minmax": [
      0.907, 
      0.93
    ], 
    "model": "/media/hdd/YCBvideo/YCB_Video_Dataset/YCB_Video_Dataset/models/008_pudding_box/textured.obj", 
    "rot_mat": [
      [
        0.8833077048734385, 
        0.4544348302684558, 
        0.11514089659385732
      ], 
      [
        0.31382058524238415, 
        -0.3907315107978553, 
        -0.8653597540573142
      ], 
      [
        -0.348260493815976, 
        0.800512161385632, 
        -0.4877466897252668
      ]
    ], 
    "trans_mat": [
      -0.06589388864949206, 
      0.023664003819425357, 
      0.9483061303885327
    ]
  }, 
  {
    "img": "/media/hdd/YCBvideo/YCB_Video_Dataset/YCB_Video_Dataset/data/0044/000013-label.png", 
    "mask": "/media/hdd/YCBvideo/YCB_Video_Dataset/Generated_YCB_Video_Dataset/mask/0044/000013-mask-00.png", 
    "depth_minmax": [
      0.886, 
      0.949
    ], 
    "model": "/media/hdd/YCBvideo/YCB_Video_Dataset/YCB_Video_Dataset/models/005_tomato_soup_can/textured.obj", 
    "rot_mat": [
      [
        -0.3348983098243792, 
        -0.9414015572434506, 
        0.04008094977839387
      ], 
      [
        -0.4181319448054472, 
        0.11035944833530627, 
        -0.9016573395330901
      ], 
      [
        0.8443991518593716, 
        -0.31872243270341216, 
        -0.4305894932848669
      ]
    ], 
    "trans_mat": [
      0.029655203151898013, 
      -0.0008780076668110119, 
      0.9292015261242692
    ]
  }, 
  {
    "img": "/media/hdd/YCBvideo/YCB_Video_Dataset/YCB_Video_Dataset/data/0044/000013-label.png", 
    "mask": "/media/hdd/YCBvideo/YCB_Video_Dataset/Generated_YCB_Video_Dataset/mask/0044/000013-mask-01.png", 
    "depth_minmax": [
      0.908, 
      0.931
    ], 
    "model": "/media/hdd/YCBvideo/YCB_Video_Dataset/YCB_Video_Dataset/models/008_pudding_box/textured.obj", 
    "rot_mat": [
      [
        0.8830982544247649, 
        0.4553315586464219, 
        0.11318907854316605
      ], 
      [
        0.3117011844822147, 
        -0.38903716819946654, 
        -0.866886555841186
      ], 
      [
        -0.3506863411828985, 
        0.8008274241334117, 
        -0.4854854448137123
      ]
    ], 
    "trans_mat": [
      -0.06504434639508469, 
      0.02468160472622748, 
      0.9487247112621163
    ]
  }, 
  {
    "img": "/media/hdd/YCBvideo/YCB_Video_Dataset/YCB_Video_Dataset/data/0044/000014-label.png", 
    "mask": "/media/hdd/YCBvideo/YCB_Video_Dataset/Generated_YCB_Video_Dataset/mask/0044/000014-mask-00.png", 
    "depth_minmax": [
      0.884, 
      0.949
    ], 
    "model": "/media/hdd/YCBvideo/YCB_Video_Dataset/YCB_Video_Dataset/models/005_tomato_soup_can/textured.obj", 
    "rot_mat": [
      [
        -0.3334986102263622, 
        -0.9419176232962896, 
        0.03961819206442771
      ], 
      [
        -0.4181309339845859, 
        0.11011801219744875, 
        -0.9016883323742949
      ], 
      [
        0.8449538514757293, 
        -0.31727638013177534, 
        -0.4305691856588479
      ]
    ], 
    "trans_mat": [
      0.030784602111344955, 
      -5.873429552370773e-05, 
      0.929289278404318
    ]
  }, 
  {
    "img": "/media/hdd/YCBvideo/YCB_Video_Dataset/YCB_Video_Dataset/data/0044/000014-label.png", 
    "mask": "/media/hdd/YCBvideo/YCB_Video_Dataset/Generated_YCB_Video_Dataset/mask/0044/000014-mask-01.png", 
    "depth_minmax": [
      0.907, 
      0.931
    ], 
    "model": "/media/hdd/YCBvideo/YCB_Video_Dataset/YCB_Video_Dataset/models/008_pudding_box/textured.obj", 
    "rot_mat": [
      [
        0.8824847912629518, 
        0.4566561981283217, 
        0.1126335410078563
      ], 
      [
        0.3118688149997797, 
        -0.3888617425158944, 
        -0.8669060208661297
      ], 
      [
        -0.3520796719149133, 
        0.8001576316801615, 
        -0.4855812660680978
      ]
    ], 
    "trans_mat": [
      -0.06389038148219095, 
      0.02548130565466769, 
      0.948956552949945
    ]
  }, 
  {
    "img": "/media/hdd/YCBvideo/YCB_Video_Dataset/YCB_Video_Dataset/data/0044/000015-label.png", 
    "mask": "/media/hdd/YCBvideo/YCB_Video_Dataset/Generated_YCB_Video_Dataset/mask/0044/000015-mask-00.png", 
    "depth_minmax": [
      0.882, 
      0.949
    ], 
    "model": "/media/hdd/YCBvideo/YCB_Video_Dataset/YCB_Video_Dataset/models/005_tomato_soup_can/textured.obj", 
    "rot_mat": [
      [
        -0.3324768459513079, 
        -0.9422652639126671, 
        0.03994720442193886
      ], 
      [
        -0.41797582961646096, 
        0.10924683398956445, 
        -0.9018659718021423
      ], 
      [
        0.8454328534461554, 
        -0.3165454678680215, 
        -0.43016630775202763
      ]
    ], 
    "trans_mat": [
      0.031422095418355674, 
      0.0006501400689432825, 
      0.9292663125376524
    ]
  }, 
  {
    "img": "/media/hdd/YCBvideo/YCB_Video_Dataset/YCB_Video_Dataset/data/0044/000015-label.png", 
    "mask": "/media/hdd/YCBvideo/YCB_Video_Dataset/Generated_YCB_Video_Dataset/mask/0044/000015-mask-01.png", 
    "depth_minmax": [
      0.908, 
      0.93
    ], 
    "model": "/media/hdd/YCBvideo/YCB_Video_Dataset/YCB_Video_Dataset/models/008_pudding_box/textured.obj", 
    "rot_mat": [
      [
        0.8819539290854963, 
        0.4576181698089451, 
        0.11289025433648125
      ], 
      [
        0.3123705257760308, 
        -0.388126384034722, 
        -0.8670546803610016
      ], 
      [
        -0.3529645452798396, 
        0.7999649212921209, 
        -0.48525592208787793
      ]
    ], 
    "trans_mat": [
      -0.06325596576259504, 
      0.02612755758512894, 
      0.9490000297381401
    ]
  }, 
  {
    "img": "/media/hdd/YCBvideo/YCB_Video_Dataset/YCB_Video_Dataset/data/0044/000016-label.png", 
    "mask": "/media/hdd/YCBvideo/YCB_Video_Dataset/Generated_YCB_Video_Dataset/mask/0044/000016-mask-00.png", 
    "depth_minmax": [
      0.886, 
      0.949
    ], 
    "model": "/media/hdd/YCBvideo/YCB_Video_Dataset/YCB_Video_Dataset/models/005_tomato_soup_can/textured.obj", 
    "rot_mat": [
      [
        -0.3315056249437286, 
        -0.9426389060074483, 
        0.039185901670182995
      ], 
      [
        -0.41699861820875034, 
        0.10913897188251895, 
        -0.9023309807682472
      ], 
      [
        0.8462963241993793, 
        -0.3154677838096785, 
        -0.42925906496434374
      ]
    ], 
    "trans_mat": [
      0.032342711067462726, 
      0.0007687969064248102, 
      0.9294269780488569
    ]
  }, 
  {
    "img": "/media/hdd/YCBvideo/YCB_Video_Dataset/YCB_Video_Dataset/data/0044/000016-label.png", 
    "mask": "/media/hdd/YCBvideo/YCB_Video_Dataset/Generated_YCB_Video_Dataset/mask/0044/000016-mask-01.png", 
    "depth_minmax": [
      0.904, 
      0.936
    ], 
    "model": "/media/hdd/YCBvideo/YCB_Video_Dataset/YCB_Video_Dataset/models/008_pudding_box/textured.obj", 
    "rot_mat": [
      [
        0.8815805843104355, 
        0.45853796075476433, 
        0.11206741814632581
      ], 
      [
        0.3117827033035382, 
        -0.38738848637897805, 
        -0.8675957734944054
      ], 
      [
        -0.3544124210285236, 
        0.7997962723945208, 
        -0.48447791877648244
      ]
    ], 
    "trans_mat": [
      -0.062304121760676165, 
      0.02629001394672747, 
      0.9492535176471951
    ]
  }, 
  {
    "img": "/media/hdd/YCBvideo/YCB_Video_Dataset/YCB_Video_Dataset/data/0044/000017-label.png", 
    "mask": "/media/hdd/YCBvideo/YCB_Video_Dataset/Generated_YCB_Video_Dataset/mask/0044/000017-mask-00.png", 
    "depth_minmax": [
      0.886, 
      0.949
    ], 
    "model": "/media/hdd/YCBvideo/YCB_Video_Dataset/YCB_Video_Dataset/models/005_tomato_soup_can/textured.obj", 
    "rot_mat": [
      [
        -0.33335319885264747, 
        -0.9420295935734965, 
        0.03815455713815145
      ], 
      [
        -0.41470624509444715, 
        0.11016640521648569, 
        -0.9032623307900715
      ], 
      [
        0.8466959756475878, 
        -0.3169281623942453, 
        -0.42739019917083815
      ]
    ], 
    "trans_mat": [
      0.03361149255623402, 
      0.0008993222526738622, 
      0.9297524941613322
    ]
  }, 
  {
    "img": "/media/hdd/YCBvideo/YCB_Video_Dataset/YCB_Video_Dataset/data/0044/000017-label.png", 
    "mask": "/media/hdd/YCBvideo/YCB_Video_Dataset/Generated_YCB_Video_Dataset/mask/0044/000017-mask-01.png", 
    "depth_minmax": [
      0.907, 
      0.936
    ], 
    "model": "/media/hdd/YCBvideo/YCB_Video_Dataset/YCB_Video_Dataset/models/008_pudding_box/textured.obj", 
    "rot_mat": [
      [
        0.8825950295935645, 
        0.4568019695930341, 
        0.11116981020663512
      ], 
      [
        0.3095113314045047, 
        -0.38658431390963793, 
        -0.8687671763703901
      ], 
      [
        -0.3538773178184035, 
        0.8011772600592793, 
        -0.48258275990435445
      ]
    ], 
    "trans_mat": [
      -0.061016047188678126, 
      0.026627461696028774, 
      0.9494029264320749
    ]
  }, 
  {
    "img": "/media/hdd/YCBvideo/YCB_Video_Dataset/YCB_Video_Dataset/data/0044/000018-label.png", 
    "mask": "/media/hdd/YCBvideo/YCB_Video_Dataset/Generated_YCB_Video_Dataset/mask/0044/000018-mask-00.png", 
    "depth_minmax": [
      0.884, 
      0.95
    ], 
    "model": "/media/hdd/YCBvideo/YCB_Video_Dataset/YCB_Video_Dataset/models/005_tomato_soup_can/textured.obj", 
    "rot_mat": [
      [
        -0.33041216414388586, 
        -0.9430708655769686, 
        0.03801175292253485
      ], 
      [
        -0.41522944661204864, 
        0.10907591207961746, 
        -0.9031535629477411
      ], 
      [
        0.8475922451348183, 
        -0.3141961883098288, 
        -0.4276312704745462
      ]
    ], 
    "trans_mat": [
      0.03569374725373656, 
      0.0013823029871403265, 
      0.9295830029748399
    ]
  }, 
  {
    "img": "/media/hdd/YCBvideo/YCB_Video_Dataset/YCB_Video_Dataset/data/0044/000018-label.png", 
    "mask": "/media/hdd/YCBvideo/YCB_Video_Dataset/Generated_YCB_Video_Dataset/mask/0044/000018-mask-01.png", 
    "depth_minmax": [
      0.901, 
      0.936
    ], 
    "model": "/media/hdd/YCBvideo/YCB_Video_Dataset/YCB_Video_Dataset/models/008_pudding_box/textured.obj", 
    "rot_mat": [
      [
        0.8811979923206605, 
        0.45957405204486507, 
        0.1108260439222405
      ], 
      [
        0.3106260751818684, 
        -0.38614820716157783, 
        -0.8685624718890259
      ], 
      [
        -0.35637367683582216, 
        0.7998009539348752, 
        -0.48302894056195006
      ]
    ], 
    "trans_mat": [
      -0.05890772027349943, 
      0.02699347364457332, 
      0.9495098168956043
    ]
  }, 
  {
    "img": "/media/hdd/YCBvideo/YCB_Video_Dataset/YCB_Video_Dataset/data/0044/000019-label.png", 
    "mask": "/media/hdd/YCBvideo/YCB_Video_Dataset/Generated_YCB_Video_Dataset/mask/0044/000019-mask-00.png", 
    "depth_minmax": [
      0.884, 
      0.953
    ], 
    "model": "/media/hdd/YCBvideo/YCB_Video_Dataset/YCB_Video_Dataset/models/005_tomato_soup_can/textured.obj", 
    "rot_mat": [
      [
        -0.33158687857803254, 
        -0.9425729924336962, 
        0.04007574226297099
      ], 
      [
        -0.41794411744936, 
        0.10867982007146627, 
        -0.9019492413987343
      ], 
      [
        0.8457974239650518, 
        -0.31582321441027983, 
        -0.4299796579963394
      ]
    ], 
    "trans_mat": [
      0.03731842927909077, 
      0.001364686529702816, 
      0.9293896588783161
    ]
  }, 
  {
    "img": "/media/hdd/YCBvideo/YCB_Video_Dataset/YCB_Video_Dataset/data/0044/000019-label.png", 
    "mask": "/media/hdd/YCBvideo/YCB_Video_Dataset/Generated_YCB_Video_Dataset/mask/0044/000019-mask-01.png", 
    "depth_minmax": [
      0.903, 
      0.936
    ], 
    "model": "/media/hdd/YCBvideo/YCB_Video_Dataset/YCB_Video_Dataset/models/008_pudding_box/textured.obj", 
    "rot_mat": [
      [
        0.881509878654093, 
        0.45845581579810674, 
        0.11295680905757198
      ], 
      [
        0.31274401099886595, 
        -0.387694512006616, 
        -0.867113331480548
      ], 
      [
        -0.3537403773358954, 
        0.7996947261069596, 
        -0.4851355909502409
      ]
    ], 
    "trans_mat": [
      -0.057357164797497306, 
      0.02679760812582177, 
      0.9491924052518127
    ]
  }, 
  {
    "img": "/media/hdd/YCBvideo/YCB_Video_Dataset/YCB_Video_Dataset/data/0044/000020-label.png", 
    "mask": "/media/hdd/YCBvideo/YCB_Video_Dataset/Generated_YCB_Video_Dataset/mask/0044/000020-mask-00.png", 
    "depth_minmax": [
      0.884, 
      0.949
    ], 
    "model": "/media/hdd/YCBvideo/YCB_Video_Dataset/YCB_Video_Dataset/models/005_tomato_soup_can/textured.obj", 
    "rot_mat": [
      [
        -0.33035817168813475, 
        -0.9432180927573425, 
        0.03467180709086749
      ], 
      [
        -0.4158150773183793, 
        0.1124642806902043, 
        -0.9024685569302798
      ], 
      [
        0.8473255158405113, 
        -0.3125550273475604, 
        -0.42935788902464894
      ]
    ], 
    "trans_mat": [
      0.038530149220061725, 
      0.000744220642429893, 
      0.9292406369368982
    ]
  }, 
  {
    "img": "/media/hdd/YCBvideo/YCB_Video_Dataset/YCB_Video_Dataset/data/0044/000020-label.png", 
    "mask": "/media/hdd/YCBvideo/YCB_Video_Dataset/Generated_YCB_Video_Dataset/mask/0044/000020-mask-01.png", 
    "depth_minmax": [
      0.909, 
      0.931
    ], 
    "model": "/media/hdd/YCBvideo/YCB_Video_Dataset/YCB_Video_Dataset/models/008_pudding_box/textured.obj", 
    "rot_mat": [
      [
        0.881576005331792, 
        0.45963729118687824, 
        0.10750445701159993
      ], 
      [
        0.30866254066860815, 
        -0.38899635652426995, 
        -0.867991657939949
      ], 
      [
        -0.3571421084458499, 
        0.798383248836383, 
        -0.48480246647194386
      ]
    ], 
    "trans_mat": [
      -0.0559641906496202, 
      0.026599825253021223, 
      0.9493590323386419
    ]
  }, 
  {
    "img": "/media/hdd/YCBvideo/YCB_Video_Dataset/YCB_Video_Dataset/data/0044/000021-label.png", 
    "mask": "/media/hdd/YCBvideo/YCB_Video_Dataset/Generated_YCB_Video_Dataset/mask/0044/000021-mask-00.png", 
    "depth_minmax": [
      0.886, 
      0.949
    ], 
    "model": "/media/hdd/YCBvideo/YCB_Video_Dataset/YCB_Video_Dataset/models/005_tomato_soup_can/textured.obj", 
    "rot_mat": [
      [
        -0.3285260130216169, 
        -0.9437534784493107, 
        0.03740527170284212
      ], 
      [
        -0.4175285912427613, 
        0.10959322787536604, 
        -0.9020305046044121
      ], 
      [
        0.847195169750474, 
        -0.3119582335841226, 
        -0.4300484850270704
      ]
    ], 
    "trans_mat": [
      0.04066323777644184, 
      0.0005417652669614066, 
      0.9289658725180796
    ]
  }, 
  {
    "img": "/media/hdd/YCBvideo/YCB_Video_Dataset/YCB_Video_Dataset/data/0044/000021-label.png", 
    "mask": "/media/hdd/YCBvideo/YCB_Video_Dataset/Generated_YCB_Video_Dataset/mask/0044/000021-mask-01.png", 
    "depth_minmax": [
      0.909, 
      0.931
    ], 
    "model": "/media/hdd/YCBvideo/YCB_Video_Dataset/YCB_Video_Dataset/models/008_pudding_box/textured.obj", 
    "rot_mat": [
      [
        0.8803609324419817, 
        0.46135016230594467, 
        0.11009384817713881
      ], 
      [
        0.3118257620538143, 
        -0.3880751509457459, 
        -0.867273060120776
      ], 
      [
        -0.35739151772641187, 
        0.7978433018885221, 
        -0.4855069723628185
      ]
    ], 
    "trans_mat": [
      -0.053904630845382835, 
      0.026071462156984915, 
      0.9491548946902922
    ]
  }, 
  {
    "img": "/media/hdd/YCBvideo/YCB_Video_Dataset/YCB_Video_Dataset/data/0044/000022-label.png", 
    "mask": "/media/hdd/YCBvideo/YCB_Video_Dataset/Generated_YCB_Video_Dataset/mask/0044/000022-mask-00.png", 
    "depth_minmax": [
      0.884, 
      0.948
    ], 
    "model": "/media/hdd/YCBvideo/YCB_Video_Dataset/YCB_Video_Dataset/models/005_tomato_soup_can/textured.obj", 
    "rot_mat": [
      [
        -0.3302298495394372, 
        -0.9431280883986002, 
        0.03816650331717862
      ], 
      [
        -0.4172773995396704, 
        0.10959853417739973, 
        -0.9021463242073887
      ], 
      [
        0.8466568678236317, 
        -0.31384086457918814, 
        -0.42973821047874394
      ]
    ], 
    "trans_mat": [
      0.04143409595361149, 
      7.92863083632043e-05, 
      0.9288448056636865
    ]
  }, 
  {
    "img": "/media/hdd/YCBvideo/YCB_Video_Dataset/YCB_Video_Dataset/data/0044/000022-label.png", 
    "mask": "/media/hdd/YCBvideo/YCB_Video_Dataset/Generated_YCB_Video_Dataset/mask/0044/000022-mask-01.png", 
    "depth_minmax": [
      0.907, 
      0.934
    ], 
    "model": "/media/hdd/YCBvideo/YCB_Video_Dataset/YCB_Video_Dataset/models/008_pudding_box/textured.obj", 
    "rot_mat": [
      [
        0.8810908855345522, 
        0.45974452821601225, 
        0.11096720619370957
      ], 
      [
        0.3116516783790422, 
        -0.38790939356350673, 
        -0.8674100235786119
      ], 
      [
        -0.3557421848596323, 
        0.7988496663055025, 
        -0.48506281704863036
      ]
    ], 
    "trans_mat": [
      -0.05317089388998253, 
      0.02562294351203115, 
      0.9488412651838417
    ]
  }, 
  {
    "img": "/media/hdd/YCBvideo/YCB_Video_Dataset/YCB_Video_Dataset/data/0044/000023-label.png", 
    "mask": "/media/hdd/YCBvideo/YCB_Video_Dataset/Generated_YCB_Video_Dataset/mask/0044/000023-mask-00.png", 
    "depth_minmax": [
      0.885, 
      0.948
    ], 
    "model": "/media/hdd/YCBvideo/YCB_Video_Dataset/YCB_Video_Dataset/models/005_tomato_soup_can/textured.obj", 
    "rot_mat": [
      [
        -0.32771539794676063, 
        -0.9439594927439438, 
        0.03927264874963099
      ], 
      [
        -0.41870686095594445, 
        0.10784871764764838, 
        -0.9016941556884438
      ], 
      [
        0.8469282369607903, 
        -0.3119428759543504, 
        -0.43058618020149236
      ]
    ], 
    "trans_mat": [
      0.042683579945477994, 
      -0.0004652914377116678, 
      0.9286437162761935
    ]
  }, 
  {
    "img": "/media/hdd/YCBvideo/YCB_Video_Dataset/YCB_Video_Dataset/data/0044/000023-label.png", 
    "mask": "/media/hdd/YCBvideo/YCB_Video_Dataset/Generated_YCB_Video_Dataset/mask/0044/000023-mask-01.png", 
    "depth_minmax": [
      0.909, 
      0.936
    ], 
    "model": "/media/hdd/YCBvideo/YCB_Video_Dataset/YCB_Video_Dataset/models/008_pudding_box/textured.obj", 
    "rot_mat": [
      [
        0.8797399147600927, 
        0.4621014940751865, 
        0.11189286869434248
      ], 
      [
        0.31384017345225546, 
        -0.3876078167443938, 
        -0.8667548763045354
      ], 
      [
        -0.35715836851159655, 
        0.7976359051972887, 
        -0.4860200349851213
      ]
    ], 
    "trans_mat": [
      -0.0519373672367942, 
      0.024858760452330753, 
      0.9488429947057027
    ]
  }, 
  {
    "img": "/media/hdd/YCBvideo/YCB_Video_Dataset/YCB_Video_Dataset/data/0044/000024-label.png", 
    "mask": "/media/hdd/YCBvideo/YCB_Video_Dataset/Generated_YCB_Video_Dataset/mask/0044/000024-mask-00.png", 
    "depth_minmax": [
      0.884, 
      0.948
    ], 
    "model": "/media/hdd/YCBvideo/YCB_Video_Dataset/YCB_Video_Dataset/models/005_tomato_soup_can/textured.obj", 
    "rot_mat": [
      [
        -0.32705189078142965, 
        -0.9442206455640151, 
        0.038526623500268184
      ], 
      [
        -0.4185010062310624, 
        0.10816322121516807, 
        -0.9017522248219855
      ], 
      [
        0.8472860172629944, 
        -0.3110429766867398, 
        -0.4305325772228645
      ]
    ], 
    "trans_mat": [
      0.043875781036044136, 
      -0.0009020313774343218, 
      0.9285765336683227
    ]
  }, 
  {
    "img": "/media/hdd/YCBvideo/YCB_Video_Dataset/YCB_Video_Dataset/data/0044/000024-label.png", 
    "mask": "/media/hdd/YCBvideo/YCB_Video_Dataset/Generated_YCB_Video_Dataset/mask/0044/000024-mask-01.png", 
    "depth_minmax": [
      0.907, 
      0.93
    ], 
    "model": "/media/hdd/YCBvideo/YCB_Video_Dataset/YCB_Video_Dataset/models/008_pudding_box/textured.obj", 
    "rot_mat": [
      [
        0.8795102792120331, 
        0.4627286810287924, 
        0.11110616633368005
      ], 
      [
        0.31348151040415734, 
        -0.3876965133087506, 
        -0.8668451786828042
      ], 
      [
        -0.35803842288674115, 
        0.7972287119032576, 
        -0.48603997090787276
      ]
    ], 
    "trans_mat": [
      -0.0507163736866334, 
      0.024458757737535877, 
