[
  {
    "img": "/media/hdd/YCBvideo/YCB_Video_Dataset/YCB_Video_Dataset/data/0045/000001-label.png", 
    "mask": "/media/hdd/YCBvideo/YCB_Video_Dataset/Generated_YCB_Video_Dataset/mask/0045/000001-mask-00.png", 
    "depth_minmax": [
      0.688, 
      0.736
    ], 
    "model": "/media/hdd/YCBvideo/YCB_Video_Dataset/YCB_Video_Dataset/models/009_gelatin_box/textured.obj", 
    "rot_mat": [
      [
        -0.3990450576709697, 
        0.8659548500396781, 
        -0.3014709506309638
      ], 
      [
        0.45416691364424905, 
        -0.09895527344529954, 
        -0.8854039363167325
      ], 
      [
        -0.7965528004539346, 
        -0.4902343072929779, 
        -0.3538006379724597
      ]
    ], 
    "trans_mat": [
      -0.054028716542756844, 
      -0.015937810252790088, 
      0.7297232699413599
    ]
  }, 
  {
    "img": "/media/hdd/YCBvideo/YCB_Video_Dataset/YCB_Video_Dataset/data/0045/000002-label.png", 
    "mask": "/media/hdd/YCBvideo/YCB_Video_Dataset/Generated_YCB_Video_Dataset/mask/0045/000002-mask-00.png", 
    "depth_minmax": [
      0.688, 
      0.737
    ], 
    "model": "/media/hdd/YCBvideo/YCB_Video_Dataset/YCB_Video_Dataset/models/009_gelatin_box/textured.obj", 
    "rot_mat": [
      [
        -0.40030902757597536, 
        0.8655844807925801, 
        -0.3008581707975014
      ], 
      [
        0.453892506423257, 
        -0.09792338474193105, 
        -0.885659632988517
      ], 
      [
        -0.7960743856951833, 
        -0.4910949946283927, 
        -0.3536837329449116
      ]
    ], 
    "trans_mat": [
      -0.05354499605498257, 
      -0.016504547991206504, 
      0.7299428305390386
    ]
  }, 
  {
    "img": "/media/hdd/YCBvideo/YCB_Video_Dataset/YCB_Video_Dataset/data/0045/000003-label.png", 
    "mask": "/media/hdd/YCBvideo/YCB_Video_Dataset/Generated_YCB_Video_Dataset/mask/0045/000003-mask-00.png", 
    "depth_minmax": [
      0.688, 
      0.741
    ], 
    "model": "/media/hdd/YCBvideo/YCB_Video_Dataset/YCB_Video_Dataset/models/009_gelatin_box/textured.obj", 
    "rot_mat": [
      [
        -0.3996929076932104, 
        0.8659384690975377, 
        -0.30065887502929967
      ], 
      [
        0.4534554040175548, 
        -0.09826883041607992, 
        -0.8858456130676525
      ], 
      [
        -0.7966326195861702, 
        -0.49040135121929485, 
        -0.35338763226554526
      ]
    ], 
    "trans_mat": [
      -0.05356083790603039, 
      -0.016248766121263324, 
      0.7299797294543692
    ]
  }, 
  {
    "img": "/media/hdd/YCBvideo/YCB_Video_Dataset/YCB_Video_Dataset/data/0045/000004-label.png", 
    "mask": "/media/hdd/YCBvideo/YCB_Video_Dataset/Generated_YCB_Video_Dataset/mask/0045/000004-mask-00.png", 
    "depth_minmax": [
      0.688, 
      0.741
    ], 
    "model": "/media/hdd/YCBvideo/YCB_Video_Dataset/YCB_Video_Dataset/models/009_gelatin_box/textured.obj", 
    "rot_mat": [
      [
        -0.4002150601553563, 
        0.8655974215272308, 
        -0.3009451802944833
      ], 
      [
        0.4531186361911324, 
        -0.09853239849800594, 
        -0.885988619847834
      ], 
      [
        -0.7965626716082783, 
        -0.49094979722486876, 
        -0.35278428841326487
      ]
    ], 
    "trans_mat": [
      -0.05369564218584268, 
      -0.01675227646899415, 
      0.730000649074962
    ]
  }, 
  {
    "img": "/media/hdd/YCBvideo/YCB_Video_Dataset/YCB_Video_Dataset/data/0045/000005-label.png", 
    "mask": "/media/hdd/YCBvideo/YCB_Video_Dataset/Generated_YCB_Video_Dataset/mask/0045/000005-mask-00.png", 
    "depth_minmax": [
      0.688, 
      0.736
    ], 
    "model": "/media/hdd/YCBvideo/YCB_Video_Dataset/YCB_Video_Dataset/models/009_gelatin_box/textured.obj", 
    "rot_mat": [
      [
        -0.4005231987650887, 
        0.8652457653501684, 
        -0.3015464676536634
      ], 
      [
        0.4533508789196246, 
        -0.09886478762460785, 
        -0.8858323665901259
      ], 
      [
        -0.7962748298094396, 
        -0.4915027803482808, 
        -0.3526630321122349
      ]
    ], 
    "trans_mat": [
      -0.05407260660132602, 
      -0.01729585412722747, 
      0.7300264539574318
    ]
  }, 
  {
    "img": "/media/hdd/YCBvideo/YCB_Video_Dataset/YCB_Video_Dataset/data/0045/000006-label.png", 
    "mask": "/media/hdd/YCBvideo/YCB_Video_Dataset/Generated_YCB_Video_Dataset/mask/0045/000006-mask-00.png", 
    "depth_minmax": [
      0.688, 
      0.736
    ], 
    "model": "/media/hdd/YCBvideo/YCB_Video_Dataset/YCB_Video_Dataset/models/009_gelatin_box/textured.obj", 
    "rot_mat": [
      [
        -0.400312351076337, 
        0.8655938015731501, 
        -0.3008276206826804
      ], 
      [
        0.45338150748344747, 
        -0.09820541676799624, 
        -0.8858897147993091
      ], 
      [
        -0.796363687335142, 
        -0.49102241024371823, 
        -0.3531321821668341
      ]
    ], 
    "trans_mat": [
      -0.05389154699976155, 
      -0.017545938322637285, 
      0.7300450398500582
    ]
  }, 
  {
    "img": "/media/hdd/YCBvideo/YCB_Video_Dataset/YCB_Video_Dataset/data/0045/000007-label.png", 
    "mask": "/media/hdd/YCBvideo/YCB_Video_Dataset/Generated_YCB_Video_Dataset/mask/0045/000007-mask-00.png", 
    "depth_minmax": [
      0.688, 
      0.736
    ], 
    "model": "/media/hdd/YCBvideo/YCB_Video_Dataset/YCB_Video_Dataset/models/009_gelatin_box/textured.obj", 
    "rot_mat": [
      [
        -0.39999994243150366, 
        0.8652138573251151, 
        -0.30233064178203756
      ], 
      [
        0.45388283461773965, 
        -0.09957641848468712, 
        -0.8854799784030531
      ], 
      [
        -0.7962348487135429, 
        -0.4914148988151529, 
        -0.3528762041358306
      ]
    ], 
    "trans_mat": [
      -0.05388780946522791, 
      -0.017397082103774, 
      0.7301507420123542
    ]
  }, 
  {
    "img": "/media/hdd/YCBvideo/YCB_Video_Dataset/YCB_Video_Dataset/data/0045/000008-label.png", 
    "mask": "/media/hdd/YCBvideo/YCB_Video_Dataset/Generated_YCB_Video_Dataset/mask/0045/000008-mask-00.png", 
    "depth_minmax": [
      0.688, 
      0.736
    ], 
    "model": "/media/hdd/YCBvideo/YCB_Video_Dataset/YCB_Video_Dataset/models/009_gelatin_box/textured.obj", 
    "rot_mat": [
      [
        -0.39994283086509685, 
        0.865028100914556, 
        -0.30293810686216277
      ], 
      [
        0.4541057570873261, 
        -0.10008596632570649, 
        -0.8853076054582407
      ], 
      [
        -0.7961369488835961, 
        -0.49163887761850006, 
        -0.3527864467472588
      ]
    ], 
    "trans_mat": [
      -0.05397806661343253, 
      -0.017228076748215256, 
      0.7301843584654266
    ]
  }, 
  {
    "img": "/media/hdd/YCBvideo/YCB_Video_Dataset/YCB_Video_Dataset/data/0045/000009-label.png", 
    "mask": "/media/hdd/YCBvideo/YCB_Video_Dataset/Generated_YCB_Video_Dataset/mask/0045/000009-mask-00.png", 
    "depth_minmax": [
      0.688, 
      0.736
    ], 
    "model": "/media/hdd/YCBvideo/YCB_Video_Dataset/YCB_Video_Dataset/models/009_gelatin_box/textured.obj", 
    "rot_mat": [
      [
        -0.39922810770024814, 
        0.8654211021136721, 
        -0.3027593128926917
      ], 
      [
        0.4548280138812783, 
        -0.09978203059719602, 
        -0.8849717158879721
      ], 
      [
        -0.7960826806896277, 
        -0.4910089017758491, 
        -0.35378302451804
      ]
    ], 
    "trans_mat": [
      -0.054301007272021695, 
      -0.017070727196595498, 
      0.7299597956573061
    ]
  }, 
  {
    "img": "/media/hdd/YCBvideo/YCB_Video_Dataset/YCB_Video_Dataset/data/0045/000010-label.png", 
    "mask": "/media/hdd/YCBvideo/YCB_Video_Dataset/Generated_YCB_Video_Dataset/mask/0045/000010-mask-00.png", 
    "depth_minmax": [
      0.686, 
      0.736
    ], 
    "model": "/media/hdd/YCBvideo/YCB_Video_Dataset/YCB_Video_Dataset/models/009_gelatin_box/textured.obj", 
    "rot_mat": [
      [
        -0.3975028925978196, 
        0.866151051301017, 
        -0.30294170336854676
      ], 
      [
        0.45387330342109594, 
        -0.10133778103074426, 
        -0.8852847028858637
      ], 
      [
        -0.7974899104140628, 
        -0.48940037633858197, 
        -0.3528413222932462
      ]
    ], 
    "trans_mat": [
      -0.0551383319219819, 
      -0.01640677848112256, 
      0.7297466318060678
    ]
  }, 
  {
    "img": "/media/hdd/YCBvideo/YCB_Video_Dataset/YCB_Video_Dataset/data/0045/000011-label.png", 
    "mask": "/media/hdd/YCBvideo/YCB_Video_Dataset/Generated_YCB_Video_Dataset/mask/0045/000011-mask-00.png", 
    "depth_minmax": [
      0.688, 
      0.736
    ], 
    "model": "/media/hdd/YCBvideo/YCB_Video_Dataset/YCB_Video_Dataset/models/009_gelatin_box/textured.obj", 
    "rot_mat": [
      [
        -0.39761646840634407, 
        0.866904374546347, 
        -0.3006288586063373
      ], 
      [
        0.4536085418993049, 
        -0.09908571859450797, 
        -0.8856762033714897
      ], 
      [
        -0.7975845294178182, 
        -0.48852692651868385, 
        -0.35383700341228286
      ]
    ], 
    "trans_mat": [
      -0.05568844084323338, 
      -0.015955572055484757, 
      0.7294106702587211
    ]
  }, 
  {
    "img": "/media/hdd/YCBvideo/YCB_Video_Dataset/YCB_Video_Dataset/data/0045/000012-label.png", 
    "mask": "/media/hdd/YCBvideo/YCB_Video_Dataset/Generated_YCB_Video_Dataset/mask/0045/000012-mask-00.png", 
    "depth_minmax": [
      0.686, 
      0.736
    ], 
    "model": "/media/hdd/YCBvideo/YCB_Video_Dataset/YCB_Video_Dataset/models/009_gelatin_box/textured.obj", 
    "rot_mat": [
      [
        -0.3969503635011587, 
        0.8672815693092742, 
        -0.3004219298124821
      ], 
      [
        0.45424514089112544, 
        -0.09878662919748873, 
        -0.8853828895014868
      ], 
      [
        -0.7975540566088115, 
        -0.48791825199520655, 
        -0.35474543402910413
      ]
    ], 
    "trans_mat": [
      -0.056190925895903424, 
      -0.016222856193812543, 
      0.7291780076165544
    ]
  }, 
  {
    "img": "/media/hdd/YCBvideo/YCB_Video_Dataset/YCB_Video_Dataset/data/0045/000013-label.png", 
    "mask": "/media/hdd/YCBvideo/YCB_Video_Dataset/Generated_YCB_Video_Dataset/mask/0045/000013-mask-00.png", 
    "depth_minmax": [
      0.686, 
      0.736
    ], 
    "model": "/media/hdd/YCBvideo/YCB_Video_Dataset/YCB_Video_Dataset/models/009_gelatin_box/textured.obj", 
    "rot_mat": [
      [
        -0.3948138519108168, 
        0.8676657201918454, 
        -0.30212198598718254
      ], 
      [
        0.4563170107131002, 
        -0.10022599896573586, 
        -0.8841550701818568
      ], 
      [
        -0.7974314452621675, 
        -0.4869399248614601, 
        -0.3563605352447548
      ]
    ], 
    "trans_mat": [
      -0.05678897558513469, 
      -0.015598089554835064, 
      0.7289570601451597
    ]
  }, 
  {
    "img": "/media/hdd/YCBvideo/YCB_Video_Dataset/YCB_Video_Dataset/data/0045/000014-label.png", 
    "mask": "/media/hdd/YCBvideo/YCB_Video_Dataset/Generated_YCB_Video_Dataset/mask/0045/000014-mask-00.png", 
    "depth_minmax": [
      0.685, 
      0.736
    ], 
    "model": "/media/hdd/YCBvideo/YCB_Video_Dataset/YCB_Video_Dataset/models/009_gelatin_box/textured.obj", 
    "rot_mat": [
      [
        -0.39483251479359605, 
        0.8675977502768042, 
        -0.3022912344392813
      ], 
      [
        0.45629065737856755, 
        -0.10040619354550796, 
        -0.884148231697646
      ], 
      [
        -0.7974368143690719, 
        -0.4870230660465008, 
        -0.3562336675979213
      ]
    ], 
    "trans_mat": [
      -0.05655265056525269, 
      -0.015471015189201114, 
      0.7291634389385857
    ]
  }, 
  {
    "img": "/media/hdd/YCBvideo/YCB_Video_Dataset/YCB_Video_Dataset/data/0045/000015-label.png", 
    "mask": "/media/hdd/YCBvideo/YCB_Video_Dataset/Generated_YCB_Video_Dataset/mask/0045/000015-mask-00.png", 
    "depth_minmax": [
      0.686, 
      0.74
    ], 
    "model": "/media/hdd/YCBvideo/YCB_Video_Dataset/YCB_Video_Dataset/models/009_gelatin_box/textured.obj", 
    "rot_mat": [
      [
        -0.3954311089484299, 
        0.8672166453936735, 
        -0.30260230975028957
      ], 
      [
        0.45686728043958275, 
        -0.10009756135221269, 
        -0.8838849323584163
      ], 
      [
        -0.7968100033550272, 
        -0.48776468279000434, 
        -0.3566212240324375
      ]
    ], 
    "trans_mat": [
      -0.05625765899785496, 
      -0.01530099613517888, 
      0.7294476369949605
    ]
  }, 
  {
    "img": "/media/hdd/YCBvideo/YCB_Video_Dataset/YCB_Video_Dataset/data/0045/000016-label.png", 
    "mask": "/media/hdd/YCBvideo/YCB_Video_Dataset/Generated_YCB_Video_Dataset/mask/0045/000016-mask-00.png", 
    "depth_minmax": [
      0.688, 
      0.741
    ], 
    "model": "/media/hdd/YCBvideo/YCB_Video_Dataset/YCB_Video_Dataset/models/009_gelatin_box/textured.obj", 
    "rot_mat": [
      [
        -0.39569313859345623, 
        0.8670810415403952, 
        -0.30265065766655275
      ], 
      [
        0.4569472670582766, 
        -0.09997819323953704, 
        -0.8838570066754
      ], 
      [
        -0.7966343545068975, 
        -0.48803156488016314, 
        -0.35664979755442994
      ]
    ], 
    "trans_mat": [
      -0.055966167728177564, 
      -0.014318799541975322, 
      0.7297434759634759
    ]
  }, 
  {
    "img": "/media/hdd/YCBvideo/YCB_Video_Dataset/YCB_Video_Dataset/data/0045/000017-label.png", 
    "mask": "/media/hdd/YCBvideo/YCB_Video_Dataset/Generated_YCB_Video_Dataset/mask/0045/000017-mask-00.png", 
    "depth_minmax": [
      0.688, 
      0.741
    ], 
    "model": "/media/hdd/YCBvideo/YCB_Video_Dataset/YCB_Video_Dataset/models/009_gelatin_box/textured.obj", 
    "rot_mat": [
      [
        -0.3953917750555263, 
        0.8671445073787207, 
        -0.3028617074607985
      ], 
      [
        0.4580049191554339, 
        -0.09968323236137824, 
        -0.883343185853852
      ], 
      [
        -0.7961760876341966, 
        -0.48797856886417146, 
        -0.3577430304647753
      ]
    ], 
    "trans_mat": [
      -0.05551429315087277, 
      -0.013876314283657633, 
      0.7299170255490686
    ]
  }, 
  {
    "img": "/media/hdd/YCBvideo/YCB_Video_Dataset/YCB_Video_Dataset/data/0045/000018-label.png", 
    "mask": "/media/hdd/YCBvideo/YCB_Video_Dataset/Generated_YCB_Video_Dataset/mask/0045/000018-mask-00.png", 
    "depth_minmax": [
      0.688, 
      0.741
    ], 
    "model": "/media/hdd/YCBvideo/YCB_Video_Dataset/YCB_Video_Dataset/models/009_gelatin_box/textured.obj", 
    "rot_mat": [
      [
        -0.394864373208886, 
        0.8670970468281064, 
        -0.30368577370052313
      ], 
      [
        0.45718915590220655, 
        -0.10126331260624995, 
        -0.883586344579292
      ], 
      [
        -0.7969066443713938, 
        -0.48773789663806555, 
        -0.3564418105057602
      ]
    ], 
    "trans_mat": [
      -0.05508050038062959, 
      -0.013616597707466491, 
      0.7301397787031275
    ]
  }, 
  {
    "img": "/media/hdd/YCBvideo/YCB_Video_Dataset/YCB_Video_Dataset/data/0045/000019-label.png", 
    "mask": "/media/hdd/YCBvideo/YCB_Video_Dataset/Generated_YCB_Video_Dataset/mask/0045/000019-mask-00.png", 
    "depth_minmax": [
      0.688, 
      0.741
    ], 
    "model": "/media/hdd/YCBvideo/YCB_Video_Dataset/YCB_Video_Dataset/models/009_gelatin_box/textured.obj", 
    "rot_mat": [
      [
        -0.395043594424444, 
        0.8672307668643616, 
        -0.3030694629161933
      ], 
      [
        0.45693458127623726, 
        -0.10070908561094788, 
        -0.8837805820958718
      ], 
      [
        -0.7969642338858737, 
        -0.4876147614378626, 
        -0.3564831763398392
      ]
    ], 
    "trans_mat": [
      -0.055148248000205, 
      -0.013828652316362334, 
      0.730219589483531
    ]
  }, 
  {
    "img": "/media/hdd/YCBvideo/YCB_Video_Dataset/YCB_Video_Dataset/data/0045/000020-label.png", 
    "mask": "/media/hdd/YCBvideo/YCB_Video_Dataset/Generated_YCB_Video_Dataset/mask/0045/000020-mask-00.png", 
    "depth_minmax": [
      0.688, 
      0.741
    ], 
    "model": "/media/hdd/YCBvideo/YCB_Video_Dataset/YCB_Video_Dataset/models/009_gelatin_box/textured.obj", 
    "rot_mat": [
      [
        -0.3949428731530002, 
        0.8669857432310033, 
        -0.3038984251634595
      ], 
      [
        0.4581847405387712, 
        -0.10083454160377517, 
        -0.883119458377525
      ], 
      [
        -0.7962955041999836, 
        -0.48802355768807787, 
        -0.35741674194387835
      ]
    ], 
    "trans_mat": [
      -0.05523185659633639, 
      -0.01414245589316788, 
      0.7301901214904518
    ]
  }, 
  {
    "img": "/media/hdd/YCBvideo/YCB_Video_Dataset/YCB_Video_Dataset/data/0045/000021-label.png", 
    "mask": "/media/hdd/YCBvideo/YCB_Video_Dataset/Generated_YCB_Video_Dataset/mask/0045/000021-mask-00.png", 
    "depth_minmax": [
      0.688, 
      0.741
    ], 
    "model": "/media/hdd/YCBvideo/YCB_Video_Dataset/YCB_Video_Dataset/models/009_gelatin_box/textured.obj", 
    "rot_mat": [
      [
        -0.39573679439815307, 
        0.8669088010473337, 
        -0.3030845184323574
      ], 
      [
        0.45598771460175797, 
        -0.10098839762942138, 
        -0.8842375492284149
      ], 
      [
        -0.7971617919753713, 
        -0.4881284884496058, 
        -0.35533581137092884
      ]
    ], 
    "trans_mat": [
      -0.05536673223157095, 
      -0.014253217399978816, 
      0.7303348379054637
    ]
  }, 
  {
    "img": "/media/hdd/YCBvideo/YCB_Video_Dataset/YCB_Video_Dataset/data/0045/000022-label.png", 
    "mask": "/media/hdd/YCBvideo/YCB_Video_Dataset/Generated_YCB_Video_Dataset/mask/0045/000022-mask-00.png", 
    "depth_minmax": [
      0.688, 
      0.737
    ], 
    "model": "/media/hdd/YCBvideo/YCB_Video_Dataset/YCB_Video_Dataset/models/009_gelatin_box/textured.obj", 
    "rot_mat": [
      [
        -0.39536020307918446, 
        0.8662977136769469, 
        -0.30531540567587506
      ], 
      [
        0.45567539925551503, 
        -0.10362688387975837, 
        -0.8840935059419456
      ], 
      [
        -0.7975277585825407, 
        -0.48866019853648796, 
        -0.3537805485670199
      ]
    ], 
    "trans_mat": [
      -0.05595069521474809, 
      -0.014982795204670772, 
      0.7303885699425802
    ]
  }, 
  {
    "img": "/media/hdd/YCBvideo/YCB_Video_Dataset/YCB_Video_Dataset/data/0045/000023-label.png", 
    "mask": "/media/hdd/YCBvideo/YCB_Video_Dataset/Generated_YCB_Video_Dataset/mask/0045/000023-mask-00.png", 
    "depth_minmax": [
      0.688, 
      0.741
    ], 
    "model": "/media/hdd/YCBvideo/YCB_Video_Dataset/YCB_Video_Dataset/models/009_gelatin_box/textured.obj", 
    "rot_mat": [
      [
        -0.3950545400688934, 
        0.8670206827207754, 
        -0.3036544712544399
      ], 
      [
        0.4554847300572396, 
        -0.10218743304113868, 
        -0.8843595445077486
      ], 
      [
        -0.7977879963749647, 
        -0.48768025959142897, 
        -0.35454577763393297
      ]
    ], 
    "trans_mat": [
      -0.05654072282670121, 
      -0.015918346993663738, 
      0.7300664456348348
    ]
  }, 
  {
    "img": "/media/hdd/YCBvideo/YCB_Video_Dataset/YCB_Video_Dataset/data/0045/000024-label.png", 
    "mask": "/media/hdd/YCBvideo/YCB_Video_Dataset/Generated_YCB_Video_Dataset/mask/0045/000024-mask-00.png", 
    "depth_minmax": [
      0.688, 
      0.736
    ], 
    "model": "/media/hdd/YCBvideo/YCB_Video_Dataset/YCB_Video_Dataset/models/009_gelatin_box/textured.obj", 
    "rot_mat": [
      [
        -0.39545179060741836, 
        0.866855999338473, 
        -0.3036082651375782
      ], 
      [
        0.45518013560353626, 
        -0.10214644075666761, 
        -0.8845207458664578
      ], 
      [
        -0.797765088951007, 
        -0.4879817880486952, 
        -0.3541816466741654
      ]
    ], 
    "trans_mat": [
      -0.057414880460111006, 
      -0.01592210691519419, 
      0.729699958805466
    ]
  }, 
  {
    "img": "/media/hdd/YCBvideo/YCB_Video_Dataset/YCB_Video_Dataset/data/0045/000025-label.png", 
    "mask": "/media/hdd/YCBvideo/YCB_Video_Dataset/Generated_YCB_Video_Dataset/mask/0045/000025-mask-00.png", 
    "depth_minmax": [
      0.686, 
      0.735
    ], 
    "model": "/media/hdd/YCBvideo/YCB_Video_Dataset/YCB_Video_Dataset/models/009_gelatin_box/textured.obj", 
    "rot_mat": [
      [
        -0.3940475969457276, 
        0.8683176635796304, 
        -0.3012463967296193
      ], 
      [
        0.454537854395127, 
        -0.10076545471663644, 
        -0.8850089263882355
      ], 
      [
        -0.7988251676220586, 
        -0.48566401082952326, 
        -0.3549775110143732
      ]
    ], 
    "trans_mat": [
      -0.05811067100084919, 
      -0.015635076006803653, 
      0.729298295776251
    ]
  }, 
  {
    "img": "/media/hdd/YCBvideo/YCB_Video_Dataset/YCB_Video_Dataset/data/0045/000026-label.png", 
    "mask": "/media/hdd/YCBvideo/YCB_Video_Dataset/Generated_YCB_Video_Dataset/mask/0045/000026-mask-00.png", 
    "depth_minmax": [
      0.686, 
      0.736
    ], 
    "model": "/media/hdd/YCBvideo/YCB_Video_Dataset/YCB_Video_Dataset/models/009_gelatin_box/textured.obj", 
    "rot_mat": [
      [
        -0.3939884402111298, 
        0.8685798467899488, 
        -0.3005697585516563
      ], 
      [
        0.45438910178533726, 
        -0.10019297905203493, 
        -0.88515063955299
      ], 
      [
        -0.7989388407510687, 
        -0.48531439513202057, 
        -0.35519831873467556
      ]
    ], 
    "trans_mat": [
      -0.058597115382655156, 
      -0.015101479631755475, 
      0.7289421780231148
    ]
  }, 
  {
    "img": "/media/hdd/YCBvideo/YCB_Video_Dataset/YCB_Video_Dataset/data/0045/000027-label.png", 
    "mask": "/media/hdd/YCBvideo/YCB_Video_Dataset/Generated_YCB_Video_Dataset/mask/0045/000027-mask-00.png", 
    "depth_minmax": [
      0.686, 
      0.735
    ], 
    "model": "/media/hdd/YCBvideo/YCB_Video_Dataset/YCB_Video_Dataset/models/009_gelatin_box/textured.obj", 
    "rot_mat": [
      [
        -0.3939488613605904, 
        0.8681787432815387, 
        -0.30177682318979765
      ], 
      [
        0.4554317256178993, 
        -0.10080725395658732, 
        -0.8845452520231667
      ], 
      [
        -0.798365074180715, 
        -0.48590437237027745, 
        -0.3556838614395427
      ]
    ], 
    "trans_mat": [
      -0.05879687872132742, 
      -0.014611210413660024, 
      0.7287246463845735
    ]
  }, 
  {
    "img": "/media/hdd/YCBvideo/YCB_Video_Dataset/YCB_Video_Dataset/data/0045/000028-label.png", 
    "mask": "/media/hdd/YCBvideo/YCB_Video_Dataset/Generated_YCB_Video_Dataset/mask/0045/000028-mask-00.png", 
    "depth_minmax": [
      0.686, 
      0.735
    ], 
    "model": "/media/hdd/YCBvideo/YCB_Video_Dataset/YCB_Video_Dataset/models/009_gelatin_box/textured.obj", 
    "rot_mat": [
      [
        -0.3942195966262205, 
        0.8684072936201983, 
        -0.3007628040503338
      ], 
      [
        0.45482739162051616, 
        -0.100018982093455, 
        -0.8849457408443134
      ], 
      [
        -0.7985753939177332, 
        -0.4856580536173591, 
        -0.35554662829764516
      ]
    ], 
    "trans_mat": [
      -0.05869571007679891, 
      -0.01454514000017573, 
      0.7287848153378349
    ]
  }, 
  {
    "img": "/media/hdd/YCBvideo/YCB_Video_Dataset/YCB_Video_Dataset/data/0045/000029-label.png", 
    "mask": "/media/hdd/YCBvideo/YCB_Video_Dataset/Generated_YCB_Video_Dataset/mask/0045/000029-mask-00.png", 
    "depth_minmax": [
      0.686, 
      0.735
    ], 
    "model": "/media/hdd/YCBvideo/YCB_Video_Dataset/YCB_Video_Dataset/models/009_gelatin_box/textured.obj", 
    "rot_mat": [
      [
        -0.3938982520825555, 
        0.8681829210575212, 
        -0.301829429971665
      ], 
      [
        0.45524980761064654, 
        -0.10099457337671719, 
        -0.8846173638479595
      ], 
      [
        -0.7984929953713467, 
        -0.4858571953578436, 
        -0.355459328245205
      ]
    ], 
    "trans_mat": [
      -0.05865042862950548, 
      -0.014419979681469486, 
      0.7290820764336381
    ]
  }, 
  {
    "img": "/media/hdd/YCBvideo/YCB_Video_Dataset/YCB_Video_Dataset/data/0045/000030-label.png", 
    "mask": "/media/hdd/YCBvideo/YCB_Video_Dataset/Generated_YCB_Video_Dataset/mask/0045/000030-mask-00.png", 
    "depth_minmax": [
      0.686, 
      0.741
    ], 
    "model": "/media/hdd/YCBvideo/YCB_Video_Dataset/YCB_Video_Dataset/models/009_gelatin_box/textured.obj", 
    "rot_mat": [
      [
        -0.3940199029838699, 
        0.8679439929338347, 
        -0.30236003322538946
      ], 
      [
        0.4555901708082415, 
        -0.10127249439307298, 
        -0.8844102683854497
      ], 
      [
        -0.7982399570582094, 
        -0.48622746645312104, 
        -0.3555231682486991
      ]
    ], 
    "trans_mat": [
      -0.05846327603787927, 
      -0.013972223826278633, 
      0.7295017366745338
    ]
  }, 
  {
    "img": "/media/hdd/YCBvideo/YCB_Video_Dataset/YCB_Video_Dataset/data/0045/000031-label.png", 
    "mask": "/media/hdd/YCBvideo/YCB_Video_Dataset/Generated_YCB_Video_Dataset/mask/0045/000031-mask-00.png", 
    "depth_minmax": [
      0.689, 
      0.741
    ], 
    "model": "/media/hdd/YCBvideo/YCB_Video_Dataset/YCB_Video_Dataset/models/009_gelatin_box/textured.obj", 
    "rot_mat": [
      [
        -0.39402980875196286, 
        0.8674999405512047, 
        -0.30361872771795445
      ], 
      [
        0.45643326913484783, 
        -0.10203643379610346, 
        -0.8838874230237331
      ], 
      [
        -0.7977532852966768, 
        -0.48685994894495366, 
        -0.35575057869474835
      ]
    ], 
    "trans_mat": [
      -0.057891799213132554, 
      -0.013828574222908592, 
      0.7300641898204048
    ]
  }, 
  {
    "img": "/media/hdd/YCBvideo/YCB_Video_Dataset/YCB_Video_Dataset/data/0045/000032-label.png", 
    "mask": "/media/hdd/YCBvideo/YCB_Video_Dataset/Generated_YCB_Video_Dataset/mask/0045/000032-mask-00.png", 
    "depth_minmax": [
      0.69, 
      0.741
    ], 
    "model": "/media/hdd/YCBvideo/YCB_Video_Dataset/YCB_Video_Dataset/models/009_gelatin_box/textured.obj", 
    "rot_mat": [
      [
        -0.39403896992381915, 
        0.8679557825090282, 
        -0.30229912450265206
      ], 
      [
        0.4554437673467151, 
        -0.10129142861662162, 
        -0.8844840231041857
      ], 
      [
        -0.7983132315843798, 
        -0.48620157777136663, 
        -0.3553932479297539
      ]
    ], 
    "trans_mat": [
      -0.05751078399179392, 
      -0.013714083638395186, 
      0.7307806244949002
    ]
  }, 
  {
    "img": "/media/hdd/YCBvideo/YCB_Video_Dataset/YCB_Video_Dataset/data/0045/000033-label.png", 
    "mask": "/media/hdd/YCBvideo/YCB_Video_Dataset/Generated_YCB_Video_Dataset/mask/0045/000033-mask-00.png", 
    "depth_minmax": [
      0.689, 
      0.742
    ], 
    "model": "/media/hdd/YCBvideo/YCB_Video_Dataset/YCB_Video_Dataset/models/009_gelatin_box/textured.obj", 
    "rot_mat": [
      [
        -0.39673314020548245, 
        0.8670436772845295, 
        -0.301391595685112
      ], 
      [
        0.45492578752284907, 
        -0.09945864230913587, 
        -0.8849579866469005
      ], 
      [
        -0.7972737285522491, 
        -0.48820316189125623, 
        -0.35498251153930677
      ]
    ], 
    "trans_mat": [
      -0.056852076117534005, 
      -0.01286533245110579, 
      0.7313634767282098
    ]
  }, 
  {
    "img": "/media/hdd/YCBvideo/YCB_Video_Dataset/YCB_Video_Dataset/data/0045/000034-label.png", 
    "mask": "/media/hdd/YCBvideo/YCB_Video_Dataset/Generated_YCB_Video_Dataset/mask/0045/000034-mask-00.png", 
    "depth_minmax": [
      0.69, 
      0.738
    ], 
    "model": "/media/hdd/YCBvideo/YCB_Video_Dataset/YCB_Video_Dataset/models/009_gelatin_box/textured.obj", 
    "rot_mat": [
      [
        -0.3957482494790448, 
        0.8666844139864686, 
        -0.3037113444850736
      ], 
      [
        0.454524983335917, 
        -0.1025184315554438, 
        -0.884814886391743
      ], 
      [
        -0.7979918397667194, 
        -0.48820861418873707, 
        -0.35335903294379334
      ]
    ], 
    "trans_mat": [
      -0.0566166699887208, 
      -0.011817157268792504, 
      0.7320479254982425
    ]
  }, 
  {
    "img": "/media/hdd/YCBvideo/YCB_Video_Dataset/YCB_Video_Dataset/data/0045/000035-label.png", 
    "mask": "/media/hdd/YCBvideo/YCB_Video_Dataset/Generated_YCB_Video_Dataset/mask/0045/000035-mask-00.png", 
    "depth_minmax": [
      0.69, 
      0.738
    ], 
    "model": "/media/hdd/YCBvideo/YCB_Video_Dataset/YCB_Video_Dataset/models/009_gelatin_box/textured.obj", 
    "rot_mat": [
      [
        -0.3952136249125706, 
        0.8671452569502974, 
        -0.30309168220113175
      ], 
      [
        0.4535928414103519, 
        -0.10269656154685067, 
        -0.8852723695524543
      ], 
      [
        -0.7987866767225942, 
        -0.4873521567598045, 
        -0.3527444414999051
      ]
    ], 
    "trans_mat": [
      -0.05639309117692675, 
      -0.010915777246595109, 
      0.7324848481904279
    ]
  }, 
  {
    "img": "/media/hdd/YCBvideo/YCB_Video_Dataset/YCB_Video_Dataset/data/0045/000036-label.png", 
    "mask": "/media/hdd/YCBvideo/YCB_Video_Dataset/Generated_YCB_Video_Dataset/mask/0045/000036-mask-00.png", 
    "depth_minmax": [
      0.69, 
      0.738
    ], 
    "model": "/media/hdd/YCBvideo/YCB_Video_Dataset/YCB_Video_Dataset/models/009_gelatin_box/textured.obj", 
    "rot_mat": [
      [
        -0.39505131235733204, 
        0.8666154429417219, 
        -0.3048137688977833
      ], 
      [
        0.4545225466850409, 
        -0.10395988233564295, 
        -0.8846477173621083
      ], 
      [
        -0.7983383181891391, 
        -0.48802614646594283, 
        -0.3528273424609011
      ]
    ], 
    "trans_mat": [
      -0.05663073306140567, 
      -0.010543519979844816, 
      0.7327214662316341
    ]
  }, 
  {
    "img": "/media/hdd/YCBvideo/YCB_Video_Dataset/YCB_Video_Dataset/data/0045/000037-label.png", 
    "mask": "/media/hdd/YCBvideo/YCB_Video_Dataset/Generated_YCB_Video_Dataset/mask/0045/000037-mask-00.png", 
    "depth_minmax": [
      0.69, 
      0.738
    ], 
    "model": "/media/hdd/YCBvideo/YCB_Video_Dataset/YCB_Video_Dataset/models/009_gelatin_box/textured.obj", 
    "rot_mat": [
      [
        -0.3939982370168048, 
        0.8667817552707346, 
        -0.3057039830046092
      ], 
      [
        0.45714072848227444, 
        -0.10374338562620718, 
        -0.8833229641878945
      ], 
      [
        -0.7973635356040527, 
        -0.4877774207670718, 
        -0.3553666415343401
      ]
    ], 
    "trans_mat": [
      -0.0568032356707749, 
      -0.010776233458620355, 
      0.7325499387524488
    ]
  }, 
  {
    "img": "/media/hdd/YCBvideo/YCB_Video_Dataset/YCB_Video_Dataset/data/0045/000038-label.png", 
    "mask": "/media/hdd/YCBvideo/YCB_Video_Dataset/Generated_YCB_Video_Dataset/mask/0045/000038-mask-00.png", 
    "depth_minmax": [
      0.69, 
      0.738
    ], 
    "model": "/media/hdd/YCBvideo/YCB_Video_Dataset/YCB_Video_Dataset/models/009_gelatin_box/textured.obj", 
    "rot_mat": [
      [
        -0.3943240036137721, 
        0.8664483224000428, 
        -0.30622839405564345
      ], 
      [
        0.45612098456972, 
        -0.10475459834730015, 
        -0.8837314466304036
      ], 
      [
        -0.79778580715243, 
        -0.4881532983048359, 
        -0.35389839590210825
      ]
    ], 
    "trans_mat": [
      -0.05768219996089597, 
      -0.010147518661706104, 
      0.7324615254674713
    ]
  }, 
  {
    "img": "/media/hdd/YCBvideo/YCB_Video_Dataset/YCB_Video_Dataset/data/0045/000039-label.png", 
    "mask": "/media/hdd/YCBvideo/YCB_Video_Dataset/Generated_YCB_Video_Dataset/mask/0045/000039-mask-00.png", 
    "depth_minmax": [
      0.69, 
      0.742
    ], 
    "model": "/media/hdd/YCBvideo/YCB_Video_Dataset/YCB_Video_Dataset/models/009_gelatin_box/textured.obj", 
    "rot_mat": [
      [
        -0.3929418007337973, 
        0.8671537756984833, 
        -0.306008532428292
      ], 
      [
        0.4564887607169039, 
        -0.10493123686672025, 
        -0.8835204990935083
      ], 
      [
        -0.7982576371552812, 
        -0.4868609943227572, 
        -0.35461386759075025
      ]
    ], 
    "trans_mat": [
      -0.058711893898370046, 
      -0.009172587343184857, 
      0.7321284319339142
    ]
  }, 
  {
    "img": "/media/hdd/YCBvideo/YCB_Video_Dataset/YCB_Video_Dataset/data/0045/000040-label.png", 
    "mask": "/media/hdd/YCBvideo/YCB_Video_Dataset/Generated_YCB_Video_Dataset/mask/0045/000040-mask-00.png", 
    "depth_minmax": [
      0.69, 
      0.738
    ], 
    "model": "/media/hdd/YCBvideo/YCB_Video_Dataset/YCB_Video_Dataset/models/009_gelatin_box/textured.obj", 
    "rot_mat": [
      [
        -0.3929273048491849, 
        0.8674151549469215, 
        -0.3052847488300206
      ], 
      [
        0.4553877671812726, 
        -0.10487093003574201, 
        -0.884095053463904
      ], 
      [
        -0.7988929524871398, 
        -0.4864079321638352, 
        -0.3538040288428248
      ]
    ], 
    "trans_mat": [
      -0.05917873744247865, 
      -0.008143873397873615, 
      0.7319899215925381
    ]
  }, 
  {
    "img": "/media/hdd/YCBvideo/YCB_Video_Dataset/YCB_Video_Dataset/data/0045/000041-label.png", 
    "mask": "/media/hdd/YCBvideo/YCB_Video_Dataset/Generated_YCB_Video_Dataset/mask/0045/000041-mask-00.png", 
    "depth_minmax": [
      0.69, 
      0.738
    ], 
    "model": "/media/hdd/YCBvideo/YCB_Video_Dataset/YCB_Video_Dataset/models/009_gelatin_box/textured.obj", 
    "rot_mat": [
      [
        -0.39298234753166755, 
        0.8675433804540998, 
        -0.30484848299781375
      ], 
      [
        0.45948040967005044, 
        -0.10190501121371097, 
        -0.8823221777585627
      ], 
      [
        -0.7965189713686033, 
        -0.48680930607424716, 
        -0.3585731741689427
      ]
    ], 
    "trans_mat": [
      -0.059579202939661006, 
      -0.00702586632412092, 
      0.7314480585658427
    ]
  }, 
  {
    "img": "/media/hdd/YCBvideo/YCB_Video_Dataset/YCB_Video_Dataset/data/0045/000042-label.png", 
    "mask": "/media/hdd/YCBvideo/YCB_Video_Dataset/Generated_YCB_Video_Dataset/mask/0045/000042-mask-00.png", 
    "depth_minmax": [
      0.69, 
      0.738
    ], 
    "model": "/media/hdd/YCBvideo/YCB_Video_Dataset/YCB_Video_Dataset/models/009_gelatin_box/textured.obj", 
    "rot_mat": [
      [
        -0.3919615937808611, 
        0.8675901804646197, 
        -0.3060272873226266
      ], 
      [
        0.4592765263562391, 
        -0.10369540184084149, 
        -0.8822204089133641
      ], 
      [
        -0.7971393121264806, 
        -0.4863476546070757, 
        -0.35782003878667346
      ]
    ], 
    "trans_mat": [
      -0.06046123876818708, 
      -0.005910947679836285, 
      0.7312395723200361
    ]
  }, 
  {
    "img": "/media/hdd/YCBvideo/YCB_Video_Dataset/YCB_Video_Dataset/data/0045/000043-label.png", 
    "mask": "/media/hdd/YCBvideo/YCB_Video_Dataset/Generated_YCB_Video_Dataset/mask/0045/000043-mask-00.png", 
    "depth_minmax": [
      0.69, 
      0.742
    ], 
    "model": "/media/hdd/YCBvideo/YCB_Video_Dataset/YCB_Video_Dataset/models/009_gelatin_box/textured.obj", 
    "rot_mat": [
      [
        -0.39165566784179023, 
        0.8670625915626374, 
        -0.30790833265683726
      ], 
      [
        0.4613312804265201, 
        -0.10449176038663538, 
        -0.8810535383764169
      ], 
      [
        -0.7961031082051562, 
        -0.487117505493623, 
        -0.35907856414798367
      ]
    ], 
    "trans_mat": [
      -0.060742626278943536, 
      -0.005422740822276939, 
      0.7310811693258229
    ]
  }, 
  {
    "img": "/media/hdd/YCBvideo/YCB_Video_Dataset/YCB_Video_Dataset/data/0045/000044-label.png", 
    "mask": "/media/hdd/YCBvideo/YCB_Video_Dataset/Generated_YCB_Video_Dataset/mask/0045/000044-mask-00.png", 
    "depth_minmax": [
      0.69, 
      0.738
    ], 
    "model": "/media/hdd/YCBvideo/YCB_Video_Dataset/YCB_Video_Dataset/models/009_gelatin_box/textured.obj", 
    "rot_mat": [
      [
        -0.39028746171747963, 
        0.8672834389971049, 
        -0.3090208009710275
      ], 
      [
        0.46273772882149755, 
        -0.10538915708003502, 
        -0.8802086156074578
      ], 
      [
        -0.7959582881396232, 
        -0.48653004218713813, 
        -0.3601931855431197
      ]
    ], 
    "trans_mat": [
      -0.061609466744696695, 
      -0.005181632348133753, 
      0.7308591901016012
    ]
  }, 
  {
    "img": "/media/hdd/YCBvideo/YCB_Video_Dataset/YCB_Video_Dataset/data/0045/000045-label.png", 
    "mask": "/media/hdd/YCBvideo/YCB_Video_Dataset/Generated_YCB_Video_Dataset/mask/0045/000045-mask-00.png", 
    "depth_minmax": [
      0.69, 
      0.738
    ], 
    "model": "/media/hdd/YCBvideo/YCB_Video_Dataset/YCB_Video_Dataset/models/009_gelatin_box/textured.obj", 
    "rot_mat": [
      [
        -0.3880863335543019, 
        0.86813235993505, 
        -0.30940890629195295
      ], 
      [
        0.46368489870626933, 
        -0.10621609355895145, 
        -0.879610163074145
      ], 
      [
        -0.7964830108814095, 
        -0.48483310997418894, 
        -0.36131916014541704
      ]
    ], 
    "trans_mat": [
      -0.06228205967994015, 
      -0.004968079518027069, 
      0.7305367370866593
    ]
  }, 
  {
    "img": "/media/hdd/YCBvideo/YCB_Video_Dataset/YCB_Video_Dataset/data/0045/000046-label.png", 
    "mask": "/media/hdd/YCBvideo/YCB_Video_Dataset/Generated_YCB_Video_Dataset/mask/0045/000046-mask-00.png", 
    "depth_minmax": [
      0.69, 
      0.742
    ], 
    "model": "/media/hdd/YCBvideo/YCB_Video_Dataset/YCB_Video_Dataset/models/009_gelatin_box/textured.obj", 
    "rot_mat": [
      [
        -0.38879818612425593, 
        0.8676047233592453, 
        -0.30999711362965154
      ], 
      [
        0.4641624246648419, 
        -0.10619357587334045, 
        -0.879361025971387
      ], 
      [
        -0.7958581115002208, 
        -0.48578316461767196, 
        -0.3614219765322927
      ]
    ], 
    "trans_mat": [
      -0.0630520990745822, 
      -0.0045652301024270096, 
      0.7304352598610487
    ]
  }, 
  {
    "img": "/media/hdd/YCBvideo/YCB_Video_Dataset/YCB_Video_Dataset/data/0045/000047-label.png", 
    "mask": "/media/hdd/YCBvideo/YCB_Video_Dataset/Generated_YCB_Video_Dataset/mask/0045/000047-mask-00.png", 
    "depth_minmax": [
      0.69, 
      0.734
    ], 
    "model": "/media/hdd/YCBvideo/YCB_Video_Dataset/YCB_Video_Dataset/models/009_gelatin_box/textured.obj", 
    "rot_mat": [
      [
        -0.38843782839383384, 
        0.8684342097893231, 
        -0.3081205865230865
      ], 
      [
        0.46507293800281396, 
        -0.10390393471986088, 
        -0.8791539575223208
      ], 
      [
        -0.7955019021521168, 
        -0.4847949668958028, 
        -0.36352543017060285
      ]
    ], 
    "trans_mat": [
      -0.06386149972663932, 
      -0.0035755979250740714, 
      0.730008133649079
    ]
  }, 
  {
    "img": "/media/hdd/YCBvideo/YCB_Video_Dataset/YCB_Video_Dataset/data/0045/000048-label.png", 
    "mask": "/media/hdd/YCBvideo/YCB_Video_Dataset/Generated_YCB_Video_Dataset/mask/0045/000048-mask-00.png", 
    "depth_minmax": [
      0.688, 
      0.737
    ], 
    "model": "/media/hdd/YCBvideo/YCB_Video_Dataset/YCB_Video_Dataset/models/009_gelatin_box/textured.obj", 
    "rot_mat": [
      [
        -0.38800731392907384, 
        0.8685173831117688, 
        -0.3084278752148428
      ], 
      [
        0.4655313933234574, 
        -0.10413486595224045, 
        -0.8788839684662343
      ], 
      [
        -0.7954439678325165, 
        -0.48459620405994536, 
        -0.3639175422324286
      ]
    ], 
    "trans_mat": [
      -0.06436721550432027, 
      -0.002782764968179806, 
