[
  {
    "img": "/media/hdd/YCBvideo/YCB_Video_Dataset/YCB_Video_Dataset/data/0046/000001-label.png", 
    "mask": "/media/hdd/YCBvideo/YCB_Video_Dataset/Generated_YCB_Video_Dataset/mask/0046/000001-mask-00.png", 
    "depth_minmax": [
      0.787, 
      0.874
    ], 
    "model": "/media/hdd/YCBvideo/YCB_Video_Dataset/YCB_Video_Dataset/models/040_large_marker/textured.obj", 
    "rot_mat": [
      [
        0.5330258641182064, 
        -0.8104731561894318, 
        -0.2429346390894367
      ], 
      [
        -0.7284480131218974, 
        -0.2935285876629678, 
        -0.6190349581292558
      ], 
      [
        0.4304014624023286, 
        0.5069265619473482, 
        -0.7468467605568018
      ]
    ], 
    "trans_mat": [
      0.1270060942346808, 
      0.004299247248088427, 
      0.825345932761748
    ]
  }, 
  {
    "img": "/media/hdd/YCBvideo/YCB_Video_Dataset/YCB_Video_Dataset/data/0046/000001-label.png", 
    "mask": "/media/hdd/YCBvideo/YCB_Video_Dataset/Generated_YCB_Video_Dataset/mask/0046/000001-mask-01.png", 
    "depth_minmax": [
      0.583, 
      0.642
    ], 
    "model": "/media/hdd/YCBvideo/YCB_Video_Dataset/YCB_Video_Dataset/models/061_foam_brick/textured.obj", 
    "rot_mat": [
      [
        -0.4996038660260565, 
        0.8654143554370665, 
        0.038157729380457917
      ], 
      [
        0.3584575635511699, 
        0.2466367757377284, 
        -0.9003771315579726
      ], 
      [
        -0.7886091098078382, 
        -0.43615295287080913, 
        -0.43343543568777465
      ]
    ], 
    "trans_mat": [
      -0.047473804450851614, 
      0.0876481141493952, 
      0.6286688285814618
    ]
  }, 
  {
    "img": "/media/hdd/YCBvideo/YCB_Video_Dataset/YCB_Video_Dataset/data/0046/000002-label.png", 
    "mask": "/media/hdd/YCBvideo/YCB_Video_Dataset/Generated_YCB_Video_Dataset/mask/0046/000002-mask-00.png", 
    "depth_minmax": [
      0.789, 
      0.872
    ], 
    "model": "/media/hdd/YCBvideo/YCB_Video_Dataset/YCB_Video_Dataset/models/040_large_marker/textured.obj", 
    "rot_mat": [
      [
        0.5317133545826486, 
        -0.8112291153080302, 
        -0.24328603637820095
      ], 
      [
        -0.7294132760367597, 
        -0.2926585186863469, 
        -0.618310182585588
      ], 
      [
        0.4303906114446707, 
        0.5062194413470904, 
        -0.747331846802854
      ]
    ], 
    "trans_mat": [
      0.12735626374492934, 
      0.0036552134119156956, 
      0.8253704277685551
    ]
  }, 
  {
    "img": "/media/hdd/YCBvideo/YCB_Video_Dataset/YCB_Video_Dataset/data/0046/000002-label.png", 
    "mask": "/media/hdd/YCBvideo/YCB_Video_Dataset/Generated_YCB_Video_Dataset/mask/0046/000002-mask-01.png", 
    "depth_minmax": [
      0.583, 
      0.642
    ], 
    "model": "/media/hdd/YCBvideo/YCB_Video_Dataset/YCB_Video_Dataset/models/061_foam_brick/textured.obj", 
    "rot_mat": [
      [
        -0.4985621197820143, 
        0.866056262557527, 
        0.03719837644344197
      ], 
      [
        0.3595612357075452, 
        0.24565356809478683, 
        -0.9002060576710166
      ], 
      [
        -0.7887658794412109, 
        -0.4354324328158647, 
        -0.4338732947595505
      ]
    ], 
    "trans_mat": [
      -0.04687219095000743, 
      0.0873489587905861, 
      0.6286169297334475
    ]
  }, 
  {
    "img": "/media/hdd/YCBvideo/YCB_Video_Dataset/YCB_Video_Dataset/data/0046/000003-label.png", 
    "mask": "/media/hdd/YCBvideo/YCB_Video_Dataset/Generated_YCB_Video_Dataset/mask/0046/000003-mask-00.png", 
    "depth_minmax": [
      0.789, 
      0.859
    ], 
    "model": "/media/hdd/YCBvideo/YCB_Video_Dataset/YCB_Video_Dataset/models/040_large_marker/textured.obj", 
    "rot_mat": [
      [
        0.5320582146267714, 
        -0.8112374163776827, 
        -0.24250070927512568
      ], 
      [
        -0.7290777096935881, 
        -0.2933190260627993, 
        -0.6183925282354394
      ], 
      [
        0.43053286911539734, 
        0.5058225289107664, 
        -0.7475191330875657
      ]
    ], 
    "trans_mat": [
      0.12718909566917633, 
      0.0034759871439660225, 
      0.8252476570239373
    ]
  }, 
  {
    "img": "/media/hdd/YCBvideo/YCB_Video_Dataset/YCB_Video_Dataset/data/0046/000003-label.png", 
    "mask": "/media/hdd/YCBvideo/YCB_Video_Dataset/Generated_YCB_Video_Dataset/mask/0046/000003-mask-01.png", 
    "depth_minmax": [
      0.583, 
      0.642
    ], 
    "model": "/media/hdd/YCBvideo/YCB_Video_Dataset/YCB_Video_Dataset/models/061_foam_brick/textured.obj", 
    "rot_mat": [
      [
        -0.4984766398712966, 
        0.8660677094252631, 
        0.03805178028898407
      ], 
      [
        0.3592962291184792, 
        0.24634527093990297, 
        -0.9001225414650267
      ], 
      [
        -0.7889409538051543, 
        -0.43501722843810336, 
        -0.43397232713255157
      ]
    ], 
    "trans_mat": [
      -0.047013582861943064, 
      0.08706701654181938, 
      0.628427619200983
    ]
  }, 
  {
    "img": "/media/hdd/YCBvideo/YCB_Video_Dataset/YCB_Video_Dataset/data/0046/000004-label.png", 
    "mask": "/media/hdd/YCBvideo/YCB_Video_Dataset/Generated_YCB_Video_Dataset/mask/0046/000004-mask-00.png", 
    "depth_minmax": [
      0.789, 
      0.861
    ], 
    "model": "/media/hdd/YCBvideo/YCB_Video_Dataset/YCB_Video_Dataset/models/040_large_marker/textured.obj", 
    "rot_mat": [
      [
        0.5323010556495434, 
        -0.8108666130413319, 
        -0.24320815194533316
      ], 
      [
        -0.7292642562287797, 
        -0.2933216054815395, 
        -0.6181702016457183
      ], 
      [
        0.4299149667672551, 
        0.5064166886750983, 
        -0.747473254367091
      ]
    ], 
    "trans_mat": [
      0.12725431037651766, 
      0.0028449113084108913, 
      0.8249049863257638
    ]
  }, 
  {
    "img": "/media/hdd/YCBvideo/YCB_Video_Dataset/YCB_Video_Dataset/data/0046/000004-label.png", 
    "mask": "/media/hdd/YCBvideo/YCB_Video_Dataset/Generated_YCB_Video_Dataset/mask/0046/000004-mask-01.png", 
    "depth_minmax": [
      0.583, 
      0.642
    ], 
    "model": "/media/hdd/YCBvideo/YCB_Video_Dataset/YCB_Video_Dataset/models/061_foam_brick/textured.obj", 
    "rot_mat": [
      [
        -0.4990697957062135, 
        0.8657479060395123, 
        0.037558998601569756
      ], 
      [
        0.3595667870379755, 
        0.2463220542841205, 
        -0.900020097108982
      ], 
      [
        -0.7884423798247031, 
        -0.43566807981953126, 
        -0.4342267907671053
      ]
    ], 
    "trans_mat": [
      -0.047097259152624, 
      0.08651097264873811, 
      0.6282487995020741
    ]
  }, 
  {
    "img": "/media/hdd/YCBvideo/YCB_Video_Dataset/YCB_Video_Dataset/data/0046/000005-label.png", 
    "mask": "/media/hdd/YCBvideo/YCB_Video_Dataset/Generated_YCB_Video_Dataset/mask/0046/000005-mask-00.png", 
    "depth_minmax": [
      0.787, 
      0.873
    ], 
    "model": "/media/hdd/YCBvideo/YCB_Video_Dataset/YCB_Video_Dataset/models/040_large_marker/textured.obj", 
    "rot_mat": [
      [
        0.5310762698452908, 
        -0.8122979270376345, 
        -0.24110266527942448
      ], 
      [
        -0.7294756798545668, 
        -0.29355218637854863, 
        -0.6178119647426594
      ], 
      [
        0.43107040722614737, 
        0.5039842104770703, 
        -0.7484503867794706
      ]
    ], 
    "trans_mat": [
      0.12705080239055266, 
      0.0022430746007116253, 
      0.8250633342867644
    ]
  }, 
  {
    "img": "/media/hdd/YCBvideo/YCB_Video_Dataset/YCB_Video_Dataset/data/0046/000005-label.png", 
    "mask": "/media/hdd/YCBvideo/YCB_Video_Dataset/Generated_YCB_Video_Dataset/mask/0046/000005-mask-01.png", 
    "depth_minmax": [
      0.583, 
      0.642
    ], 
    "model": "/media/hdd/YCBvideo/YCB_Video_Dataset/YCB_Video_Dataset/models/061_foam_brick/textured.obj", 
    "rot_mat": [
      [
        -0.4968364614359345, 
        0.8669786144548841, 
        0.03877530805791741
      ], 
      [
        0.35994810988639414, 
        0.24651828463722072, 
        -0.899814457350872
      ], 
      [
        -0.789677817574256, 
        -0.43310321100704613, 
        -0.4345460597168984
      ]
    ], 
    "trans_mat": [
      -0.046743619100510864, 
      0.08600487789948896, 
      0.6279552488718668
    ]
  }, 
  {
    "img": "/media/hdd/YCBvideo/YCB_Video_Dataset/YCB_Video_Dataset/data/0046/000006-label.png", 
    "mask": "/media/hdd/YCBvideo/YCB_Video_Dataset/Generated_YCB_Video_Dataset/mask/0046/000006-mask-00.png", 
    "depth_minmax": [
      0.789, 
      0.867
    ], 
    "model": "/media/hdd/YCBvideo/YCB_Video_Dataset/YCB_Video_Dataset/models/040_large_marker/textured.obj", 
    "rot_mat": [
      [
        0.5317453026800055, 
        -0.8121220786557921, 
        -0.24021816552103958
      ], 
      [
        -0.7289290417546842, 
        -0.29446990679183843, 
        -0.6180203874487666
      ], 
      [
        0.4311702504421545, 
        0.5037321306620263, 
        -0.7485628978428317
      ]
    ], 
    "trans_mat": [
      0.12706202861641944, 
      0.002202970364285743, 
      0.8248655526729725
    ]
  }, 
  {
    "img": "/media/hdd/YCBvideo/YCB_Video_Dataset/YCB_Video_Dataset/data/0046/000006-label.png", 
    "mask": "/media/hdd/YCBvideo/YCB_Video_Dataset/Generated_YCB_Video_Dataset/mask/0046/000006-mask-01.png", 
    "depth_minmax": [
      0.583, 
      0.642
    ], 
    "model": "/media/hdd/YCBvideo/YCB_Video_Dataset/YCB_Video_Dataset/models/061_foam_brick/textured.obj", 
    "rot_mat": [
      [
        -0.49700197491481024, 
        0.8668336078070542, 
        0.03987641939946876
      ], 
      [
        0.3594642957077564, 
        0.2474903931323372, 
        -0.8997410095242138
      ], 
      [
        -0.7897940953267568, 
        -0.4328388615356525, 
        -0.4345986960457377
      ]
    ], 
    "trans_mat": [
      -0.04676705954675556, 
      0.08578995113417179, 
      0.6277138303216049
    ]
  }, 
  {
    "img": "/media/hdd/YCBvideo/YCB_Video_Dataset/YCB_Video_Dataset/data/0046/000007-label.png", 
    "mask": "/media/hdd/YCBvideo/YCB_Video_Dataset/Generated_YCB_Video_Dataset/mask/0046/000007-mask-00.png", 
    "depth_minmax": [
      0.789, 
      0.872
    ], 
    "model": "/media/hdd/YCBvideo/YCB_Video_Dataset/YCB_Video_Dataset/models/040_large_marker/textured.obj", 
    "rot_mat": [
      [
        0.5324376620358434, 
        -0.8115946255563742, 
        -0.24046508857483342
      ], 
      [
        -0.7285691450306062, 
        -0.29477641777706426, 
        -0.6182982661935765
      ], 
      [
        0.43092398964702, 
        0.5044013346305855, 
        -0.7482540647052841
      ]
    ], 
    "trans_mat": [
      0.12724441117120486, 
      0.0017831445685203933, 
      0.8246181092737829
    ]
  }, 
  {
    "img": "/media/hdd/YCBvideo/YCB_Video_Dataset/YCB_Video_Dataset/data/0046/000007-label.png", 
    "mask": "/media/hdd/YCBvideo/YCB_Video_Dataset/Generated_YCB_Video_Dataset/mask/0046/000007-mask-01.png", 
    "depth_minmax": [
      0.583, 
      0.642
    ], 
    "model": "/media/hdd/YCBvideo/YCB_Video_Dataset/YCB_Video_Dataset/models/061_foam_brick/textured.obj", 
    "rot_mat": [
      [
        -0.49777552932178626, 
        0.8663830469062843, 
        0.040007371038636455
      ], 
      [
        0.35904726749588667, 
        0.24783946347158758, 
        -0.8998112170546859
      ], 
      [
        -0.7894967463485368, 
        -0.4335392503160885, 
        -0.4344409111683424
      ]
    ], 
    "trans_mat": [
      -0.046774613592524425, 
      0.08524079363529223, 
      0.6275791478233423
    ]
  }, 
  {
    "img": "/media/hdd/YCBvideo/YCB_Video_Dataset/YCB_Video_Dataset/data/0046/000008-label.png", 
    "mask": "/media/hdd/YCBvideo/YCB_Video_Dataset/Generated_YCB_Video_Dataset/mask/0046/000008-mask-00.png", 
    "depth_minmax": [
      0.788, 
      0.861
    ], 
    "model": "/media/hdd/YCBvideo/YCB_Video_Dataset/YCB_Video_Dataset/models/040_large_marker/textured.obj", 
    "rot_mat": [
      [
        0.5327822888638725, 
        -0.8113384590351982, 
        -0.24056593950192143
      ], 
      [
        -0.728846140582057, 
        -0.2954805255446643, 
        -0.6176358640353528
      ], 
      [
        0.4300275086976214, 
        0.5044014370793267, 
        -0.7487690796609157
      ]
    ], 
    "trans_mat": [
      0.12792106778323786, 
      0.0007815321552263681, 
      0.8244955687294593
    ]
  }, 
  {
    "img": "/media/hdd/YCBvideo/YCB_Video_Dataset/YCB_Video_Dataset/data/0046/000008-label.png", 
    "mask": "/media/hdd/YCBvideo/YCB_Video_Dataset/Generated_YCB_Video_Dataset/mask/0046/000008-mask-01.png", 
    "depth_minmax": [
      0.582, 
      0.642
    ], 
    "model": "/media/hdd/YCBvideo/YCB_Video_Dataset/YCB_Video_Dataset/models/061_foam_brick/textured.obj", 
    "rot_mat": [
      [
        -0.49814915993364417, 
        0.8661643014293997, 
        0.040091695349495284
      ], 
      [
        0.35968138377051506, 
        0.2484893343425054, 
        -0.8993789727968253
      ], 
      [
        -0.7889712069006724, 
        -0.43360438944647967, 
        -0.4353288778985009
      ]
    ], 
    "trans_mat": [
      -0.04618957250090578, 
      0.08438426463213447, 
      0.6275993948463613
    ]
  }, 
  {
    "img": "/media/hdd/YCBvideo/YCB_Video_Dataset/YCB_Video_Dataset/data/0046/000009-label.png", 
    "mask": "/media/hdd/YCBvideo/YCB_Video_Dataset/Generated_YCB_Video_Dataset/mask/0046/000009-mask-00.png", 
    "depth_minmax": [
      0.791, 
      0.866
    ], 
    "model": "/media/hdd/YCBvideo/YCB_Video_Dataset/YCB_Video_Dataset/models/040_large_marker/textured.obj", 
    "rot_mat": [
      [
        0.533476233322298, 
        -0.8110898489669188, 
        -0.23986546155086133
      ], 
      [
        -0.7281572789508997, 
        -0.2961259337830966, 
        -0.6181389094917377
      ], 
      [
        0.43033557454785565, 
        0.5044218628372991, 
        -0.7485782012366128
      ]
    ], 
    "trans_mat": [
      0.12788492138838123, 
      0.0008832773806391255, 
      0.8245566172265038
    ]
  }, 
  {
    "img": "/media/hdd/YCBvideo/YCB_Video_Dataset/YCB_Video_Dataset/data/0046/000009-label.png", 
    "mask": "/media/hdd/YCBvideo/YCB_Video_Dataset/Generated_YCB_Video_Dataset/mask/0046/000009-mask-01.png", 
    "depth_minmax": [
      0.582, 
      0.642
    ], 
    "model": "/media/hdd/YCBvideo/YCB_Video_Dataset/YCB_Video_Dataset/models/061_foam_brick/textured.obj", 
    "rot_mat": [
      [
        -0.49843343320481076, 
        0.8659560857087517, 
        0.041045566793381734
      ], 
      [
        0.35890312797968954, 
        0.2492148314179582, 
        -0.8994890213792587
      ], 
      [
        -0.7891470613342731, 
        -0.4336028781709088, 
        -0.43501134140365544
      ]
    ], 
    "trans_mat": [
      -0.04629040485147837, 
      0.08424141844546486, 
      0.6276136424328147
    ]
  }, 
  {
    "img": "/media/hdd/YCBvideo/YCB_Video_Dataset/YCB_Video_Dataset/data/0046/000010-label.png", 
    "mask": "/media/hdd/YCBvideo/YCB_Video_Dataset/Generated_YCB_Video_Dataset/mask/0046/000010-mask-00.png", 
    "depth_minmax": [
      0.791, 
      0.868
    ], 
    "model": "/media/hdd/YCBvideo/YCB_Video_Dataset/YCB_Video_Dataset/models/040_large_marker/textured.obj", 
    "rot_mat": [
      [
        0.5309763270939907, 
        -0.8127934491950416, 
        -0.239647505783448
      ], 
      [
        -0.7288161979096709, 
        -0.2937575487775393, 
        -0.6184931047765804
      ], 
      [
        0.43230794638638315, 
        0.5030645615379212, 
        -0.7483561016175984
      ]
    ], 
    "trans_mat": [
      0.1274198381000909, 
      0.0011094159843054276, 
      0.8250447004566026
    ]
  }, 
  {
    "img": "/media/hdd/YCBvideo/YCB_Video_Dataset/YCB_Video_Dataset/data/0046/000010-label.png", 
    "mask": "/media/hdd/YCBvideo/YCB_Video_Dataset/Generated_YCB_Video_Dataset/mask/0046/000010-mask-01.png", 
    "depth_minmax": [
      0.582, 
      0.642
    ], 
    "model": "/media/hdd/YCBvideo/YCB_Video_Dataset/YCB_Video_Dataset/models/061_foam_brick/textured.obj", 
    "rot_mat": [
      [
        -0.4959894778227, 
        0.8674081203234236, 
        0.039988222915406144
      ], 
      [
        0.35906429726707223, 
        0.24680984779210413, 
        -0.9000881529028321
      ], 
      [
        -0.7906124836008721, 
        -0.4320755587006527, 
        -0.4338704256097152
      ]
    ], 
    "trans_mat": [
      -0.04615896073673671, 
      0.08461669974905245, 
      0.6276387469453175
    ]
  }, 
  {
    "img": "/media/hdd/YCBvideo/YCB_Video_Dataset/YCB_Video_Dataset/data/0046/000011-label.png", 
    "mask": "/media/hdd/YCBvideo/YCB_Video_Dataset/Generated_YCB_Video_Dataset/mask/0046/000011-mask-00.png", 
    "depth_minmax": [
      0.791, 
      0.869
    ], 
    "model": "/media/hdd/YCBvideo/YCB_Video_Dataset/YCB_Video_Dataset/models/040_large_marker/textured.obj", 
    "rot_mat": [
      [
        0.529823120362157, 
        -0.8134549176759213, 
        -0.2399533861380655
      ], 
      [
        -0.7295178473052352, 
        -0.29282354931787596, 
        -0.6181075372468705
      ], 
      [
        0.4325387277463394, 
        0.5025379471384395, 
        -0.7485758142333224
      ]
    ], 
    "trans_mat": [
      0.12770785610324767, 
      0.0009563671806918908, 
      0.8254790900839781
    ]
  }, 
  {
    "img": "/media/hdd/YCBvideo/YCB_Video_Dataset/YCB_Video_Dataset/data/0046/000011-label.png", 
    "mask": "/media/hdd/YCBvideo/YCB_Video_Dataset/Generated_YCB_Video_Dataset/mask/0046/000011-mask-01.png", 
    "depth_minmax": [
      0.583, 
      0.642
    ], 
    "model": "/media/hdd/YCBvideo/YCB_Video_Dataset/YCB_Video_Dataset/models/061_foam_brick/textured.obj", 
    "rot_mat": [
      [
        -0.49507304477258846, 
        0.8679692870200242, 
        0.0391478459407189
      ], 
      [
        0.3597673774912632, 
        0.24580040159720384, 
        -0.900082846998659
      ], 
      [
        -0.7908671529850225, 
        -0.4315217972293613, 
        -0.43395614959267836
      ]
    ], 
    "trans_mat": [
      -0.045649575248758456, 
      0.08470009305871178, 
      0.6279787944366632
    ]
  }, 
  {
    "img": "/media/hdd/YCBvideo/YCB_Video_Dataset/YCB_Video_Dataset/data/0046/000012-label.png", 
    "mask": "/media/hdd/YCBvideo/YCB_Video_Dataset/Generated_YCB_Video_Dataset/mask/0046/000012-mask-00.png", 
    "depth_minmax": [
      0.791, 
      0.869
    ], 
    "model": "/media/hdd/YCBvideo/YCB_Video_Dataset/YCB_Video_Dataset/models/040_large_marker/textured.obj", 
    "rot_mat": [
      [
        0.5298734967638706, 
        -0.8125542169024423, 
        -0.24287712446804474
      ], 
      [
        -0.7302302392968488, 
        -0.2914980964941748, 
        -0.6178925533443494
      ], 
      [
        0.43127278927222795, 
        0.5047611700963379, 
        -0.7478095121108393
      ]
    ], 
    "trans_mat": [
      0.1290803576188854, 
      0.0005640413872328139, 
      0.8256243620117917
    ]
  }, 
  {
    "img": "/media/hdd/YCBvideo/YCB_Video_Dataset/YCB_Video_Dataset/data/0046/000012-label.png", 
    "mask": "/media/hdd/YCBvideo/YCB_Video_Dataset/Generated_YCB_Video_Dataset/mask/0046/000012-mask-01.png", 
    "depth_minmax": [
      0.583, 
      0.643
    ], 
    "model": "/media/hdd/YCBvideo/YCB_Video_Dataset/YCB_Video_Dataset/models/061_foam_brick/textured.obj", 
    "rot_mat": [
      [
        -0.49663492552539135, 
        0.867186616211821, 
        0.03663587527073162
      ], 
      [
        0.3603572768242615, 
        0.24440683638928798, 
        -0.900226176895918
      ], 
      [
        -0.7896179696664299, 
        -0.4338810190284161, 
        -0.4338776448062506
      ]
    ], 
    "trans_mat": [
      -0.04467608636487186, 
      0.08453003489372442, 
      0.6285696686899339
    ]
  }, 
  {
    "img": "/media/hdd/YCBvideo/YCB_Video_Dataset/YCB_Video_Dataset/data/0046/000013-label.png", 
    "mask": "/media/hdd/YCBvideo/YCB_Video_Dataset/Generated_YCB_Video_Dataset/mask/0046/000013-mask-00.png", 
    "depth_minmax": [
      0.791, 
      0.876
    ], 
    "model": "/media/hdd/YCBvideo/YCB_Video_Dataset/YCB_Video_Dataset/models/040_large_marker/textured.obj", 
    "rot_mat": [
      [
        0.5294536961333141, 
        -0.8127065233464934, 
        -0.24328198813936616
      ], 
      [
        -0.7305118763589483, 
        -0.29096624503577495, 
        -0.6178115906976049
      ], 
      [
        0.43131208181820996, 
        0.5048225076197329, 
        -0.747745443870341
      ]
    ], 
    "trans_mat": [
      0.1295420878507272, 
      0.0006163549192991281, 
      0.8260527666267736
    ]
  }, 
  {
    "img": "/media/hdd/YCBvideo/YCB_Video_Dataset/YCB_Video_Dataset/data/0046/000013-label.png", 
    "mask": "/media/hdd/YCBvideo/YCB_Video_Dataset/Generated_YCB_Video_Dataset/mask/0046/000013-mask-01.png", 
    "depth_minmax": [
      0.584, 
      0.648
    ], 
    "model": "/media/hdd/YCBvideo/YCB_Video_Dataset/YCB_Video_Dataset/models/061_foam_brick/textured.obj", 
    "rot_mat": [
      [
        -0.4964535373093888, 
        0.867313774150539, 
        0.03607527398360795
      ], 
      [
        0.3605877344157787, 
        0.24384824728711613, 
        -0.9002862464759425
      ], 
      [
        -0.7896268743403155, 
        -0.4339407350256942, 
        -0.4338017129583308
      ]
    ], 
    "trans_mat": [
      -0.044172656735020584, 
      0.0846698003123296, 
      0.6289985858193826
    ]
  }, 
  {
    "img": "/media/hdd/YCBvideo/YCB_Video_Dataset/YCB_Video_Dataset/data/0046/000014-label.png", 
    "mask": "/media/hdd/YCBvideo/YCB_Video_Dataset/Generated_YCB_Video_Dataset/mask/0046/000014-mask-00.png", 
    "depth_minmax": [
      0.791, 
      0.872
    ], 
    "model": "/media/hdd/YCBvideo/YCB_Video_Dataset/YCB_Video_Dataset/models/040_large_marker/textured.obj", 
    "rot_mat": [
      [
        0.5294770786196846, 
        -0.8125741414332834, 
        -0.24367481382601403
      ], 
      [
        -0.7301941877731805, 
        -0.29032679833378233, 
        -0.6184863521072002
      ], 
      [
        0.43182069662179573, 
        0.5054050229563551, 
        -0.7470590630997666
      ]
    ], 
    "trans_mat": [
      0.12981196903329395, 
      0.0009464770270791159, 
      0.8263605771845762
    ]
  }, 
  {
    "img": "/media/hdd/YCBvideo/YCB_Video_Dataset/YCB_Video_Dataset/data/0046/000014-label.png", 
    "mask": "/media/hdd/YCBvideo/YCB_Video_Dataset/Generated_YCB_Video_Dataset/mask/0046/000014-mask-01.png", 
    "depth_minmax": [
      0.584, 
      0.648
    ], 
    "model": "/media/hdd/YCBvideo/YCB_Video_Dataset/YCB_Video_Dataset/models/061_foam_brick/textured.obj", 
    "rot_mat": [
      [
        -0.4966789265647513, 
        0.8671988686766456, 
        0.03574606268543616
      ], 
      [
        0.3599187776298139, 
        0.2432669876155473, 
        -0.9007102216184578
      ], 
      [
        -0.7897907959929656, 
        -0.434498028030178, 
        -0.432946326300079
      ]
    ], 
    "trans_mat": [
      -0.0439601500765186, 
      0.08484232240418246, 
      0.6292897043928926
    ]
  }, 
  {
    "img": "/media/hdd/YCBvideo/YCB_Video_Dataset/YCB_Video_Dataset/data/0046/000015-label.png", 
    "mask": "/media/hdd/YCBvideo/YCB_Video_Dataset/Generated_YCB_Video_Dataset/mask/0046/000015-mask-00.png", 
    "depth_minmax": [
      0.791, 
      0.872
    ], 
    "model": "/media/hdd/YCBvideo/YCB_Video_Dataset/YCB_Video_Dataset/models/040_large_marker/textured.obj", 
    "rot_mat": [
      [
        0.5280733907094223, 
        -0.8134911430588697, 
        -0.24365987344952825
      ], 
      [
        -0.7307343711344925, 
        -0.28912350169167944, 
        -0.6184132299587861
      ], 
      [
        0.4326250314472957, 
        0.5046187758694505, 
        -0.7471246634951964
      ]
    ], 
    "trans_mat": [
      0.12969390105461653, 
      0.0011654210252438919, 
      0.8267242638468845
    ]
  }, 
  {
    "img": "/media/hdd/YCBvideo/YCB_Video_Dataset/YCB_Video_Dataset/data/0046/000015-label.png", 
    "mask": "/media/hdd/YCBvideo/YCB_Video_Dataset/Generated_YCB_Video_Dataset/mask/0046/000015-mask-01.png", 
    "depth_minmax": [
      0.584, 
      0.644
    ], 
    "model": "/media/hdd/YCBvideo/YCB_Video_Dataset/YCB_Video_Dataset/models/061_foam_brick/textured.obj", 
    "rot_mat": [
      [
        -0.4953630927391367, 
        0.8679788137166655, 
        0.03505924038744853
      ], 
      [
        0.36030233244765736, 
        0.24201639911938627, 
        -0.9008945686783653
      ], 
      [
        -0.7904413878231128, 
        -0.43363783139456014, 
        -0.4326203867012731
      ]
    ], 
    "trans_mat": [
      -0.04375738025278175, 
      0.08522084703980436, 
      0.629439072705093
    ]
  }, 
  {
    "img": "/media/hdd/YCBvideo/YCB_Video_Dataset/YCB_Video_Dataset/data/0046/000016-label.png", 
    "mask": "/media/hdd/YCBvideo/YCB_Video_Dataset/Generated_YCB_Video_Dataset/mask/0046/000016-mask-00.png", 
    "depth_minmax": [
      0.791, 
      0.877
    ], 
    "model": "/media/hdd/YCBvideo/YCB_Video_Dataset/YCB_Video_Dataset/models/040_large_marker/textured.obj", 
    "rot_mat": [
      [
        0.5296173106167743, 
        -0.8123243559157439, 
        -0.24420252676416276
      ], 
      [
        -0.7298228371412702, 
        -0.2896744155570891, 
        -0.6192308621550567
      ], 
      [
        0.4322760262487395, 
        0.5061799162341206, 
        -0.7462706872629208
      ]
    ], 
    "trans_mat": [
      0.13027110840943687, 
      0.001642425073054565, 
      0.8267050658604622
    ]
  }, 
  {
    "img": "/media/hdd/YCBvideo/YCB_Video_Dataset/YCB_Video_Dataset/data/0046/000016-label.png", 
    "mask": "/media/hdd/YCBvideo/YCB_Video_Dataset/Generated_YCB_Video_Dataset/mask/0046/000016-mask-01.png", 
    "depth_minmax": [
      0.585, 
      0.648
    ], 
    "model": "/media/hdd/YCBvideo/YCB_Video_Dataset/YCB_Video_Dataset/models/061_foam_brick/textured.obj", 
    "rot_mat": [
      [
        -0.4970832388824096, 
        0.8669831471952989, 
        0.035358074995606135
      ], 
      [
        0.3591679417118639, 
        0.24268049012766735, 
        -0.9011685509074493
      ], 
      [
        -0.7898779603629724, 
        -0.4352555109179382, 
        -0.4320254876990975
      ]
    ], 
    "trans_mat": [
      -0.04360278493242554, 
      0.0853584992800029, 
      0.6296475626830048
    ]
  }, 
  {
    "img": "/media/hdd/YCBvideo/YCB_Video_Dataset/YCB_Video_Dataset/data/0046/000017-label.png", 
    "mask": "/media/hdd/YCBvideo/YCB_Video_Dataset/Generated_YCB_Video_Dataset/mask/0046/000017-mask-00.png", 
    "depth_minmax": [
      0.791, 
      0.871
    ], 
    "model": "/media/hdd/YCBvideo/YCB_Video_Dataset/YCB_Video_Dataset/models/040_large_marker/textured.obj", 
    "rot_mat": [
      [
        0.5284165211830121, 
        -0.8132013972919909, 
        -0.24388450563993005
      ], 
      [
        -0.7301381437120044, 
        -0.2887071304032883, 
        -0.6193113352202568
      ], 
      [
        0.4332132818414688, 
        0.5053236188172319, 
        -0.7463075470990689
      ]
    ], 
    "trans_mat": [
      0.13026924773061094, 
      0.0021083749275060725, 
      0.8270775568123591
    ]
  }, 
  {
    "img": "/media/hdd/YCBvideo/YCB_Video_Dataset/YCB_Video_Dataset/data/0046/000017-label.png", 
    "mask": "/media/hdd/YCBvideo/YCB_Video_Dataset/Generated_YCB_Video_Dataset/mask/0046/000017-mask-01.png", 
    "depth_minmax": [
      0.585, 
      0.645
    ], 
    "model": "/media/hdd/YCBvideo/YCB_Video_Dataset/YCB_Video_Dataset/models/061_foam_brick/textured.obj", 
    "rot_mat": [
      [
        -0.4957992466134007, 
        0.8677311219146416, 
        0.03503537712335424
      ], 
      [
        0.3593051595055597, 
        0.24169153351623587, 
        -0.9013799076978374
      ], 
      [
        -0.7906227251354673, 
        -0.43431420871475923, 
        -0.431610360750069
      ]
    ], 
    "trans_mat": [
      -0.04328975540822402, 
      0.08590520949385763, 
      0.6297768001656342
    ]
  }, 
  {
    "img": "/media/hdd/YCBvideo/YCB_Video_Dataset/YCB_Video_Dataset/data/0046/000018-label.png", 
    "mask": "/media/hdd/YCBvideo/YCB_Video_Dataset/Generated_YCB_Video_Dataset/mask/0046/000018-mask-00.png", 
    "depth_minmax": [
      0.793, 
      0.867
    ], 
    "model": "/media/hdd/YCBvideo/YCB_Video_Dataset/YCB_Video_Dataset/models/040_large_marker/textured.obj", 
    "rot_mat": [
      [
        0.5288886767782656, 
        -0.8125541803433621, 
        -0.24501475778689386
      ], 
      [
        -0.7298607926151878, 
        -0.2881414670560799, 
        -0.6199012237460517
      ], 
      [
        0.43310434924014163, 
        0.506684910195404, 
        -0.7454465437706952
      ]
    ], 
    "trans_mat": [
      0.1315224765995693, 
      0.002732063398111982, 
      0.8272107474774553
    ]
  }, 
  {
    "img": "/media/hdd/YCBvideo/YCB_Video_Dataset/YCB_Video_Dataset/data/0046/000018-label.png", 
    "mask": "/media/hdd/YCBvideo/YCB_Video_Dataset/Generated_YCB_Video_Dataset/mask/0046/000018-mask-01.png", 
    "depth_minmax": [
      0.585, 
      0.649
    ], 
    "model": "/media/hdd/YCBvideo/YCB_Video_Dataset/YCB_Video_Dataset/models/061_foam_brick/textured.obj", 
    "rot_mat": [
      [
        -0.49682536036722147, 
        0.8671735704168069, 
        0.03429004689238849
      ], 
      [
        0.3587200078982584, 
        0.24117673681006402, 
        -0.9017506487663343
      ], 
      [
        -0.7902439709458169, 
        -0.4357107783774295, 
        -0.43089450624283326
      ]
    ], 
    "trans_mat": [
      -0.04229352402497874, 
      0.08639132593517627, 
      0.6300779742409104
    ]
  }, 
  {
    "img": "/media/hdd/YCBvideo/YCB_Video_Dataset/YCB_Video_Dataset/data/0046/000019-label.png", 
    "mask": "/media/hdd/YCBvideo/YCB_Video_Dataset/Generated_YCB_Video_Dataset/mask/0046/000019-mask-00.png", 
    "depth_minmax": [
      0.793, 
      0.863
    ], 
    "model": "/media/hdd/YCBvideo/YCB_Video_Dataset/YCB_Video_Dataset/models/040_large_marker/textured.obj", 
    "rot_mat": [
      [
        0.5303821679402113, 
        -0.8108741137848886, 
        -0.24734243369150896
      ], 
      [
        -0.729575117084875, 
        -0.28799290126094074, 
        -0.620306033114487
      ], 
      [
        0.43175704016531147, 
        0.5094535533853608, 
        -0.7443397944408865
      ]
    ], 
    "trans_mat": [
      0.13396078564928776, 
      0.0028793246324865106, 
      0.8272076775942766
    ]
  }, 
  {
    "img": "/media/hdd/YCBvideo/YCB_Video_Dataset/YCB_Video_Dataset/data/0046/000019-label.png", 
    "mask": "/media/hdd/YCBvideo/YCB_Video_Dataset/Generated_YCB_Video_Dataset/mask/0046/000019-mask-01.png", 
    "depth_minmax": [
      0.586, 
      0.65
    ], 
    "model": "/media/hdd/YCBvideo/YCB_Video_Dataset/YCB_Video_Dataset/models/061_foam_brick/textured.obj", 
    "rot_mat": [
      [
        -0.4994250384556445, 
        0.8657288741354586, 
        0.033015001293023316
      ], 
      [
        0.35825977978773305, 
        0.24107080622157934, 
        -0.9019616506893946
      ], 
      [
        -0.7888125433254204, 
        -0.43863292946460003, 
        -0.43055160273029486
      ]
    ], 
    "trans_mat": [
      -0.04050271485144537, 
      0.08641731953410683, 
      0.6305961809653907
    ]
  }, 
  {
    "img": "/media/hdd/YCBvideo/YCB_Video_Dataset/YCB_Video_Dataset/data/0046/000020-label.png", 
    "mask": "/media/hdd/YCBvideo/YCB_Video_Dataset/Generated_YCB_Video_Dataset/mask/0046/000020-mask-00.png", 
    "depth_minmax": [
      0.791, 
      0.869
    ], 
    "model": "/media/hdd/YCBvideo/YCB_Video_Dataset/YCB_Video_Dataset/models/040_large_marker/textured.obj", 
    "rot_mat": [
      [
        0.5308179604854095, 
        -0.810234350907805, 
        -0.24849834115849845
      ], 
      [
        -0.7296686941775213, 
        -0.28779462969118286, 
        -0.6202886063773354
      ], 
      [
        0.43106242702569675, 
        0.5105821918129209, 
        -0.7439698952529333
      ]
    ], 
    "trans_mat": [
      0.13602722764271222, 
      0.0027215511384657684, 
      0.8274082230783202
    ]
  }, 
  {
    "img": "/media/hdd/YCBvideo/YCB_Video_Dataset/YCB_Video_Dataset/data/0046/000020-label.png", 
    "mask": "/media/hdd/YCBvideo/YCB_Video_Dataset/Generated_YCB_Video_Dataset/mask/0046/000020-mask-01.png", 
    "depth_minmax": [
      0.586, 
      0.65
    ], 
    "model": "/media/hdd/YCBvideo/YCB_Video_Dataset/YCB_Video_Dataset/models/061_foam_brick/textured.obj", 
    "rot_mat": [
      [
        -0.5004314165143919, 
        0.8651762777160386, 
        0.03222939723201423
      ], 
      [
        0.35832956711227576, 
        0.2408641132002447, 
        -0.9019895748901214
      ], 
      [
        -0.7881426929578622, 
        -0.4398347762421714, 
        -0.4305538560298543
      ]
    ], 
    "trans_mat": [
      -0.038688263292355994, 
      0.0862876703093141, 
      0.6310326906791358
    ]
  }, 
  {
    "img": "/media/hdd/YCBvideo/YCB_Video_Dataset/YCB_Video_Dataset/data/0046/000021-label.png", 
    "mask": "/media/hdd/YCBvideo/YCB_Video_Dataset/Generated_YCB_Video_Dataset/mask/0046/000021-mask-00.png", 
    "depth_minmax": [
      0.793, 
      0.867
    ], 
    "model": "/media/hdd/YCBvideo/YCB_Video_Dataset/YCB_Video_Dataset/models/040_large_marker/textured.obj", 
    "rot_mat": [
      [
        0.5312494759054206, 
        -0.8101630233331372, 
        -0.24781076498426227
      ], 
      [
        -0.7292406805730103, 
        -0.2883839978514306, 
        -0.6205176043304207
      ], 
      [
        0.4312551114509762, 
        0.5103629335048192, 
        -0.7440083207031731
      ]
    ], 
    "trans_mat": [
      0.1374048592032274, 
      0.00276356101977247, 
      0.8276697823559066
    ]
  }, 
  {
    "img": "/media/hdd/YCBvideo/YCB_Video_Dataset/YCB_Video_Dataset/data/0046/000021-label.png", 
    "mask": "/media/hdd/YCBvideo/YCB_Video_Dataset/Generated_YCB_Video_Dataset/mask/0046/000021-mask-01.png", 
    "depth_minmax": [
      0.586, 
      0.65
    ], 
    "model": "/media/hdd/YCBvideo/YCB_Video_Dataset/YCB_Video_Dataset/models/061_foam_brick/textured.obj", 
    "rot_mat": [
      [
        -0.5004767670880069, 
        0.865120274435484, 
        0.03304109991806203
      ], 
      [
        0.3579056734013479, 
        0.24149917378503102, 
        -0.9019876719403995
      ], 
      [
        -0.7883065469807036, 
        -0.4395971164962847, 
        -0.4304959953547767
      ]
    ], 
    "trans_mat": [
      -0.03731759649581491, 
      0.08618596359497625, 
      0.6312392486641554
    ]
  }, 
  {
    "img": "/media/hdd/YCBvideo/YCB_Video_Dataset/YCB_Video_Dataset/data/0046/000022-label.png", 
    "mask": "/media/hdd/YCBvideo/YCB_Video_Dataset/Generated_YCB_Video_Dataset/mask/0046/000022-mask-00.png", 
    "depth_minmax": [
      0.793, 
      0.871
    ], 
    "model": "/media/hdd/YCBvideo/YCB_Video_Dataset/YCB_Video_Dataset/models/040_large_marker/textured.obj", 
    "rot_mat": [
      [
        0.5322306631849324, 
        -0.8089788153643211, 
        -0.24956887090280283
      ], 
      [
        -0.7291268992122435, 
        -0.28820019723114093, 
        -0.6207365967800634
      ], 
      [
        0.43023596910609774, 
        0.5123429322116034, 
        -0.7432368260331411
      ]
    ], 
    "trans_mat": [
      0.13926218557542913, 
      0.0026843263637750304, 
      0.8275489991023846
    ]
  }, 
  {
    "img": "/media/hdd/YCBvideo/YCB_Video_Dataset/YCB_Video_Dataset/data/0046/000022-label.png", 
    "mask": "/media/hdd/YCBvideo/YCB_Video_Dataset/Generated_YCB_Video_Dataset/mask/0046/000022-mask-01.png", 
    "depth_minmax": [
      0.586, 
      0.651
    ], 
    "model": "/media/hdd/YCBvideo/YCB_Video_Dataset/YCB_Video_Dataset/models/061_foam_brick/textured.obj", 
    "rot_mat": [
      [
        -0.5023045369830941, 
        0.8640996192376061, 
        0.03200498540715469
      ], 
      [
        0.35768168500565756, 
        0.24133513885898783, 
        -0.9021203681647746
      ], 
      [
        -0.7872444206800049, 
        -0.4416913753678872, 
        -0.43029543382988134
      ]
    ], 
    "trans_mat": [
      -0.03591578637096608, 
      0.08605262608237005, 
      0.631501759924222
    ]
  }, 
  {
    "img": "/media/hdd/YCBvideo/YCB_Video_Dataset/YCB_Video_Dataset/data/0046/000023-label.png", 
    "mask": "/media/hdd/YCBvideo/YCB_Video_Dataset/Generated_YCB_Video_Dataset/mask/0046/000023-mask-00.png", 
    "depth_minmax": [
      0.793, 
      0.87
    ], 
    "model": "/media/hdd/YCBvideo/YCB_Video_Dataset/YCB_Video_Dataset/models/040_large_marker/textured.obj", 
    "rot_mat": [
      [
        0.5342932712266825, 
        -0.807737383253603, 
        -0.24918179606427274
      ], 
      [
        -0.7279809311949835, 
        -0.2898686371357748, 
        -0.621305394231387
      ], 
      [
        0.4296209038617651, 
        0.5133579554727858, 
        -0.7428923466996813
      ]
    ], 
    "trans_mat": [
      0.14049602020635688, 
      0.0022724464290540185, 
      0.827400464224438
    ]
  }, 
  {
    "img": "/media/hdd/YCBvideo/YCB_Video_Dataset/YCB_Video_Dataset/data/0046/000023-label.png", 
    "mask": "/media/hdd/YCBvideo/YCB_Video_Dataset/Generated_YCB_Video_Dataset/mask/0046/000023-mask-01.png", 
    "depth_minmax": [
      0.586, 
      0.651
    ], 
    "model": "/media/hdd/YCBvideo/YCB_Video_Dataset/YCB_Video_Dataset/models/061_foam_brick/textured.obj", 
    "rot_mat": [
      [
        -0.5040276529796412, 
        0.8630438325633857, 
        0.03336936238587401
      ], 
      [
        0.3565774496497762, 
        0.2431238058156431, 
        -0.9020778653293434
      ], 
      [
        -0.7866445722949955, 
        -0.4427717729436877, 
        -0.43028244617027794
      ]
    ], 
    "trans_mat": [
      -0.03509891131307656, 
      0.08526050037237315, 
      0.6315647685305149
    ]
  }, 
  {
    "img": "/media/hdd/YCBvideo/YCB_Video_Dataset/YCB_Video_Dataset/data/0046/000024-label.png", 
    "mask": "/media/hdd/YCBvideo/YCB_Video_Dataset/Generated_YCB_Video_Dataset/mask/0046/000024-mask-00.png", 
    "depth_minmax": [
      0.791, 
      0.858
    ], 
    "model": "/media/hdd/YCBvideo/YCB_Video_Dataset/YCB_Video_Dataset/models/040_large_marker/textured.obj", 
    "rot_mat": [
      [
        0.5352524050882372, 
        -0.8075965826265493, 
        -0.24757356575717723
      ], 
      [
        -0.7270736270662946, 
        -0.2912995324689943, 
        -0.6216979197325446
      ], 
      [
        0.4299622449477586, 
        0.5127699285460536, 
        -0.743101358289659
      ]
    ], 
    "trans_mat": [
      0.14032019783022107, 
      0.0024252913905509783, 
      0.8273453311905281
    ]
  }, 
  {
    "img": "/media/hdd/YCBvideo/YCB_Video_Dataset/YCB_Video_Dataset/data/0046/000024-label.png", 
    "mask": "/media/hdd/YCBvideo/YCB_Video_Dataset/Generated_YCB_Video_Dataset/mask/0046/000024-mask-01.png", 
    "depth_minmax": [
      0.586, 
      0.646
    ], 
    "model": "/media/hdd/YCBvideo/YCB_Video_Dataset/YCB_Video_Dataset/models/061_foam_brick/textured.obj", 
    "rot_mat": [
      [
        -0.5040876291405005, 
        0.862934030538611, 
        0.03524299899958961
      ], 
      [
        0.35574242539949397, 
        0.24464717793059196, 
        -0.901995313270796
      ], 
      [
        -0.7869837068526919, 
        -0.44214692870141353, 
        -0.4303055413441632
      ]
    ], 
    "trans_mat": [
      -0.03527951318262773, 
      0.08511835478701114, 
      0.6313893536963933
    ]
  }, 
  {
    "img": "/media/hdd/YCBvideo/YCB_Video_Dataset/YCB_Video_Dataset/data/0046/000025-label.png", 
