[
  {
    "img": "/media/hdd/YCBvideo/YCB_Video_Dataset/YCB_Video_Dataset/data/0047/000001-label.png", 
    "mask": "/media/hdd/YCBvideo/YCB_Video_Dataset/Generated_YCB_Video_Dataset/mask/0047/000001-mask-00.png", 
    "depth_minmax": [
      0.674, 
      0.773
    ], 
    "model": "/media/hdd/YCBvideo/YCB_Video_Dataset/YCB_Video_Dataset/models/037_scissors/textured.obj", 
    "rot_mat": [
      [
        -0.9112433707016823, 
        0.4082046906745307, 
        -0.05481070666511269
      ], 
      [
        -0.36587169458270385, 
        -0.7411689116160908, 
        0.5628556022740474
      ], 
      [
        0.18913620066900946, 
        0.5329529707194784, 
        0.8247361614836495
      ]
    ], 
    "trans_mat": [
      -0.06001345810730628, 
      0.04002049161693533, 
      0.7151984054658688
    ]
  }, 
  {
    "img": "/media/hdd/YCBvideo/YCB_Video_Dataset/YCB_Video_Dataset/data/0047/000002-label.png", 
    "mask": "/media/hdd/YCBvideo/YCB_Video_Dataset/Generated_YCB_Video_Dataset/mask/0047/000002-mask-00.png", 
    "depth_minmax": [
      0.674, 
      0.773
    ], 
    "model": "/media/hdd/YCBvideo/YCB_Video_Dataset/YCB_Video_Dataset/models/037_scissors/textured.obj", 
    "rot_mat": [
      [
        -0.9117396463544705, 
        0.40709868075700817, 
        -0.05478536265381939
      ], 
      [
        -0.3652567697497405, 
        -0.7424619023493467, 
        0.5615497217325753
      ], 
      [
        0.18792937153437728, 
        0.5319980816310497, 
        0.8256281451748251
      ]
    ], 
    "trans_mat": [
      -0.0601655485419391, 
      0.03947779268752214, 
      0.715149749140562
    ]
  }, 
  {
    "img": "/media/hdd/YCBvideo/YCB_Video_Dataset/YCB_Video_Dataset/data/0047/000003-label.png", 
    "mask": "/media/hdd/YCBvideo/YCB_Video_Dataset/Generated_YCB_Video_Dataset/mask/0047/000003-mask-00.png", 
    "depth_minmax": [
      0.673, 
      0.769
    ], 
    "model": "/media/hdd/YCBvideo/YCB_Video_Dataset/YCB_Video_Dataset/models/037_scissors/textured.obj", 
    "rot_mat": [
      [
        -0.9134736946340221, 
        0.4033568894412788, 
        -0.05356079235242525
      ], 
      [
        -0.36128532479075476, 
        -0.7434645920071191, 
        0.5627909255410485
      ], 
      [
        0.1871849751648931, 
        0.5334457247000469, 
        0.824862884270043
      ]
    ], 
    "trans_mat": [
      -0.05814078162430571, 
      0.04068785810878079, 
      0.7148416596852811
    ]
  }, 
  {
    "img": "/media/hdd/YCBvideo/YCB_Video_Dataset/YCB_Video_Dataset/data/0047/000004-label.png", 
    "mask": "/media/hdd/YCBvideo/YCB_Video_Dataset/Generated_YCB_Video_Dataset/mask/0047/000004-mask-00.png", 
    "depth_minmax": [
      0.673, 
      0.769
    ], 
    "model": "/media/hdd/YCBvideo/YCB_Video_Dataset/YCB_Video_Dataset/models/037_scissors/textured.obj", 
    "rot_mat": [
      [
        -0.91162728840483, 
        0.40774585788392825, 
        -0.051764675211654884
      ], 
      [
        -0.36363537104527777, 
        -0.7414074643534003, 
        0.5639895364397367
      ], 
      [
        0.19158568171258755, 
        0.5329720874526431, 
        0.824158410719821
      ]
    ], 
    "trans_mat": [
      -0.05754190577278958, 
      0.04099998014177442, 
      0.7148835808758102
    ]
  }, 
  {
    "img": "/media/hdd/YCBvideo/YCB_Video_Dataset/YCB_Video_Dataset/data/0047/000005-label.png", 
    "mask": "/media/hdd/YCBvideo/YCB_Video_Dataset/Generated_YCB_Video_Dataset/mask/0047/000005-mask-00.png", 
    "depth_minmax": [
      0.673, 
      0.769
    ], 
    "model": "/media/hdd/YCBvideo/YCB_Video_Dataset/YCB_Video_Dataset/models/037_scissors/textured.obj", 
    "rot_mat": [
      [
        -0.9128122282541689, 
        0.404762890691708, 
        -0.05423402789290361
      ], 
      [
        -0.3626432253400478, 
        -0.7423356856418325, 
        0.5634064879316033
      ], 
      [
        0.1877859018007783, 
        0.5339523027240684, 
        0.8243980062307178
      ]
    ], 
    "trans_mat": [
      -0.05808496970931452, 
      0.040867586963323474, 
      0.7148060142786029
    ]
  }, 
  {
    "img": "/media/hdd/YCBvideo/YCB_Video_Dataset/YCB_Video_Dataset/data/0047/000006-label.png", 
    "mask": "/media/hdd/YCBvideo/YCB_Video_Dataset/Generated_YCB_Video_Dataset/mask/0047/000006-mask-00.png", 
    "depth_minmax": [
      0.673, 
      0.769
    ], 
    "model": "/media/hdd/YCBvideo/YCB_Video_Dataset/YCB_Video_Dataset/models/037_scissors/textured.obj", 
    "rot_mat": [
      [
        -0.9112771375518502, 
        0.4082566188804283, 
        -0.05386427563606804
      ], 
      [
        -0.3653686627195697, 
        -0.7412569177620606, 
        0.5630669027412075
      ], 
      [
        0.18994786589975157, 
        0.532790316478273, 
        0.8246554964603746
      ]
    ], 
    "trans_mat": [
      -0.05906078104248439, 
      0.040656810317435906, 
      0.7150935177111454
    ]
  }, 
  {
    "img": "/media/hdd/YCBvideo/YCB_Video_Dataset/YCB_Video_Dataset/data/0047/000007-label.png", 
    "mask": "/media/hdd/YCBvideo/YCB_Video_Dataset/Generated_YCB_Video_Dataset/mask/0047/000007-mask-00.png", 
    "depth_minmax": [
      0.673, 
      0.773
    ], 
    "model": "/media/hdd/YCBvideo/YCB_Video_Dataset/YCB_Video_Dataset/models/037_scissors/textured.obj", 
    "rot_mat": [
      [
        -0.9125200122306453, 
        0.4055004113943659, 
        -0.05363757573139306
      ], 
      [
        -0.3627760324815458, 
        -0.741763740072141, 
        0.5640746811147104
      ], 
      [
        0.18894589633290196, 
        0.5341878879130509, 
        0.8239807674430356
      ]
    ], 
    "trans_mat": [
      -0.0588452136387011, 
      0.04087399317341369, 
      0.7151090097384053
    ]
  }, 
  {
    "img": "/media/hdd/YCBvideo/YCB_Video_Dataset/YCB_Video_Dataset/data/0047/000008-label.png", 
    "mask": "/media/hdd/YCBvideo/YCB_Video_Dataset/Generated_YCB_Video_Dataset/mask/0047/000008-mask-00.png", 
    "depth_minmax": [
      0.673, 
      0.769
    ], 
    "model": "/media/hdd/YCBvideo/YCB_Video_Dataset/YCB_Video_Dataset/models/037_scissors/textured.obj", 
    "rot_mat": [
      [
        -0.912929337861652, 
        0.4045929401767819, 
        -0.05352078456327291
      ], 
      [
        -0.3620229239174297, 
        -0.7422821317224457, 
        0.5638764180268921
      ], 
      [
        0.18841241128790667, 
        0.5341550694424262, 
        0.8241234897601961
      ]
    ], 
    "trans_mat": [
      -0.0586753424057504, 
      0.041139684040215375, 
      0.7151838763319167
    ]
  }, 
  {
    "img": "/media/hdd/YCBvideo/YCB_Video_Dataset/YCB_Video_Dataset/data/0047/000009-label.png", 
    "mask": "/media/hdd/YCBvideo/YCB_Video_Dataset/Generated_YCB_Video_Dataset/mask/0047/000009-mask-00.png", 
    "depth_minmax": [
      0.673, 
      0.769
    ], 
    "model": "/media/hdd/YCBvideo/YCB_Video_Dataset/YCB_Video_Dataset/models/037_scissors/textured.obj", 
    "rot_mat": [
      [
        -0.9121523485898134, 
        0.4064199053900144, 
        -0.05292504757586746
      ], 
      [
        -0.36308194917212994, 
        -0.7413940569959704, 
        0.5643632398325085
      ], 
      [
        0.19013018634026527, 
        0.5340019433460987, 
        0.8238289288976056
      ]
    ], 
    "trans_mat": [
      -0.05877005778166136, 
      0.041402619518745264, 
      0.7150753873736592
    ]
  }, 
  {
    "img": "/media/hdd/YCBvideo/YCB_Video_Dataset/YCB_Video_Dataset/data/0047/000010-label.png", 
    "mask": "/media/hdd/YCBvideo/YCB_Video_Dataset/Generated_YCB_Video_Dataset/mask/0047/000010-mask-00.png", 
    "depth_minmax": [
      0.673, 
      0.764
    ], 
    "model": "/media/hdd/YCBvideo/YCB_Video_Dataset/YCB_Video_Dataset/models/037_scissors/textured.obj", 
    "rot_mat": [
      [
        -0.9139623373539812, 
        0.40240405634867144, 
        -0.05237642339539707
      ], 
      [
        -0.35940661135620056, 
        -0.742778417846378, 
        0.564896363529849
      ], 
      [
        0.18841272565344927, 
        0.5351182212022728, 
        0.82349854972767
      ]
    ], 
    "trans_mat": [
      -0.05788784598968594, 
      0.04114713095145076, 
      0.7150635372833829
    ]
  }, 
  {
    "img": "/media/hdd/YCBvideo/YCB_Video_Dataset/YCB_Video_Dataset/data/0047/000011-label.png", 
    "mask": "/media/hdd/YCBvideo/YCB_Video_Dataset/Generated_YCB_Video_Dataset/mask/0047/000011-mask-00.png", 
    "depth_minmax": [
      0.673, 
      0.769
    ], 
    "model": "/media/hdd/YCBvideo/YCB_Video_Dataset/YCB_Video_Dataset/models/037_scissors/textured.obj", 
    "rot_mat": [
      [
        -0.9116411593559473, 
        0.4076710598731321, 
        -0.052108567973599626
      ], 
      [
        -0.3637257889063351, 
        -0.7412642815469997, 
        0.564120313633772
      ], 
      [
        0.1913495497659609, 
        0.5332284519108034, 
        0.8240482785731545
      ]
    ], 
    "trans_mat": [
      -0.057679611380978636, 
      0.04111472777735684, 
      0.7151759504668914
    ]
  }, 
  {
    "img": "/media/hdd/YCBvideo/YCB_Video_Dataset/YCB_Video_Dataset/data/0047/000012-label.png", 
    "mask": "/media/hdd/YCBvideo/YCB_Video_Dataset/Generated_YCB_Video_Dataset/mask/0047/000012-mask-00.png", 
    "depth_minmax": [
      0.673, 
      0.769
    ], 
    "model": "/media/hdd/YCBvideo/YCB_Video_Dataset/YCB_Video_Dataset/models/037_scissors/textured.obj", 
    "rot_mat": [
      [
        -0.9125149919250467, 
        0.40596719409305615, 
        -0.05007265983470387
      ], 
      [
        -0.36104044354399806, 
        -0.7418296633316527, 
        0.5651012212864425
      ], 
      [
        0.1922672175650004, 
        0.5337412805726962, 
        0.8235019322584066
      ]
    ], 
    "trans_mat": [
      -0.05769081241570341, 
      0.0419264111798989, 
      0.7152310539683313
    ]
  }, 
  {
    "img": "/media/hdd/YCBvideo/YCB_Video_Dataset/YCB_Video_Dataset/data/0047/000013-label.png", 
    "mask": "/media/hdd/YCBvideo/YCB_Video_Dataset/Generated_YCB_Video_Dataset/mask/0047/000013-mask-00.png", 
    "depth_minmax": [
      0.673, 
      0.773
    ], 
    "model": "/media/hdd/YCBvideo/YCB_Video_Dataset/YCB_Video_Dataset/models/037_scissors/textured.obj", 
    "rot_mat": [
      [
        -0.9122366078406077, 
        0.4068331200197168, 
        -0.04807142729992771
      ], 
      [
        -0.3603383487267724, 
        -0.7410353509686948, 
        0.5665896086065008
      ], 
      [
        0.1948843702128312, 
        0.5341855429229204, 
        0.8225976920115285
      ]
    ], 
    "trans_mat": [
      -0.05819199551828297, 
      0.042538380020217245, 
      0.7153599294510521
    ]
  }, 
  {
    "img": "/media/hdd/YCBvideo/YCB_Video_Dataset/YCB_Video_Dataset/data/0047/000014-label.png", 
    "mask": "/media/hdd/YCBvideo/YCB_Video_Dataset/Generated_YCB_Video_Dataset/mask/0047/000014-mask-00.png", 
    "depth_minmax": [
      0.674, 
      0.769
    ], 
    "model": "/media/hdd/YCBvideo/YCB_Video_Dataset/YCB_Video_Dataset/models/037_scissors/textured.obj", 
    "rot_mat": [
      [
        -0.9126937545574052, 
        0.40541249372532306, 
        -0.0512999287438867
      ], 
      [
        -0.3611529173058232, 
        -0.7415018206405101, 
        0.5654583853979691
      ], 
      [
        0.19120538025297065, 
        0.5346184790121428, 
        0.8231804298470369
      ]
    ], 
    "trans_mat": [
      -0.058551539275944316, 
      0.04267841792040617, 
      0.7155677972101158
    ]
  }, 
  {
    "img": "/media/hdd/YCBvideo/YCB_Video_Dataset/YCB_Video_Dataset/data/0047/000015-label.png", 
    "mask": "/media/hdd/YCBvideo/YCB_Video_Dataset/Generated_YCB_Video_Dataset/mask/0047/000015-mask-00.png", 
    "depth_minmax": [
      0.674, 
      0.774
    ], 
    "model": "/media/hdd/YCBvideo/YCB_Video_Dataset/YCB_Video_Dataset/models/037_scissors/textured.obj", 
    "rot_mat": [
      [
        -0.9116393646072026, 
        0.40747478645287205, 
        -0.05364842094223895
      ], 
      [
        -0.364102855847526, 
        -0.7401767077840954, 
        0.5653025783588406
      ], 
      [
        0.19063754207250813, 
        0.5348860933074455, 
        0.823137606813229
      ]
    ], 
    "trans_mat": [
      -0.0592976558302336, 
      0.042339988775098335, 
      0.7158307004721473
    ]
  }, 
  {
    "img": "/media/hdd/YCBvideo/YCB_Video_Dataset/YCB_Video_Dataset/data/0047/000016-label.png", 
    "mask": "/media/hdd/YCBvideo/YCB_Video_Dataset/Generated_YCB_Video_Dataset/mask/0047/000016-mask-00.png", 
    "depth_minmax": [
      0.674, 
      0.773
    ], 
    "model": "/media/hdd/YCBvideo/YCB_Video_Dataset/YCB_Video_Dataset/models/037_scissors/textured.obj", 
    "rot_mat": [
      [
        -0.9119303903036726, 
        0.40696736974613174, 
        -0.052540184018034605
      ], 
      [
        -0.3627260663583532, 
        -0.7396032733445153, 
        0.566936917172332
      ], 
      [
        0.19186550394778223, 
        0.5360645643446903, 
        0.8220843343619896
      ]
    ], 
    "trans_mat": [
      -0.059047168516102096, 
      0.04282555691193733, 
      0.7157205111976443
    ]
  }, 
  {
    "img": "/media/hdd/YCBvideo/YCB_Video_Dataset/YCB_Video_Dataset/data/0047/000017-label.png", 
    "mask": "/media/hdd/YCBvideo/YCB_Video_Dataset/Generated_YCB_Video_Dataset/mask/0047/000017-mask-00.png", 
    "depth_minmax": [
      0.674, 
      0.773
    ], 
    "model": "/media/hdd/YCBvideo/YCB_Video_Dataset/YCB_Video_Dataset/models/037_scissors/textured.obj", 
    "rot_mat": [
      [
        -0.9130120458065446, 
        0.404882010023737, 
        -0.04979689138803605
      ], 
      [
        -0.35951845201062077, 
        -0.7409543327993712, 
        0.5672156138642775
      ], 
      [
        0.19275859090890457, 
        0.5357783740776119, 
        0.8220632724188573
      ]
    ], 
    "trans_mat": [
      -0.059389646502911196, 
      0.04314015905771314, 
      0.7159591316708724
    ]
  }, 
  {
    "img": "/media/hdd/YCBvideo/YCB_Video_Dataset/YCB_Video_Dataset/data/0047/000018-label.png", 
    "mask": "/media/hdd/YCBvideo/YCB_Video_Dataset/Generated_YCB_Video_Dataset/mask/0047/000018-mask-00.png", 
    "depth_minmax": [
      0.675, 
      0.773
    ], 
    "model": "/media/hdd/YCBvideo/YCB_Video_Dataset/YCB_Video_Dataset/models/037_scissors/textured.obj", 
    "rot_mat": [
      [
        -0.913131113215243, 
        0.40430427131506896, 
        -0.05224293191767862
      ], 
      [
        -0.360395130160156, 
        -0.7406963653906635, 
        0.5669955429839482
      ], 
      [
        0.19054282436885062, 
        0.5365696762041345, 
        0.8220631376562414
      ]
    ], 
    "trans_mat": [
      -0.058870447850880386, 
      0.04367575563402264, 
      0.715829840173737
    ]
  }, 
  {
    "img": "/media/hdd/YCBvideo/YCB_Video_Dataset/YCB_Video_Dataset/data/0047/000019-label.png", 
    "mask": "/media/hdd/YCBvideo/YCB_Video_Dataset/Generated_YCB_Video_Dataset/mask/0047/000019-mask-00.png", 
    "depth_minmax": [
      0.675, 
      0.77
    ], 
    "model": "/media/hdd/YCBvideo/YCB_Video_Dataset/YCB_Video_Dataset/models/037_scissors/textured.obj", 
    "rot_mat": [
      [
        -0.912673231087624, 
        0.40581005957885785, 
        -0.04843740835251905
      ], 
      [
        -0.35913487662292337, 
        -0.7397868818473052, 
        0.5689787420364589
      ], 
      [
        0.1950646569451492, 
        0.5366882875798874, 
        0.8209247977594788
      ]
    ], 
    "trans_mat": [
      -0.05890489286112473, 
      0.044758788146858526, 
      0.7159345150009923
    ]
  }, 
  {
    "img": "/media/hdd/YCBvideo/YCB_Video_Dataset/YCB_Video_Dataset/data/0047/000020-label.png", 
    "mask": "/media/hdd/YCBvideo/YCB_Video_Dataset/Generated_YCB_Video_Dataset/mask/0047/000020-mask-00.png", 
    "depth_minmax": [
      0.676, 
      0.766
    ], 
    "model": "/media/hdd/YCBvideo/YCB_Video_Dataset/YCB_Video_Dataset/models/037_scissors/textured.obj", 
    "rot_mat": [
      [
        -0.9132448899225629, 
        0.4045346610567984, 
        -0.04832362185484683
      ], 
      [
        -0.3578426878803552, 
        -0.7397698039415439, 
        0.5698150462728783
      ], 
      [
        0.19476204518156026, 
        0.537674300967124, 
        0.8203513387369373
      ]
    ], 
    "trans_mat": [
      -0.058866767182833075, 
      0.045203648612776315, 
      0.7159042949265506
    ]
  }, 
  {
    "img": "/media/hdd/YCBvideo/YCB_Video_Dataset/YCB_Video_Dataset/data/0047/000021-label.png", 
    "mask": "/media/hdd/YCBvideo/YCB_Video_Dataset/Generated_YCB_Video_Dataset/mask/0047/000021-mask-00.png", 
    "depth_minmax": [
      0.677, 
      0.773
    ], 
    "model": "/media/hdd/YCBvideo/YCB_Video_Dataset/YCB_Video_Dataset/models/037_scissors/textured.obj", 
    "rot_mat": [
      [
        -0.9135382203939288, 
        0.4037814917560046, 
        -0.04908351640968454
      ], 
      [
        -0.3576945798112459, 
        -0.740033840591977, 
        0.5695654564340896
      ], 
      [
        0.19365656626503808, 
        0.5378764977407728, 
        0.8204804070752091
      ]
    ], 
    "trans_mat": [
      -0.059254809148102015, 
      0.044826716028218645, 
      0.7158309207986779
    ]
  }, 
  {
    "img": "/media/hdd/YCBvideo/YCB_Video_Dataset/YCB_Video_Dataset/data/0047/000022-label.png", 
    "mask": "/media/hdd/YCBvideo/YCB_Video_Dataset/Generated_YCB_Video_Dataset/mask/0047/000022-mask-00.png", 
    "depth_minmax": [
      0.677, 
      0.774
    ], 
    "model": "/media/hdd/YCBvideo/YCB_Video_Dataset/YCB_Video_Dataset/models/037_scissors/textured.obj", 
    "rot_mat": [
      [
        -0.9142319159421191, 
        0.40247338760815893, 
        -0.04685663135322022
      ], 
      [
        -0.35574569178251936, 
        -0.7419241221635128, 
        0.5683251118635921
      ], 
      [
        0.19397210056694658, 
        0.5362502191659043, 
        0.8214701404792838
      ]
    ], 
    "trans_mat": [
      -0.05950697244409313, 
      0.044765135884446416, 
      0.7157505571092903
    ]
  }, 
  {
    "img": "/media/hdd/YCBvideo/YCB_Video_Dataset/YCB_Video_Dataset/data/0047/000023-label.png", 
    "mask": "/media/hdd/YCBvideo/YCB_Video_Dataset/Generated_YCB_Video_Dataset/mask/0047/000023-mask-00.png", 
    "depth_minmax": [
      0.676, 
      0.774
    ], 
    "model": "/media/hdd/YCBvideo/YCB_Video_Dataset/YCB_Video_Dataset/models/037_scissors/textured.obj", 
    "rot_mat": [
      [
        -0.913296401435764, 
        0.4042744179676236, 
        -0.04950810533318891
      ], 
      [
        -0.35838522606946094, 
        -0.7399122388773743, 
        0.5692891808672685
      ], 
      [
        0.19351808643131238, 
        0.537673366762257, 
        0.8206464985092496
      ]
    ], 
    "trans_mat": [
      -0.05871156773231285, 
      0.04486844234192352, 
      0.7156479956428751
    ]
  }, 
  {
    "img": "/media/hdd/YCBvideo/YCB_Video_Dataset/YCB_Video_Dataset/data/0047/000024-label.png", 
    "mask": "/media/hdd/YCBvideo/YCB_Video_Dataset/Generated_YCB_Video_Dataset/mask/0047/000024-mask-00.png", 
    "depth_minmax": [
      0.677, 
      0.774
    ], 
    "model": "/media/hdd/YCBvideo/YCB_Video_Dataset/YCB_Video_Dataset/models/037_scissors/textured.obj", 
    "rot_mat": [
      [
        -0.9125542184110025, 
        0.4057526033275982, 
        -0.05109161904187934
      ], 
      [
        -0.36032368688541366, 
        -0.7386470375764581, 
        0.5697073604701737
      ], 
      [
        0.1934218194196674, 
        0.5382984023025619, 
        0.820258810999192
      ]
    ], 
    "trans_mat": [
      -0.05869823560896805, 
      0.04439097007724304, 
      0.7155566996218916
    ]
  }, 
  {
    "img": "/media/hdd/YCBvideo/YCB_Video_Dataset/YCB_Video_Dataset/data/0047/000025-label.png", 
    "mask": "/media/hdd/YCBvideo/YCB_Video_Dataset/Generated_YCB_Video_Dataset/mask/0047/000025-mask-00.png", 
    "depth_minmax": [
      0.675, 
      0.773
    ], 
    "model": "/media/hdd/YCBvideo/YCB_Video_Dataset/YCB_Video_Dataset/models/037_scissors/textured.obj", 
    "rot_mat": [
      [
        -0.91314170766908, 
        0.4045245128340801, 
        -0.05031291371919415
      ], 
      [
        -0.35927326828732964, 
        -0.7403280756372017, 
        0.5681867832295144
      ], 
      [
        0.1925978997032138, 
        0.5369117984569396, 
        0.8213607406689635
      ]
    ], 
    "trans_mat": [
      -0.05906755728954814, 
      0.043791639426644664, 
      0.7157664605674945
    ]
  }, 
  {
    "img": "/media/hdd/YCBvideo/YCB_Video_Dataset/YCB_Video_Dataset/data/0047/000026-label.png", 
    "mask": "/media/hdd/YCBvideo/YCB_Video_Dataset/Generated_YCB_Video_Dataset/mask/0047/000026-mask-00.png", 
    "depth_minmax": [
      0.674, 
      0.773
    ], 
    "model": "/media/hdd/YCBvideo/YCB_Video_Dataset/YCB_Video_Dataset/models/037_scissors/textured.obj", 
    "rot_mat": [
      [
        -0.9135210454124277, 
        0.4035972364063984, 
        -0.05087332717781261
      ], 
      [
        -0.35897181988851123, 
        -0.7409791729766702, 
        0.5675288737045816
      ], 
      [
        0.19135664138151903, 
        0.5367117804565502, 
        0.8217813423700148
      ]
    ], 
    "trans_mat": [
      -0.059141689657431544, 
      0.04358228461881977, 
      0.7158894446270991
    ]
  }, 
  {
    "img": "/media/hdd/YCBvideo/YCB_Video_Dataset/YCB_Video_Dataset/data/0047/000027-label.png", 
    "mask": "/media/hdd/YCBvideo/YCB_Video_Dataset/Generated_YCB_Video_Dataset/mask/0047/000027-mask-00.png", 
    "depth_minmax": [
      0.674, 
      0.773
    ], 
    "model": "/media/hdd/YCBvideo/YCB_Video_Dataset/YCB_Video_Dataset/models/037_scissors/textured.obj", 
    "rot_mat": [
      [
        -0.9136050059338308, 
        0.40332520456779913, 
        -0.05152830518821731
      ], 
      [
        -0.3588545936056844, 
        -0.7402311621366314, 
        0.5685783073889956
      ], 
      [
        0.19117862193410787, 
        0.5379472570963467, 
        0.8210146271704947
      ]
    ], 
    "trans_mat": [
      -0.059864052221039486, 
      0.04365882403175223, 
      0.716233784528213
    ]
  }, 
  {
    "img": "/media/hdd/YCBvideo/YCB_Video_Dataset/YCB_Video_Dataset/data/0047/000028-label.png", 
    "mask": "/media/hdd/YCBvideo/YCB_Video_Dataset/Generated_YCB_Video_Dataset/mask/0047/000028-mask-00.png", 
    "depth_minmax": [
      0.674, 
      0.773
    ], 
    "model": "/media/hdd/YCBvideo/YCB_Video_Dataset/YCB_Video_Dataset/models/037_scissors/textured.obj", 
    "rot_mat": [
      [
        -0.9133736588095179, 
        0.4037723292202769, 
        -0.0521108814854835
      ], 
      [
        -0.359506558540594, 
        -0.7398478835950774, 
        0.5686659296074311
      ], 
      [
        0.19105792476431946, 
        0.538139421749241, 
        0.8209168841352978
      ]
    ], 
    "trans_mat": [
      -0.05976983195014244, 
      0.04352324092140787, 
      0.7165379669849424
    ]
  }, 
  {
    "img": "/media/hdd/YCBvideo/YCB_Video_Dataset/YCB_Video_Dataset/data/0047/000029-label.png", 
    "mask": "/media/hdd/YCBvideo/YCB_Video_Dataset/Generated_YCB_Video_Dataset/mask/0047/000029-mask-00.png", 
    "depth_minmax": [
      0.676, 
      0.774
    ], 
    "model": "/media/hdd/YCBvideo/YCB_Video_Dataset/YCB_Video_Dataset/models/037_scissors/textured.obj", 
    "rot_mat": [
      [
        -0.914022983705267, 
        0.4023254660796963, 
        -0.051918610431942874
      ], 
      [
        -0.3582559353899415, 
        -0.7405330111330002, 
        0.5685623204370123
      ], 
      [
        0.19029989120898147, 
        0.5382795631860808, 
        0.8210006502588171
      ]
    ], 
    "trans_mat": [
      -0.05940824833643524, 
      0.044054609252515, 
      0.7167810845564766
    ]
  }, 
  {
    "img": "/media/hdd/YCBvideo/YCB_Video_Dataset/YCB_Video_Dataset/data/0047/000030-label.png", 
    "mask": "/media/hdd/YCBvideo/YCB_Video_Dataset/Generated_YCB_Video_Dataset/mask/0047/000030-mask-00.png", 
    "depth_minmax": [
      0.677, 
      0.77
    ], 
    "model": "/media/hdd/YCBvideo/YCB_Video_Dataset/YCB_Video_Dataset/models/037_scissors/textured.obj", 
    "rot_mat": [
      [
        -0.9139583026525571, 
        0.40266838021057183, 
        -0.05037521764106688
      ], 
      [
        -0.3576460470553652, 
        -0.7406046198352898, 
        0.5688528905119762
      ], 
      [
        0.19175173737850026, 
        0.5379253720564985, 
        0.8208952166356391
      ]
    ], 
    "trans_mat": [
      -0.059041383858635076, 
      0.044339499652210485, 
      0.7172751590312377
    ]
  }, 
  {
    "img": "/media/hdd/YCBvideo/YCB_Video_Dataset/YCB_Video_Dataset/data/0047/000031-label.png", 
    "mask": "/media/hdd/YCBvideo/YCB_Video_Dataset/Generated_YCB_Video_Dataset/mask/0047/000031-mask-00.png", 
    "depth_minmax": [
      0.678, 
      0.771
    ], 
    "model": "/media/hdd/YCBvideo/YCB_Video_Dataset/YCB_Video_Dataset/models/037_scissors/textured.obj", 
    "rot_mat": [
      [
        -0.913684800518187, 
        0.4035165656339531, 
        -0.04852891937103167
      ], 
      [
        -0.35736933021673145, 
        -0.7407900373067828, 
        0.5687856124600992
      ], 
      [
        0.1935651197218718, 
        0.5370339040021929, 
        0.8210540053299427
      ]
    ], 
    "trans_mat": [
      -0.058942012412809754, 
      0.044987180257033, 
      0.7178758623701028
    ]
  }, 
  {
    "img": "/media/hdd/YCBvideo/YCB_Video_Dataset/YCB_Video_Dataset/data/0047/000032-label.png", 
    "mask": "/media/hdd/YCBvideo/YCB_Video_Dataset/Generated_YCB_Video_Dataset/mask/0047/000032-mask-00.png", 
    "depth_minmax": [
      0.679, 
      0.777
    ], 
    "model": "/media/hdd/YCBvideo/YCB_Video_Dataset/YCB_Video_Dataset/models/037_scissors/textured.obj", 
    "rot_mat": [
      [
        -0.9149215724416774, 
        0.4002034444478482, 
        -0.052496160003582724
      ], 
      [
        -0.3566308456934111, 
        -0.7406087679040441, 
        0.5694855472044532
      ], 
      [
        0.18903076715876246, 
        0.5397563387963848, 
        0.8203243073114046
      ]
    ], 
    "trans_mat": [
      -0.05983331602813522, 
      0.045639362168497, 
      0.718365578728073
    ]
  }, 
  {
    "img": "/media/hdd/YCBvideo/YCB_Video_Dataset/YCB_Video_Dataset/data/0047/000033-label.png", 
    "mask": "/media/hdd/YCBvideo/YCB_Video_Dataset/Generated_YCB_Video_Dataset/mask/0047/000033-mask-00.png", 
    "depth_minmax": [
      0.678, 
      0.782
    ], 
    "model": "/media/hdd/YCBvideo/YCB_Video_Dataset/YCB_Video_Dataset/models/037_scissors/textured.obj", 
    "rot_mat": [
      [
        -0.9135383172464356, 
        0.4030126486561557, 
        -0.055035498136838466
      ], 
      [
        -0.3601513475824766, 
        -0.7385516437857164, 
        0.5699413188384561
      ], 
      [
        0.18904614287277763, 
        0.5404839347539437, 
        0.8198410470820177
      ]
    ], 
    "trans_mat": [
      -0.06166826634113512, 
      0.04572739887291444, 
      0.7191856132053627
    ]
  }, 
  {
    "img": "/media/hdd/YCBvideo/YCB_Video_Dataset/YCB_Video_Dataset/data/0047/000034-label.png", 
    "mask": "/media/hdd/YCBvideo/YCB_Video_Dataset/Generated_YCB_Video_Dataset/mask/0047/000034-mask-00.png", 
    "depth_minmax": [
      0.679, 
      0.781
    ], 
    "model": "/media/hdd/YCBvideo/YCB_Video_Dataset/YCB_Video_Dataset/models/037_scissors/textured.obj", 
    "rot_mat": [
      [
        -0.9143794480743754, 
        0.40101232450703517, 
        -0.05567091378305053
      ], 
      [
        -0.3587795244423891, 
        -0.7389011583575253, 
        0.5703521798523399
      ], 
      [
        0.18758297571752963, 
        0.5414929899621264, 
        0.8195119769035372
      ]
    ], 
    "trans_mat": [
      -0.06336516174349238, 
      0.04601423605738246, 
      0.7196331250662878
    ]
  }, 
  {
    "img": "/media/hdd/YCBvideo/YCB_Video_Dataset/YCB_Video_Dataset/data/0047/000035-label.png", 
    "mask": "/media/hdd/YCBvideo/YCB_Video_Dataset/Generated_YCB_Video_Dataset/mask/0047/000035-mask-00.png", 
    "depth_minmax": [
      0.679, 
      0.774
    ], 
    "model": "/media/hdd/YCBvideo/YCB_Video_Dataset/YCB_Video_Dataset/models/037_scissors/textured.obj", 
    "rot_mat": [
      [
        -0.914777774848786, 
        0.3999478912196769, 
        -0.05677388857649348
      ], 
      [
        -0.3584498248460463, 
        -0.73886316332561, 
        0.5706082339209443
      ], 
      [
        0.18626494850068023, 
        0.5423308970816856, 
        0.8192583074325822
      ]
    ], 
    "trans_mat": [
      -0.06295119725229706, 
      0.0463652947279356, 
      0.7201160004880934
    ]
  }, 
  {
    "img": "/media/hdd/YCBvideo/YCB_Video_Dataset/YCB_Video_Dataset/data/0047/000036-label.png", 
    "mask": "/media/hdd/YCBvideo/YCB_Video_Dataset/Generated_YCB_Video_Dataset/mask/0047/000036-mask-00.png", 
    "depth_minmax": [
      0.678, 
      0.778
    ], 
    "model": "/media/hdd/YCBvideo/YCB_Video_Dataset/YCB_Video_Dataset/models/037_scissors/textured.obj", 
    "rot_mat": [
      [
        -0.9167678776250112, 
        0.3958651852200667, 
        -0.05317341189829186
      ], 
      [
        -0.3527395226684208, 
        -0.7399631459890863, 
        0.5727392870331023
      ], 
      [
        0.18738178311517256, 
        0.5438252048090635, 
        0.8180118256997936
      ]
    ], 
    "trans_mat": [
      -0.06246593709167839, 
      0.047389227189924846, 
      0.7203997392624434
    ]
  }, 
  {
    "img": "/media/hdd/YCBvideo/YCB_Video_Dataset/YCB_Video_Dataset/data/0047/000037-label.png", 
    "mask": "/media/hdd/YCBvideo/YCB_Video_Dataset/Generated_YCB_Video_Dataset/mask/0047/000037-mask-00.png", 
    "depth_minmax": [
      0.681, 
      0.775
    ], 
    "model": "/media/hdd/YCBvideo/YCB_Video_Dataset/YCB_Video_Dataset/models/037_scissors/textured.obj", 
    "rot_mat": [
      [
        -0.9155395179039214, 
        0.39808458047685014, 
        -0.05759107353791669
      ], 
      [
        -0.356747892994617, 
        -0.7375153191859343, 
        0.5734133251057512
      ], 
      [
        0.18579239207185247, 
        0.545528695837517, 
        0.8172401445140055
      ]
    ], 
    "trans_mat": [
      -0.06277381048295037, 
      0.04642727124198839, 
      0.7204599020365149
    ]
  }, 
  {
    "img": "/media/hdd/YCBvideo/YCB_Video_Dataset/YCB_Video_Dataset/data/0047/000038-label.png", 
    "mask": "/media/hdd/YCBvideo/YCB_Video_Dataset/Generated_YCB_Video_Dataset/mask/0047/000038-mask-00.png", 
    "depth_minmax": [
      0.681, 
      0.779
    ], 
    "model": "/media/hdd/YCBvideo/YCB_Video_Dataset/YCB_Video_Dataset/models/037_scissors/textured.obj", 
    "rot_mat": [
      [
        -0.9164083901552257, 
        0.3964447987580637, 
        -0.05501913693817598
      ], 
      [
        -0.3543228521660727, 
        -0.7396332261935791, 
        0.5721863159436986
      ], 
      [
        0.18614667521577247, 
        0.5438518073725116, 
        0.8182767049447478
      ]
    ], 
    "trans_mat": [
      -0.06355308472167435, 
      0.045991506194763755, 
      0.7207244143577072
    ]
  }, 
  {
    "img": "/media/hdd/YCBvideo/YCB_Video_Dataset/YCB_Video_Dataset/data/0047/000039-label.png", 
    "mask": "/media/hdd/YCBvideo/YCB_Video_Dataset/Generated_YCB_Video_Dataset/mask/0047/000039-mask-00.png", 
    "depth_minmax": [
      0.681, 
      0.779
    ], 
    "model": "/media/hdd/YCBvideo/YCB_Video_Dataset/YCB_Video_Dataset/models/037_scissors/textured.obj", 
    "rot_mat": [
      [
        -0.915790987275582, 
        0.3979334892560789, 
        -0.054554590819718994
      ], 
      [
        -0.3553317857805745, 
        -0.7393382654980991, 
        0.5719425136901325
      ], 
      [
        0.18726139940213607, 
        0.5431648425443186, 
        0.8184785703512247
      ]
    ], 
    "trans_mat": [
      -0.06330182041773222, 
      0.0462040480897463, 
      0.7212698538258292
    ]
  }, 
  {
    "img": "/media/hdd/YCBvideo/YCB_Video_Dataset/YCB_Video_Dataset/data/0047/000040-label.png", 
    "mask": "/media/hdd/YCBvideo/YCB_Video_Dataset/Generated_YCB_Video_Dataset/mask/0047/000040-mask-00.png", 
    "depth_minmax": [
      0.681, 
      0.78
    ], 
    "model": "/media/hdd/YCBvideo/YCB_Video_Dataset/YCB_Video_Dataset/models/037_scissors/textured.obj", 
    "rot_mat": [
      [
        -0.9161011326627211, 
        0.3971623102666303, 
        -0.054958342626627806
      ], 
      [
        -0.35492185012008515, 
        -0.7395225122580791, 
        0.5719591402693366
      ], 
      [
        0.18651692503158063, 
        0.5434783960956391, 
        0.8184399543702013
      ]
    ], 
    "trans_mat": [
      -0.06398850478073428, 
      0.04595851765736436, 
      0.7216291849647967
    ]
  }, 
  {
    "img": "/media/hdd/YCBvideo/YCB_Video_Dataset/YCB_Video_Dataset/data/0047/000041-label.png", 
    "mask": "/media/hdd/YCBvideo/YCB_Video_Dataset/Generated_YCB_Video_Dataset/mask/0047/000041-mask-00.png", 
    "depth_minmax": [
      0.68, 
      0.78
    ], 
    "model": "/media/hdd/YCBvideo/YCB_Video_Dataset/YCB_Video_Dataset/models/037_scissors/textured.obj", 
    "rot_mat": [
      [
        -0.9165570842975244, 
        0.39601088955675073, 
        -0.05566849519906486
      ], 
      [
        -0.35417109417177933, 
        -0.7391931687012333, 
        0.5728484773004818
      ], 
      [
        0.18570510148009428, 
        0.54476503898075, 
        0.8177693016808153
      ]
    ], 
    "trans_mat": [
      -0.06463104031814255, 
      0.045713255925021616, 
      0.7222058510110777
    ]
  }, 
  {
    "img": "/media/hdd/YCBvideo/YCB_Video_Dataset/YCB_Video_Dataset/data/0047/000042-label.png", 
    "mask": "/media/hdd/YCBvideo/YCB_Video_Dataset/Generated_YCB_Video_Dataset/mask/0047/000042-mask-00.png", 
    "depth_minmax": [
      0.68, 
      0.781
    ], 
    "model": "/media/hdd/YCBvideo/YCB_Video_Dataset/YCB_Video_Dataset/models/037_scissors/textured.obj", 
    "rot_mat": [
      [
        -0.917032450509178, 
        0.3952416014852442, 
        -0.05325477042715809
      ], 
      [
        -0.3520811763149143, 
        -0.7396066198637427, 
        0.5736030985588341
      ], 
      [
        0.18732348162896434, 
        0.5447632861795899, 
        0.8174009506653215
      ]
    ], 
    "trans_mat": [
      -0.06620564800881627, 
      0.04532527634744811, 
      0.7227918733954247
    ]
  }, 
  {
    "img": "/media/hdd/YCBvideo/YCB_Video_Dataset/YCB_Video_Dataset/data/0047/000043-label.png", 
    "mask": "/media/hdd/YCBvideo/YCB_Video_Dataset/Generated_YCB_Video_Dataset/mask/0047/000043-mask-00.png", 
    "depth_minmax": [
      0.682, 
      0.786
    ], 
    "model": "/media/hdd/YCBvideo/YCB_Video_Dataset/YCB_Video_Dataset/models/037_scissors/textured.obj", 
    "rot_mat": [
      [
        -0.918044596211467, 
        0.39282293761999604, 
        -0.0537147734618501
      ], 
      [
        -0.3505476686075286, 
        -0.7409137695768176, 
        0.572855201166738
      ], 
      [
        0.18523203543369846, 
        0.5447358163624434, 
        0.8178952242126264
      ]
    ], 
    "trans_mat": [
      -0.06666407174192368, 
      0.04507298978165789, 
      0.7230675390345118
    ]
  }, 
  {
    "img": "/media/hdd/YCBvideo/YCB_Video_Dataset/YCB_Video_Dataset/data/0047/000044-label.png", 
    "mask": "/media/hdd/YCBvideo/YCB_Video_Dataset/Generated_YCB_Video_Dataset/mask/0047/000044-mask-00.png", 
    "depth_minmax": [
      0.682, 
      0.78
    ], 
    "model": "/media/hdd/YCBvideo/YCB_Video_Dataset/YCB_Video_Dataset/models/037_scissors/textured.obj", 
    "rot_mat": [
      [
        -0.9183209688211711, 
        0.3923543425054905, 
        -0.05239193786129677
      ], 
      [
        -0.3494101782392075, 
        -0.7412860865327032, 
        0.5730680109788399
      ], 
      [
        0.1860081605657902, 
        0.5445671231566571, 
        0.8178315052905865
      ]
    ], 
    "trans_mat": [
      -0.06493403446391219, 
      0.04566192144981984, 
      0.7232441529117879
    ]
  }, 
  {
    "img": "/media/hdd/YCBvideo/YCB_Video_Dataset/YCB_Video_Dataset/data/0047/000045-label.png", 
    "mask": "/media/hdd/YCBvideo/YCB_Video_Dataset/Generated_YCB_Video_Dataset/mask/0047/000045-mask-00.png", 
    "depth_minmax": [
      0.684, 
      0.78
    ], 
    "model": "/media/hdd/YCBvideo/YCB_Video_Dataset/YCB_Video_Dataset/models/037_scissors/textured.obj", 
    "rot_mat": [
      [
        -0.9182512229206944, 
        0.3925344869030841, 
        -0.05226751440572996
      ], 
      [
        -0.3492798775417633, 
        -0.7406406204722003, 
        0.5739814953132405
      ], 
      [
        0.18659605231310816, 
        0.5453157215033069, 
        0.8171984205731921
      ]
    ], 
    "trans_mat": [
      -0.06349748890748308, 
      0.04649855009906459, 
      0.7233669130943351
    ]
  }, 
  {
    "img": "/media/hdd/YCBvideo/YCB_Video_Dataset/YCB_Video_Dataset/data/0047/000046-label.png", 
    "mask": "/media/hdd/YCBvideo/YCB_Video_Dataset/Generated_YCB_Video_Dataset/mask/0047/000046-mask-00.png", 
    "depth_minmax": [
      0.682, 
      0.781
    ], 
    "model": "/media/hdd/YCBvideo/YCB_Video_Dataset/YCB_Video_Dataset/models/037_scissors/textured.obj", 
    "rot_mat": [
      [
        -0.9189104485752697, 
        0.39125937609466577, 
        -0.05019152580430536
      ], 
      [
        -0.34659021487423336, 
        -0.7400643099962739, 
        0.5763507634837265
      ], 
      [
        0.18835799320168375, 
        0.5470109458677749, 
        0.8156605901598063
      ]
    ], 
    "trans_mat": [
      -0.06291754068683093, 
      0.04729261752603496, 
      0.7236489945178717
    ]
  }, 
  {
    "img": "/media/hdd/YCBvideo/YCB_Video_Dataset/YCB_Video_Dataset/data/0047/000047-label.png", 
    "mask": "/media/hdd/YCBvideo/YCB_Video_Dataset/Generated_YCB_Video_Dataset/mask/0047/000047-mask-00.png", 
    "depth_minmax": [
      0.683, 
      0.782
    ], 
    "model": "/media/hdd/YCBvideo/YCB_Video_Dataset/YCB_Video_Dataset/models/037_scissors/textured.obj", 
    "rot_mat": [
      [
        -0.9189699030720175, 
        0.39110686088198887, 
        -0.05030421353405187
      ], 
      [
        -0.34658026782061796, 
        -0.7402483109350773, 
        0.576120383383645
      ], 
      [
        0.18808730989908487, 
        0.5468715007581997, 
        0.8158162323194174
      ]
    ], 
    "trans_mat": [
      -0.062931941098332, 
      0.04755672386625846, 
      0.7239837943626515
    ]
  }, 
  {
    "img": "/media/hdd/YCBvideo/YCB_Video_Dataset/YCB_Video_Dataset/data/0047/000048-label.png", 
    "mask": "/media/hdd/YCBvideo/YCB_Video_Dataset/Generated_YCB_Video_Dataset/mask/0047/000048-mask-00.png", 
    "depth_minmax": [
      0.683, 
      0.778
    ], 
    "model": "/media/hdd/YCBvideo/YCB_Video_Dataset/YCB_Video_Dataset/models/037_scissors/textured.obj", 
    "rot_mat": [
      [
        -0.9185936340916123, 
        0.39222402106432036, 
        -0.04844772967840807
      ], 
      [
        -0.34629210155036577, 
        -0.7397597938543634, 
        0.576920019794735
      ], 
      [
        0.19044196729300367, 
        0.5467329489482755, 
        0.8153629746773292
      ]
    ], 
    "trans_mat": [
      -0.06307267317948313, 
      0.04808488122205262, 
      0.7243247392659333
    ]
  }, 
  {
    "img": "/media/hdd/YCBvideo/YCB_Video_Dataset/YCB_Video_Dataset/data/0047/000049-label.png", 
    "mask": "/media/hdd/YCBvideo/YCB_Video_Dataset/Generated_YCB_Video_Dataset/mask/0047/000049-mask-00.png", 
    "depth_minmax": [
      0.684, 
      0.777
    ], 
