[
  {
    "img": "/media/hdd/YCBvideo/YCB_Video_Dataset/YCB_Video_Dataset/data/0049/000001-label.png", 
    "mask": "/media/hdd/YCBvideo/YCB_Video_Dataset/Generated_YCB_Video_Dataset/mask/0049/000001-mask-00.png", 
    "depth_minmax": [
      0.7, 
      0.833
    ], 
    "model": "/media/hdd/YCBvideo/YCB_Video_Dataset/YCB_Video_Dataset/models/004_sugar_box/textured.obj", 
    "rot_mat": [
      [
        -0.09398017740507172, 
        0.9402408046827869, 
        0.32728237154622947
      ], 
      [
        -0.6915469042818773, 
        0.1748326445853499, 
        -0.700853597430254
      ], 
      [
        -0.7161914346658317, 
        -0.292197602580755, 
        0.6337906373915762
      ]
    ], 
    "trans_mat": [
      0.021487144097001136, 
      -0.01228847197362843, 
      0.7836220560987197
    ]
  }, 
  {
    "img": "/media/hdd/YCBvideo/YCB_Video_Dataset/YCB_Video_Dataset/data/0049/000001-label.png", 
    "mask": "/media/hdd/YCBvideo/YCB_Video_Dataset/Generated_YCB_Video_Dataset/mask/0049/000001-mask-01.png", 
    "depth_minmax": [
      0.899, 
      0.953
    ], 
    "model": "/media/hdd/YCBvideo/YCB_Video_Dataset/YCB_Video_Dataset/models/007_tuna_fish_can/textured.obj", 
    "rot_mat": [
      [
        0.6418819717487884, 
        0.7582765724039574, 
        0.11403544242068454
      ], 
      [
        -0.5586369169004002, 
        0.3605552659979696, 
        0.7469431135987115
      ], 
      [
        0.5252732680735938, 
        -0.5431539474511037, 
        0.6550358024234259
      ]
    ], 
    "trans_mat": [
      0.14903674517755178, 
      -0.09515361987178408, 
      0.939872100310821
    ]
  }, 
  {
    "img": "/media/hdd/YCBvideo/YCB_Video_Dataset/YCB_Video_Dataset/data/0049/000002-label.png", 
    "mask": "/media/hdd/YCBvideo/YCB_Video_Dataset/Generated_YCB_Video_Dataset/mask/0049/000002-mask-00.png", 
    "depth_minmax": [
      0.7, 
      0.831
    ], 
    "model": "/media/hdd/YCBvideo/YCB_Video_Dataset/YCB_Video_Dataset/models/004_sugar_box/textured.obj", 
    "rot_mat": [
      [
        -0.09416447559570058, 
        0.9398188670685547, 
        0.32843989665479384
      ], 
      [
        -0.6920479791923293, 
        0.1753687712798841, 
        -0.7002247771087258
      ], 
      [
        -0.7156833054148423, 
        -0.2932323653306758, 
        0.6338866604114798
      ]
    ], 
    "trans_mat": [
      0.021634189844521007, 
      -0.01155372453970001, 
      0.7837224969257083
    ]
  }, 
  {
    "img": "/media/hdd/YCBvideo/YCB_Video_Dataset/YCB_Video_Dataset/data/0049/000002-label.png", 
    "mask": "/media/hdd/YCBvideo/YCB_Video_Dataset/Generated_YCB_Video_Dataset/mask/0049/000002-mask-01.png", 
    "depth_minmax": [
      0.894, 
      0.964
    ], 
    "model": "/media/hdd/YCBvideo/YCB_Video_Dataset/YCB_Video_Dataset/models/007_tuna_fish_can/textured.obj", 
    "rot_mat": [
      [
        0.6428242653734874, 
        0.7574658658621498, 
        0.11411728513171829
      ], 
      [
        -0.5578352078650181, 
        0.3608028011749221, 
        0.7474226051364238
      ], 
      [
        0.5249728744653942, 
        -0.5441198845964741, 
        0.6544746606368428
      ]
    ], 
    "trans_mat": [
      0.14940101249488938, 
      -0.09422841413849632, 
      0.9398959383551312
    ]
  }, 
  {
    "img": "/media/hdd/YCBvideo/YCB_Video_Dataset/YCB_Video_Dataset/data/0049/000003-label.png", 
    "mask": "/media/hdd/YCBvideo/YCB_Video_Dataset/Generated_YCB_Video_Dataset/mask/0049/000003-mask-00.png", 
    "depth_minmax": [
      0.7, 
      0.832
    ], 
    "model": "/media/hdd/YCBvideo/YCB_Video_Dataset/YCB_Video_Dataset/models/004_sugar_box/textured.obj", 
    "rot_mat": [
      [
        -0.09258130768054726, 
        0.9404197998532687, 
        0.3271682842749268
      ], 
      [
        -0.6913379136848635, 
        0.17575561294604186, 
        -0.7008288720492712
      ], 
      [
        -0.716574460479055, 
        -0.29106693202643263, 
        0.6338770921301987
      ]
    ], 
    "trans_mat": [
      0.02062741929398658, 
      -0.010616724555665882, 
      0.7838257102003832
    ]
  }, 
  {
    "img": "/media/hdd/YCBvideo/YCB_Video_Dataset/YCB_Video_Dataset/data/0049/000003-label.png", 
    "mask": "/media/hdd/YCBvideo/YCB_Video_Dataset/Generated_YCB_Video_Dataset/mask/0049/000003-mask-01.png", 
    "depth_minmax": [
      0.894, 
      0.962
    ], 
    "model": "/media/hdd/YCBvideo/YCB_Video_Dataset/YCB_Video_Dataset/models/007_tuna_fish_can/textured.obj", 
    "rot_mat": [
      [
        0.6417682102074855, 
        0.7585793508888488, 
        0.11265802591956188
      ], 
      [
        -0.558299072665664, 
        0.3614236437517879, 
        0.7467759567319379
      ], 
      [
        0.5257717049336786, 
        -0.5421534507112437, 
        0.6554637833078754
      ]
    ], 
    "trans_mat": [
      0.1480718886372555, 
      -0.09343569307514377, 
      0.9401860465519487
    ]
  }, 
  {
    "img": "/media/hdd/YCBvideo/YCB_Video_Dataset/YCB_Video_Dataset/data/0049/000004-label.png", 
    "mask": "/media/hdd/YCBvideo/YCB_Video_Dataset/Generated_YCB_Video_Dataset/mask/0049/000004-mask-00.png", 
    "depth_minmax": [
      0.7, 
      0.834
    ], 
    "model": "/media/hdd/YCBvideo/YCB_Video_Dataset/YCB_Video_Dataset/models/004_sugar_box/textured.obj", 
    "rot_mat": [
      [
        -0.09142563465967513, 
        0.9404587617938774, 
        0.3273798109366418
      ], 
      [
        -0.6922287176788027, 
        0.17631386453803277, 
        -0.6998091349024698
      ], 
      [
        -0.715863686666939, 
        -0.2906023749011557, 
        0.6348932343408429
      ]
    ], 
    "trans_mat": [
      0.020282114948289257, 
      -0.010402034630086262, 
      0.7839685169427058
    ]
  }, 
  {
    "img": "/media/hdd/YCBvideo/YCB_Video_Dataset/YCB_Video_Dataset/data/0049/000004-label.png", 
    "mask": "/media/hdd/YCBvideo/YCB_Video_Dataset/Generated_YCB_Video_Dataset/mask/0049/000004-mask-01.png", 
    "depth_minmax": [
      0.892, 
      0.964
    ], 
    "model": "/media/hdd/YCBvideo/YCB_Video_Dataset/YCB_Video_Dataset/models/007_tuna_fish_can/textured.obj", 
    "rot_mat": [
      [
        0.6419216027524847, 
        0.7586210399826342, 
        0.11149330485167074
      ], 
      [
        -0.5571046876769667, 
        0.36152886188047045, 
        0.7476170359317136
      ], 
      [
        0.5268493212570026, 
        -0.5420250113455921, 
        0.6547049655650204
      ]
    ], 
    "trans_mat": [
      0.14769402313209012, 
      -0.09292553713158354, 
      0.9405113588783893
    ]
  }, 
  {
    "img": "/media/hdd/YCBvideo/YCB_Video_Dataset/YCB_Video_Dataset/data/0049/000005-label.png", 
    "mask": "/media/hdd/YCBvideo/YCB_Video_Dataset/Generated_YCB_Video_Dataset/mask/0049/000005-mask-00.png", 
    "depth_minmax": [
      0.702, 
      0.832
    ], 
    "model": "/media/hdd/YCBvideo/YCB_Video_Dataset/YCB_Video_Dataset/models/004_sugar_box/textured.obj", 
    "rot_mat": [
      [
        -0.09373672694824331, 
        0.9405180606776451, 
        0.3265555431363496
      ], 
      [
        -0.6914729139450766, 
        0.17448221853662194, 
        -0.7010142767198296
      ], 
      [
        -0.7162951402062919, 
        -0.2915155308897756, 
        0.6339872657840135
      ]
    ], 
    "trans_mat": [
      0.02138952140829914, 
      -0.011090242609615173, 
      0.7839695538142082
    ]
  }, 
  {
    "img": "/media/hdd/YCBvideo/YCB_Video_Dataset/YCB_Video_Dataset/data/0049/000005-label.png", 
    "mask": "/media/hdd/YCBvideo/YCB_Video_Dataset/Generated_YCB_Video_Dataset/mask/0049/000005-mask-01.png", 
    "depth_minmax": [
      0.894, 
      0.959
    ], 
    "model": "/media/hdd/YCBvideo/YCB_Video_Dataset/YCB_Video_Dataset/models/007_tuna_fish_can/textured.obj", 
    "rot_mat": [
      [
        0.6412882185074273, 
        0.7588058747800944, 
        0.11385735741182884
      ], 
      [
        -0.5589142682785287, 
        0.3602888208251109, 
        0.7468645378021458
      ], 
      [
        0.5257025687488107, 
        -0.5425920806260651, 
        0.6551568253120594
      ]
    ], 
    "trans_mat": [
      0.14879495690507938, 
      -0.09401321838686662, 
      0.9403063801682381
    ]
  }, 
  {
    "img": "/media/hdd/YCBvideo/YCB_Video_Dataset/YCB_Video_Dataset/data/0049/000006-label.png", 
    "mask": "/media/hdd/YCBvideo/YCB_Video_Dataset/Generated_YCB_Video_Dataset/mask/0049/000006-mask-00.png", 
    "depth_minmax": [
      0.7, 
      0.832
    ], 
    "model": "/media/hdd/YCBvideo/YCB_Video_Dataset/YCB_Video_Dataset/models/004_sugar_box/textured.obj", 
    "rot_mat": [
      [
        -0.09465574252478116, 
        0.9401969877566605, 
        0.32721612026825925
      ], 
      [
        -0.6913035411097823, 
        0.1744369290113027, 
        -0.7011929149337709
      ], 
      [
        -0.7163373801123434, 
        -0.2925773295872943, 
        0.6334496727779323
      ]
    ], 
    "trans_mat": [
      0.021745362756364198, 
      -0.011208651878105519, 
      0.7839788328518804
    ]
  }, 
  {
    "img": "/media/hdd/YCBvideo/YCB_Video_Dataset/YCB_Video_Dataset/data/0049/000006-label.png", 
    "mask": "/media/hdd/YCBvideo/YCB_Video_Dataset/Generated_YCB_Video_Dataset/mask/0049/000006-mask-01.png", 
    "depth_minmax": [
      0.892, 
      0.966
    ], 
    "model": "/media/hdd/YCBvideo/YCB_Video_Dataset/YCB_Video_Dataset/models/007_tuna_fish_can/textured.obj", 
    "rot_mat": [
      [
        0.6418385303083358, 
        0.7582125157063625, 
        0.1147112435878913
      ], 
      [
        -0.5591056686524313, 
        0.3603203770068781, 
        0.7467063606632011
      ], 
      [
        0.5248281529863557, 
        -0.5433999451925002, 
        0.6551878135940213
      ]
    ], 
    "trans_mat": [
      0.14932415396837542, 
      -0.09418113562170947, 
      0.940148092415061
    ]
  }, 
  {
    "img": "/media/hdd/YCBvideo/YCB_Video_Dataset/YCB_Video_Dataset/data/0049/000007-label.png", 
    "mask": "/media/hdd/YCBvideo/YCB_Video_Dataset/Generated_YCB_Video_Dataset/mask/0049/000007-mask-00.png", 
    "depth_minmax": [
      0.702, 
      0.832
    ], 
    "model": "/media/hdd/YCBvideo/YCB_Video_Dataset/YCB_Video_Dataset/models/004_sugar_box/textured.obj", 
    "rot_mat": [
      [
        -0.09455787822691912, 
        0.9401312592963952, 
        0.3274336745277396
      ], 
      [
        -0.6914047870551959, 
        0.17462252317239926, 
        -0.7010461265971997
      ], 
      [
        -0.7162526806156339, 
        -0.2926788162773177, 
        0.6334994839596176
      ]
    ], 
    "trans_mat": [
      0.02023993547550508, 
      -0.010192270457412793, 
      0.7841699985192253
    ]
  }, 
  {
    "img": "/media/hdd/YCBvideo/YCB_Video_Dataset/YCB_Video_Dataset/data/0049/000007-label.png", 
    "mask": "/media/hdd/YCBvideo/YCB_Video_Dataset/Generated_YCB_Video_Dataset/mask/0049/000007-mask-01.png", 
    "depth_minmax": [
      0.894, 
      0.97
    ], 
    "model": "/media/hdd/YCBvideo/YCB_Video_Dataset/YCB_Video_Dataset/models/007_tuna_fish_can/textured.obj", 
    "rot_mat": [
      [
        0.6420137641255055, 
        0.7580818956499826, 
        0.11459523069142304
      ], 
      [
        -0.5588980126303413, 
        0.36043573289108993, 
        0.7468054302670969
      ], 
      [
        0.5248346894102018, 
        -0.5435063851780026, 
        0.6550951716866713
      ]
    ], 
    "trans_mat": [
      0.14785154154134578, 
      -0.0931177279950433, 
      0.9403374559165123
    ]
  }, 
  {
    "img": "/media/hdd/YCBvideo/YCB_Video_Dataset/YCB_Video_Dataset/data/0049/000008-label.png", 
    "mask": "/media/hdd/YCBvideo/YCB_Video_Dataset/Generated_YCB_Video_Dataset/mask/0049/000008-mask-00.png", 
    "depth_minmax": [
      0.7, 
      0.835
    ], 
    "model": "/media/hdd/YCBvideo/YCB_Video_Dataset/YCB_Video_Dataset/models/004_sugar_box/textured.obj", 
    "rot_mat": [
      [
        -0.09354060505512553, 
        0.9409227414671969, 
        0.32544559517545546
      ], 
      [
        -0.6924616493371032, 
        0.17338248826417, 
        -0.7003103087006451
      ], 
      [
        -0.7153642570485668, 
        -0.2908661957206568, 
        0.635334854613591
      ]
    ], 
    "trans_mat": [
      0.01900002228291736, 
      -0.009417449921532182, 
      0.7843495691481069
    ]
  }, 
  {
    "img": "/media/hdd/YCBvideo/YCB_Video_Dataset/YCB_Video_Dataset/data/0049/000008-label.png", 
    "mask": "/media/hdd/YCBvideo/YCB_Video_Dataset/Generated_YCB_Video_Dataset/mask/0049/000008-mask-01.png", 
    "depth_minmax": [
      0.894, 
      0.961
    ], 
    "model": "/media/hdd/YCBvideo/YCB_Video_Dataset/YCB_Video_Dataset/models/007_tuna_fish_can/textured.obj", 
    "rot_mat": [
      [
        0.6403837119818241, 
        0.759584666363392, 
        0.11375955374616592
      ], 
      [
        -0.5585942848977675, 
        0.3589477415755074, 
        0.7477486721777336
      ], 
      [
        0.527143988041352, 
        -0.5423914717945817, 
        0.6541637279904879
      ]
    ], 
    "trans_mat": [
      0.14619587797953065, 
      -0.09220035050619173, 
      0.9409311998952726
    ]
  }, 
  {
    "img": "/media/hdd/YCBvideo/YCB_Video_Dataset/YCB_Video_Dataset/data/0049/000009-label.png", 
    "mask": "/media/hdd/YCBvideo/YCB_Video_Dataset/Generated_YCB_Video_Dataset/mask/0049/000009-mask-00.png", 
    "depth_minmax": [
      0.702, 
      0.832
    ], 
    "model": "/media/hdd/YCBvideo/YCB_Video_Dataset/YCB_Video_Dataset/models/004_sugar_box/textured.obj", 
    "rot_mat": [
      [
        -0.09458225630039319, 
        0.941341169060993, 
        0.3239307453707375
      ], 
      [
        -0.692678425964286, 
        0.17147780376622634, 
        -0.7005655002008596
      ], 
      [
        -0.7150184827049422, 
        -0.2906406309110939, 
        0.635826931471344
      ]
    ], 
    "trans_mat": [
      0.018687600887457426, 
      -0.009112743133356513, 
      0.7845592562411249
    ]
  }, 
  {
    "img": "/media/hdd/YCBvideo/YCB_Video_Dataset/YCB_Video_Dataset/data/0049/000009-label.png", 
    "mask": "/media/hdd/YCBvideo/YCB_Video_Dataset/Generated_YCB_Video_Dataset/mask/0049/000009-mask-01.png", 
    "depth_minmax": [
      0.894, 
      0.97
    ], 
    "model": "/media/hdd/YCBvideo/YCB_Video_Dataset/YCB_Video_Dataset/models/007_tuna_fish_can/textured.obj", 
    "rot_mat": [
      [
        0.6391677956458942, 
        0.7604328645213845, 
        0.11492445521773033
      ], 
      [
        -0.5594930415523914, 
        0.3572415925197025, 
        0.7478943920263226
      ], 
      [
        0.5276659661547172, 
        -0.5423286066531094, 
        0.6537947213547594
      ]
    ], 
    "trans_mat": [
      0.1456766030602529, 
      -0.0920458239671355, 
      0.9412291980065737
    ]
  }, 
  {
    "img": "/media/hdd/YCBvideo/YCB_Video_Dataset/YCB_Video_Dataset/data/0049/000010-label.png", 
    "mask": "/media/hdd/YCBvideo/YCB_Video_Dataset/Generated_YCB_Video_Dataset/mask/0049/000010-mask-00.png", 
    "depth_minmax": [
      0.702, 
      0.833
    ], 
    "model": "/media/hdd/YCBvideo/YCB_Video_Dataset/YCB_Video_Dataset/models/004_sugar_box/textured.obj", 
    "rot_mat": [
      [
        -0.0966750635152257, 
        0.9409042723692467, 
        0.3245807651661734
      ], 
      [
        -0.6922418950719262, 
        0.17075588751510792, 
        -0.7011721434414889
      ], 
      [
        -0.7151604954053234, 
        -0.29247452970592375, 
        0.6348262669401851
      ]
    ], 
    "trans_mat": [
      0.01796228897035234, 
      -0.009000339790058693, 
      0.784671460479496
    ]
  }, 
  {
    "img": "/media/hdd/YCBvideo/YCB_Video_Dataset/YCB_Video_Dataset/data/0049/000010-label.png", 
    "mask": "/media/hdd/YCBvideo/YCB_Video_Dataset/Generated_YCB_Video_Dataset/mask/0049/000010-mask-01.png", 
    "depth_minmax": [
      0.892, 
      0.954
    ], 
    "model": "/media/hdd/YCBvideo/YCB_Video_Dataset/YCB_Video_Dataset/models/007_tuna_fish_can/textured.obj", 
    "rot_mat": [
      [
        0.6397263487476641, 
        0.759654641212261, 
        0.11694327549530063
      ], 
      [
        -0.5603362530691113, 
        0.3568082487746246, 
        0.747469014017726
      ], 
      [
        0.5260917456660986, 
        -0.5437034780349433, 
        0.6539221761443373
      ]
    ], 
    "trans_mat": [
      0.14519378229192836, 
      -0.09212627845034317, 
      0.9410422376074774
    ]
  }, 
  {
    "img": "/media/hdd/YCBvideo/YCB_Video_Dataset/YCB_Video_Dataset/data/0049/000011-label.png", 
    "mask": "/media/hdd/YCBvideo/YCB_Video_Dataset/Generated_YCB_Video_Dataset/mask/0049/000011-mask-00.png", 
    "depth_minmax": [
      0.702, 
      0.834
    ], 
    "model": "/media/hdd/YCBvideo/YCB_Video_Dataset/YCB_Video_Dataset/models/004_sugar_box/textured.obj", 
    "rot_mat": [
      [
        -0.09570847120733025, 
        0.9412705479873908, 
        0.32380356534629345
      ], 
      [
        -0.6931359553753107, 
        0.17045202606583207, 
        -0.7003635336076507
      ], 
      [
        -0.7144242438710237, 
        -0.29147063838306364, 
        0.6361146900580946
      ]
    ], 
    "trans_mat": [
      0.017862871217261066, 
      -0.008736228586470104, 
      0.7850007297418314
    ]
  }, 
  {
    "img": "/media/hdd/YCBvideo/YCB_Video_Dataset/YCB_Video_Dataset/data/0049/000011-label.png", 
    "mask": "/media/hdd/YCBvideo/YCB_Video_Dataset/Generated_YCB_Video_Dataset/mask/0049/000011-mask-01.png", 
    "depth_minmax": [
      0.897, 
      0.955
    ], 
    "model": "/media/hdd/YCBvideo/YCB_Video_Dataset/YCB_Video_Dataset/models/007_tuna_fish_can/textured.obj", 
    "rot_mat": [
      [
        0.6390805915825484, 
        0.7603341804986076, 
        0.11605236466659481
      ], 
      [
        -0.5596427906772986, 
        0.3561810546755512, 
        0.7482883203041082
      ], 
      [
        0.5276125795535542, 
        -0.5431641394574362, 
        0.6531436662104891
      ]
    ], 
    "trans_mat": [
      0.14489735271409013, 
      -0.09166000782772926, 
      0.9416387028247767
    ]
  }, 
  {
    "img": "/media/hdd/YCBvideo/YCB_Video_Dataset/YCB_Video_Dataset/data/0049/000012-label.png", 
    "mask": "/media/hdd/YCBvideo/YCB_Video_Dataset/Generated_YCB_Video_Dataset/mask/0049/000012-mask-00.png", 
    "depth_minmax": [
      0.702, 
      0.834
    ], 
    "model": "/media/hdd/YCBvideo/YCB_Video_Dataset/YCB_Video_Dataset/models/004_sugar_box/textured.obj", 
    "rot_mat": [
      [
        -0.09590515905282854, 
        0.94152404146022, 
        0.32300830512775397
      ], 
      [
        -0.6925955463708212, 
        0.16994929800283637, 
        -0.7010200075195498
      ], 
      [
        -0.714921743562853, 
        -0.2909448334707026, 
        0.6357963546216667
      ]
    ], 
    "trans_mat": [
      0.017857203110849804, 
      -0.008170197279337675, 
      0.785264892570742
    ]
  }, 
  {
    "img": "/media/hdd/YCBvideo/YCB_Video_Dataset/YCB_Video_Dataset/data/0049/000012-label.png", 
    "mask": "/media/hdd/YCBvideo/YCB_Video_Dataset/Generated_YCB_Video_Dataset/mask/0049/000012-mask-01.png", 
    "depth_minmax": [
      0.897, 
      0.956
    ], 
    "model": "/media/hdd/YCBvideo/YCB_Video_Dataset/YCB_Video_Dataset/models/007_tuna_fish_can/textured.obj", 
    "rot_mat": [
      [
        0.6384366081569662, 
        0.7608350344033062, 
        0.11631658839011559
      ], 
      [
        -0.5604605480178626, 
        0.3559770726568036, 
        0.7477731505379801
      ], 
      [
        0.52752534310799, 
        -0.5425956664080975, 
        0.6536863840918289
      ]
    ], 
    "trans_mat": [
      0.14476179813933188, 
      -0.09129055619184011, 
      0.9419041260900428
    ]
  }, 
  {
    "img": "/media/hdd/YCBvideo/YCB_Video_Dataset/YCB_Video_Dataset/data/0049/000013-label.png", 
    "mask": "/media/hdd/YCBvideo/YCB_Video_Dataset/Generated_YCB_Video_Dataset/mask/0049/000013-mask-00.png", 
    "depth_minmax": [
      0.703, 
      0.838
    ], 
    "model": "/media/hdd/YCBvideo/YCB_Video_Dataset/YCB_Video_Dataset/models/004_sugar_box/textured.obj", 
    "rot_mat": [
      [
        -0.09786071387950002, 
        0.9413160056152657, 
        0.32302784565697185
      ], 
      [
        -0.6927684591536095, 
        0.16859795612486167, 
        -0.7011753769384382
      ], 
      [
        -0.7144891442124459, 
        -0.2924006207795948, 
        0.6356156115760353
      ]
    ], 
    "trans_mat": [
      0.017549270920277672, 
      -0.007379851096564131, 
      0.7857352741715435
    ]
  }, 
  {
    "img": "/media/hdd/YCBvideo/YCB_Video_Dataset/YCB_Video_Dataset/data/0049/000013-label.png", 
    "mask": "/media/hdd/YCBvideo/YCB_Video_Dataset/Generated_YCB_Video_Dataset/mask/0049/000013-mask-01.png", 
    "depth_minmax": [
      0.899, 
      0.96
    ], 
    "model": "/media/hdd/YCBvideo/YCB_Video_Dataset/YCB_Video_Dataset/models/007_tuna_fish_can/textured.obj", 
    "rot_mat": [
      [
        0.6384797251620545, 
        0.7605000105119979, 
        0.11825404998214624
      ], 
      [
        -0.5610732387769335, 
        0.3547563229526904, 
        0.7478937566672746
      ], 
      [
        0.5268217420139769, 
        -0.5438637768553405, 
        0.6532006156851472
      ]
    ], 
    "trans_mat": [
      0.1445755287690959, 
      -0.09060038026617113, 
      0.9422227285062399
    ]
  }, 
  {
    "img": "/media/hdd/YCBvideo/YCB_Video_Dataset/YCB_Video_Dataset/data/0049/000014-label.png", 
    "mask": "/media/hdd/YCBvideo/YCB_Video_Dataset/Generated_YCB_Video_Dataset/mask/0049/000014-mask-00.png", 
    "depth_minmax": [
      0.702, 
      0.838
    ], 
    "model": "/media/hdd/YCBvideo/YCB_Video_Dataset/YCB_Video_Dataset/models/004_sugar_box/textured.obj", 
    "rot_mat": [
      [
        -0.09675813652136653, 
        0.9414920045134707, 
        0.3228471049339939
      ], 
      [
        -0.6931463595470454, 
        0.1690400740032727, 
        -0.7006949676689119
      ], 
      [
        -0.7142733285203392, 
        -0.2915784568826939, 
        0.6362359016879449
      ]
    ], 
    "trans_mat": [
      0.017197055947187297, 
      -0.006262569626144229, 
      0.7861649513687895
    ]
  }, 
  {
    "img": "/media/hdd/YCBvideo/YCB_Video_Dataset/YCB_Video_Dataset/data/0049/000014-label.png", 
    "mask": "/media/hdd/YCBvideo/YCB_Video_Dataset/Generated_YCB_Video_Dataset/mask/0049/000014-mask-01.png", 
    "depth_minmax": [
      0.897, 
      0.966
    ], 
    "model": "/media/hdd/YCBvideo/YCB_Video_Dataset/YCB_Video_Dataset/models/007_tuna_fish_can/textured.obj", 
    "rot_mat": [
      [
        0.6383174922086794, 
        0.7608029694364031, 
        0.11717645236519804
      ], 
      [
        -0.5604495307937473, 
        0.3549761737089899, 
        0.7482566949408239
      ], 
      [
        0.5276802856214908, 
        -0.543296871281018, 
        0.6529796823895434
      ]
    ], 
    "trans_mat": [
      0.14412447803281966, 
      -0.08933597419695286, 
      0.9428105326739499
    ]
  }, 
  {
    "img": "/media/hdd/YCBvideo/YCB_Video_Dataset/YCB_Video_Dataset/data/0049/000015-label.png", 
    "mask": "/media/hdd/YCBvideo/YCB_Video_Dataset/Generated_YCB_Video_Dataset/mask/0049/000015-mask-00.png", 
    "depth_minmax": [
      0.703, 
      0.838
    ], 
    "model": "/media/hdd/YCBvideo/YCB_Video_Dataset/YCB_Video_Dataset/models/004_sugar_box/textured.obj", 
    "rot_mat": [
      [
        -0.09569688052214985, 
        0.9414768322371845, 
        0.3232082282826809
      ], 
      [
        -0.6943470329617661, 
        0.16952235253495648, 
        -0.6993890484056793
      ], 
      [
        -0.7132486883607023, 
        -0.2913478028482908, 
        0.6374893005785683
      ]
    ], 
    "trans_mat": [
      0.017442229985532257, 
      -0.005876077838796843, 
      0.786683272251514
    ]
  }, 
  {
    "img": "/media/hdd/YCBvideo/YCB_Video_Dataset/YCB_Video_Dataset/data/0049/000015-label.png", 
    "mask": "/media/hdd/YCBvideo/YCB_Video_Dataset/Generated_YCB_Video_Dataset/mask/0049/000015-mask-01.png", 
    "depth_minmax": [
      0.899, 
      0.966
    ], 
    "model": "/media/hdd/YCBvideo/YCB_Video_Dataset/YCB_Video_Dataset/models/007_tuna_fish_can/textured.obj", 
    "rot_mat": [
      [
        0.6385963487348315, 
        0.7607354257710037, 
        0.11609267100748444
      ], 
      [
        -0.5589989214565364, 
        0.35488937249283775, 
        0.7493826755231396
      ], 
      [
        0.5288814452299321, 
        -0.5434483438718162, 
        0.6518804239286712
      ]
    ], 
    "trans_mat": [
      0.1443698889176633, 
      -0.08858101755806781, 
      0.9435236547694168
    ]
  }, 
  {
    "img": "/media/hdd/YCBvideo/YCB_Video_Dataset/YCB_Video_Dataset/data/0049/000016-label.png", 
    "mask": "/media/hdd/YCBvideo/YCB_Video_Dataset/Generated_YCB_Video_Dataset/mask/0049/000016-mask-00.png", 
    "depth_minmax": [
      0.703, 
      0.838
    ], 
    "model": "/media/hdd/YCBvideo/YCB_Video_Dataset/YCB_Video_Dataset/models/004_sugar_box/textured.obj", 
    "rot_mat": [
      [
        -0.09970858127479364, 
        0.9412786493648806, 
        0.32257159470846547
      ], 
      [
        -0.6941765836336314, 
        0.16645441086436658, 
        -0.7002939347424256
      ], 
      [
        -0.7128653384968242, 
        -0.29374720718760294, 
        0.6368164527282644
      ]
    ], 
    "trans_mat": [
      0.017926854246943492, 
      -0.005553118232154071, 
      0.7872809342260579
    ]
  }, 
  {
    "img": "/media/hdd/YCBvideo/YCB_Video_Dataset/YCB_Video_Dataset/data/0049/000016-label.png", 
    "mask": "/media/hdd/YCBvideo/YCB_Video_Dataset/Generated_YCB_Video_Dataset/mask/0049/000016-mask-01.png", 
    "depth_minmax": [
      0.899, 
      0.967
    ], 
    "model": "/media/hdd/YCBvideo/YCB_Video_Dataset/YCB_Video_Dataset/models/007_tuna_fish_can/textured.obj", 
    "rot_mat": [
      [
        0.6381329463309944, 
        0.7604978305885771, 
        0.120125924937395
      ], 
      [
        -0.5609341633503672, 
        0.35234899722492924, 
        0.7491347188355181
      ], 
      [
        0.5273879334948457, 
        -0.5454301978679351, 
        0.6514348824877361
      ]
    ], 
    "trans_mat": [
      0.14498319671564988, 
      -0.08863275894281875, 
      0.943818548257193
    ]
  }, 
  {
    "img": "/media/hdd/YCBvideo/YCB_Video_Dataset/YCB_Video_Dataset/data/0049/000017-label.png", 
    "mask": "/media/hdd/YCBvideo/YCB_Video_Dataset/Generated_YCB_Video_Dataset/mask/0049/000017-mask-00.png", 
    "depth_minmax": [
      0.705, 
      0.834
    ], 
    "model": "/media/hdd/YCBvideo/YCB_Video_Dataset/YCB_Video_Dataset/models/004_sugar_box/textured.obj", 
    "rot_mat": [
      [
        -0.10024549681716616, 
        0.9408217689929665, 
        0.3237346806989327
      ], 
      [
        -0.6948863204779742, 
        0.16666896208827167, 
        -0.6995384495473517
      ], 
      [
        -0.7120979410791844, 
        -0.2950847954029127, 
        0.6370572207792123
      ]
    ], 
    "trans_mat": [
      0.018066518217939788, 
      -0.004678547020523573, 
      0.7878331591134429
    ]
  }, 
  {
    "img": "/media/hdd/YCBvideo/YCB_Video_Dataset/YCB_Video_Dataset/data/0049/000017-label.png", 
    "mask": "/media/hdd/YCBvideo/YCB_Video_Dataset/Generated_YCB_Video_Dataset/mask/0049/000017-mask-01.png", 
    "depth_minmax": [
      0.897, 
      0.968
    ], 
    "model": "/media/hdd/YCBvideo/YCB_Video_Dataset/YCB_Video_Dataset/models/007_tuna_fish_can/textured.obj", 
    "rot_mat": [
      [
        0.6390858240025388, 
        0.7596284049919854, 
        0.1205570970547539
      ], 
      [
        -0.5601169246377459, 
        0.35223750377969376, 
        0.7497981994192511
      ], 
      [
        0.5271030841726382, 
        -0.5467119382741099, 
        0.6505910727865911
      ]
    ], 
    "trans_mat": [
      0.14536257873026015, 
      -0.08754787293146948, 
      0.9442875850396056
    ]
  }, 
  {
    "img": "/media/hdd/YCBvideo/YCB_Video_Dataset/YCB_Video_Dataset/data/0049/000018-label.png", 
    "mask": "/media/hdd/YCBvideo/YCB_Video_Dataset/Generated_YCB_Video_Dataset/mask/0049/000018-mask-00.png", 
    "depth_minmax": [
      0.703, 
      0.845
    ], 
    "model": "/media/hdd/YCBvideo/YCB_Video_Dataset/YCB_Video_Dataset/models/004_sugar_box/textured.obj", 
    "rot_mat": [
      [
        -0.10030690834061907, 
        0.9408152166378249, 
        0.32373702090368617
      ], 
      [
        -0.6953144595752933, 
        0.16645170309518673, 
        -0.6991641992830052
      ], 
      [
        -0.7116705367272266, 
        -0.2952300167135181, 
        0.6374662311784918
      ]
    ], 
    "trans_mat": [
      0.018564360576042938, 
      -0.004094159023816531, 
      0.7884157728321831
    ]
  }, 
  {
    "img": "/media/hdd/YCBvideo/YCB_Video_Dataset/YCB_Video_Dataset/data/0049/000018-label.png", 
    "mask": "/media/hdd/YCBvideo/YCB_Video_Dataset/Generated_YCB_Video_Dataset/mask/0049/000018-mask-01.png", 
    "depth_minmax": [
      0.899, 
      0.969
    ], 
    "model": "/media/hdd/YCBvideo/YCB_Video_Dataset/YCB_Video_Dataset/models/007_tuna_fish_can/textured.obj", 
    "rot_mat": [
      [
        0.639088784734437, 
        0.75961726383363, 
        0.12061781686870614
      ], 
      [
        -0.5598222480438123, 
        0.3518746181368842, 
        0.75018813213994
      ], 
      [
        0.527412683254256, 
        -0.5469610956738522, 
        0.6501294211630653
      ]
    ], 
    "trans_mat": [
      0.14586458391862345, 
      -0.08687354510199304, 
      0.9449143893654124
    ]
  }, 
  {
    "img": "/media/hdd/YCBvideo/YCB_Video_Dataset/YCB_Video_Dataset/data/0049/000019-label.png", 
    "mask": "/media/hdd/YCBvideo/YCB_Video_Dataset/Generated_YCB_Video_Dataset/mask/0049/000019-mask-00.png", 
    "depth_minmax": [
      0.706, 
      0.839
    ], 
    "model": "/media/hdd/YCBvideo/YCB_Video_Dataset/YCB_Video_Dataset/models/004_sugar_box/textured.obj", 
    "rot_mat": [
      [
        -0.10096786441714525, 
        0.9414226632243805, 
        0.32175943115931827
      ], 
      [
        -0.6955550483094499, 
        0.1644428830852093, 
        -0.6994005536001647
      ], 
      [
        -0.7113430460832062, 
        -0.29441793640354896, 
        0.6382076427735542
      ]
    ], 
    "trans_mat": [
      0.018768099281713725, 
      -0.00308721858147375, 
      0.7890589384678375
    ]
  }, 
  {
    "img": "/media/hdd/YCBvideo/YCB_Video_Dataset/YCB_Video_Dataset/data/0049/000019-label.png", 
    "mask": "/media/hdd/YCBvideo/YCB_Video_Dataset/Generated_YCB_Video_Dataset/mask/0049/000019-mask-01.png", 
    "depth_minmax": [
      0.899, 
      0.966
    ], 
    "model": "/media/hdd/YCBvideo/YCB_Video_Dataset/YCB_Video_Dataset/models/007_tuna_fish_can/textured.obj", 
    "rot_mat": [
      [
        0.6374879276211766, 
        0.7608295690927817, 
        0.12144503244724345
      ], 
      [
        -0.5607389003197518, 
        0.35006293411416056, 
        0.7503514073377445
      ], 
      [
        0.5283752575186484, 
        -0.5464382207465196, 
        0.6497881453949979
      ]
    ], 
    "trans_mat": [
      0.14575540386577457, 
      -0.08601767918333998, 
      0.9457317281514417
    ]
  }, 
  {
    "img": "/media/hdd/YCBvideo/YCB_Video_Dataset/YCB_Video_Dataset/data/0049/000020-label.png", 
    "mask": "/media/hdd/YCBvideo/YCB_Video_Dataset/Generated_YCB_Video_Dataset/mask/0049/000020-mask-00.png", 
    "depth_minmax": [
      0.707, 
      0.84
    ], 
    "model": "/media/hdd/YCBvideo/YCB_Video_Dataset/YCB_Video_Dataset/models/004_sugar_box/textured.obj", 
    "rot_mat": [
      [
        -0.10061441307060116, 
        0.9413625245288941, 
        0.32204573923655866
      ], 
      [
        -0.6960198440675118, 
        0.16469853997035397, 
        -0.6988784092910741
      ], 
      [
        -0.7109387675611687, 
        -0.294467535935681, 
        0.6386357916534964
      ]
    ], 
    "trans_mat": [
      0.0190349462777, 
      -0.002046714661882701, 
      0.7897353811921513
    ]
  }, 
  {
    "img": "/media/hdd/YCBvideo/YCB_Video_Dataset/YCB_Video_Dataset/data/0049/000020-label.png", 
    "mask": "/media/hdd/YCBvideo/YCB_Video_Dataset/Generated_YCB_Video_Dataset/mask/0049/000020-mask-01.png", 
    "depth_minmax": [
      0.901, 
      0.96
    ], 
    "model": "/media/hdd/YCBvideo/YCB_Video_Dataset/YCB_Video_Dataset/models/007_tuna_fish_can/textured.obj", 
    "rot_mat": [
      [
        0.6377165528137709, 
        0.7606976760528384, 
        0.121069730430731
      ], 
      [
        -0.5601375322945653, 
        0.3500879986564256, 
        0.7507893097219568
      ], 
      [
        0.5287375970746687, 
        -0.5466062563357574, 
        0.6493526149423782
      ]
    ], 
    "trans_mat": [
      0.14605205289252743, 
      -0.08482711290917593, 
      0.9464634237180203
    ]
  }, 
  {
    "img": "/media/hdd/YCBvideo/YCB_Video_Dataset/YCB_Video_Dataset/data/0049/000021-label.png", 
    "mask": "/media/hdd/YCBvideo/YCB_Video_Dataset/Generated_YCB_Video_Dataset/mask/0049/000021-mask-00.png", 
    "depth_minmax": [
      0.705, 
      0.84
    ], 
    "model": "/media/hdd/YCBvideo/YCB_Video_Dataset/YCB_Video_Dataset/models/004_sugar_box/textured.obj", 
    "rot_mat": [
      [
        -0.09919044542698648, 
        0.9416120905763206, 
        0.32175824641797557
      ], 
      [
        -0.6973192037939272, 
        0.1648985917536932, 
        -0.697534648709058
      ], 
      [
        -0.7098645186768208, 
        -0.2935569809376138, 
        0.6402475443625025
      ]
    ], 
    "trans_mat": [
      0.01965934989462935, 
      -0.0013622748238838094, 
      0.7904504584440889
    ]
  }, 
  {
    "img": "/media/hdd/YCBvideo/YCB_Video_Dataset/YCB_Video_Dataset/data/0049/000021-label.png", 
    "mask": "/media/hdd/YCBvideo/YCB_Video_Dataset/Generated_YCB_Video_Dataset/mask/0049/000021-mask-01.png", 
    "depth_minmax": [
      0.902, 
      0.971
    ], 
    "model": "/media/hdd/YCBvideo/YCB_Video_Dataset/YCB_Video_Dataset/models/007_tuna_fish_can/textured.obj", 
    "rot_mat": [
      [
        0.6374643490255766, 
        0.7611286133706473, 
        0.11968289718362185
      ], 
      [
        -0.5587460550000263, 
        0.3497174496650425, 
        0.751997834761703
      ], 
      [
        0.5305107310289884, 
        -0.5462438099978102, 
        0.6482100312276986
      ]
    ], 
    "trans_mat": [
      0.14653939074990405, 
      -0.08377698487226792, 
      0.9474819050614564
    ]
  }, 
  {
    "img": "/media/hdd/YCBvideo/YCB_Video_Dataset/YCB_Video_Dataset/data/0049/000022-label.png", 
    "mask": "/media/hdd/YCBvideo/YCB_Video_Dataset/Generated_YCB_Video_Dataset/mask/0049/000022-mask-00.png", 
    "depth_minmax": [
      0.703, 
      0.84
    ], 
    "model": "/media/hdd/YCBvideo/YCB_Video_Dataset/YCB_Video_Dataset/models/004_sugar_box/textured.obj", 
    "rot_mat": [
      [
        -0.10027269815872486, 
        0.9414083156430877, 
        0.32201616884434947
      ], 
      [
        -0.69953755423236, 
        0.1634437029051613, 
        -0.695653139843785
      ], 
      [
        -0.7075250673758565, 
        -0.2950177600962574, 
        0.6421621387803086
      ]
    ], 
    "trans_mat": [
      0.01959277752242617, 
      -0.0009150047021452955, 
      0.7909783859579217
    ]
  }, 
  {
    "img": "/media/hdd/YCBvideo/YCB_Video_Dataset/YCB_Video_Dataset/data/0049/000022-label.png", 
    "mask": "/media/hdd/YCBvideo/YCB_Video_Dataset/Generated_YCB_Video_Dataset/mask/0049/000022-mask-01.png", 
    "depth_minmax": [
      0.902, 
      0.966
    ], 
    "model": "/media/hdd/YCBvideo/YCB_Video_Dataset/YCB_Video_Dataset/models/007_tuna_fish_can/textured.obj", 
    "rot_mat": [
      [
        0.6376879015074823, 
        0.7607741632993741, 
        0.12073347282004006
      ], 
      [
        -0.5573890705634978, 
        0.3475496044864544, 
        0.7540070378832577
      ], 
      [
        0.5316677724873191, 
        -0.5481169563687162, 
        0.645675241357117
      ]
    ], 
    "trans_mat": [
      0.14658398787037685, 
      -0.08289484108435166, 
      0.9481474431689398
    ]
  }, 
  {
    "img": "/media/hdd/YCBvideo/YCB_Video_Dataset/YCB_Video_Dataset/data/0049/000023-label.png", 
    "mask": "/media/hdd/YCBvideo/YCB_Video_Dataset/Generated_YCB_Video_Dataset/mask/0049/000023-mask-00.png", 
    "depth_minmax": [
      0.707, 
      0.84
    ], 
    "model": "/media/hdd/YCBvideo/YCB_Video_Dataset/YCB_Video_Dataset/models/004_sugar_box/textured.obj", 
    "rot_mat": [
      [
        -0.1012100286849399, 
        0.9419472043547844, 
        0.3201429956054853
      ], 
      [
        -0.6991915348599265, 
        0.1615743750343974, 
        -0.6964371938184638
      ], 
      [
        -0.707733862204408, 
        -0.29432791682626536, 
        0.6422488406534498
      ]
    ], 
    "trans_mat": [
      0.019483330341918723, 
      -0.0014720316405683889, 
      0.7912141084099136
    ]
  }, 
  {
    "img": "/media/hdd/YCBvideo/YCB_Video_Dataset/YCB_Video_Dataset/data/0049/000023-label.png", 
    "mask": "/media/hdd/YCBvideo/YCB_Video_Dataset/Generated_YCB_Video_Dataset/mask/0049/000023-mask-01.png", 
    "depth_minmax": [
      0.906, 
      0.966
    ], 
    "model": "/media/hdd/YCBvideo/YCB_Video_Dataset/YCB_Video_Dataset/models/007_tuna_fish_can/textured.obj", 
    "rot_mat": [
      [
        0.6361743380785031, 
        0.761867065952858, 
        0.12182546884802373
      ], 
      [
        -0.558797847571929, 
        0.3460994499270517, 
        0.7536311919032526
      ], 
      [
        0.5320023590733068, 
        -0.5475166739933105, 
        0.6459091424187208
      ]
    ], 
    "trans_mat": [
      0.1461966895019874, 
      -0.08374257411712849, 
      0.9484555509707219
    ]
  }, 
  {
    "img": "/media/hdd/YCBvideo/YCB_Video_Dataset/YCB_Video_Dataset/data/0049/000024-label.png", 
    "mask": "/media/hdd/YCBvideo/YCB_Video_Dataset/Generated_YCB_Video_Dataset/mask/0049/000024-mask-00.png", 
    "depth_minmax": [
      0.707, 
      0.842
    ], 
    "model": "/media/hdd/YCBvideo/YCB_Video_Dataset/YCB_Video_Dataset/models/004_sugar_box/textured.obj", 
    "rot_mat": [
      [
        -0.1029306835416763, 
        0.9420936493922981, 
        0.3191629983755302
      ], 
      [
        -0.6985382887217141, 
        0.15996574927681664, 
        -0.6974630391986706
      ], 
      [
        -0.7081309384695108, 
        -0.29473776078426595, 
        0.6416228118293262
      ]
    ], 
    "trans_mat": [
      0.020415115368058075, 
      -0.0025063006111864664, 
      0.7912387896198763
    ]
  }, 
  {
    "img": "/media/hdd/YCBvideo/YCB_Video_Dataset/YCB_Video_Dataset/data/0049/000024-label.png", 
    "mask": "/media/hdd/YCBvideo/YCB_Video_Dataset/Generated_YCB_Video_Dataset/mask/0049/000024-mask-01.png", 
    "depth_minmax": [
      0.904, 
      0.967
    ], 
    "model": "/media/hdd/YCBvideo/YCB_Video_Dataset/YCB_Video_Dataset/models/007_tuna_fish_can/textured.obj", 
    "rot_mat": [
      [
        0.635396492676879, 
        0.7622280557186248, 
        0.12361631723489369
      ], 
      [
        -0.56035613916156, 
        0.3449983196272857, 
        0.752978498547179
      ], 
      [
        0.5312928414485296, 
        -0.5477085767747072, 
        0.6463302267314167
      ]
    ], 
    "trans_mat": [
      0.14705692944498938, 
      -0.08512050107389, 
      0.9483576837900539
    ]
  }, 
  {
    "img": "/media/hdd/YCBvideo/YCB_Video_Dataset/YCB_Video_Dataset/data/0049/000025-label.png", 
    "mask": "/media/hdd/YCBvideo/YCB_Video_Dataset/Generated_YCB_Video_Dataset/mask/0049/000025-mask-00.png", 
    "depth_minmax": [
      0.707, 
      0.84
    ], 
