[
  {
    "img": "/media/hdd/YCBvideo/YCB_Video_Dataset/YCB_Video_Dataset/data/0051/000001-label.png", 
    "mask": "/media/hdd/YCBvideo/YCB_Video_Dataset/Generated_YCB_Video_Dataset/mask/0051/000001-mask-00.png", 
    "depth_minmax": [
      0.817, 
      0.984
    ], 
    "model": "/media/hdd/YCBvideo/YCB_Video_Dataset/YCB_Video_Dataset/models/004_sugar_box/textured.obj", 
    "rot_mat": [
      [
        0.09011666153566564, 
        0.9759231056268516, 
        -0.19863056542785631
      ], 
      [
        -0.8419550537262918, 
        -0.03187717855179331, 
        -0.5386057963299861
      ], 
      [
        -0.531968971865268, 
        0.2157754806752577, 
        0.8188104842822965
      ]
    ], 
    "trans_mat": [
      -0.045942317736595864, 
      0.10123301492072306, 
      0.9082716356161925
    ]
  }, 
  {
    "img": "/media/hdd/YCBvideo/YCB_Video_Dataset/YCB_Video_Dataset/data/0051/000001-label.png", 
    "mask": "/media/hdd/YCBvideo/YCB_Video_Dataset/Generated_YCB_Video_Dataset/mask/0051/000001-mask-01.png", 
    "depth_minmax": [
      0.908, 
      0.992
    ], 
    "model": "/media/hdd/YCBvideo/YCB_Video_Dataset/YCB_Video_Dataset/models/005_tomato_soup_can/textured.obj", 
    "rot_mat": [
      [
        -0.12687231100192303, 
        -0.6797521971183041, 
        -0.7223853653843771
      ], 
      [
        0.9335116673611318, 
        0.16439094349361696, 
        -0.3186412531053734
      ], 
      [
        0.3353509174367681, 
        -0.7147816953190278, 
        0.6136991386510283
      ]
    ], 
    "trans_mat": [
      0.10478617656059386, 
      0.0548179486628573, 
      0.9653145158039255
    ]
  }, 
  {
    "img": "/media/hdd/YCBvideo/YCB_Video_Dataset/YCB_Video_Dataset/data/0051/000002-label.png", 
    "mask": "/media/hdd/YCBvideo/YCB_Video_Dataset/Generated_YCB_Video_Dataset/mask/0051/000002-mask-00.png", 
    "depth_minmax": [
      0.818, 
      0.98
    ], 
    "model": "/media/hdd/YCBvideo/YCB_Video_Dataset/YCB_Video_Dataset/models/004_sugar_box/textured.obj", 
    "rot_mat": [
      [
        0.09159533241487879, 
        0.9759962421995845, 
        -0.19759202395176365
      ], 
      [
        -0.8410773851072533, 
        -0.030402154705559063, 
        -0.5400590975330827
      ], 
      [
        -0.5331027489931816, 
        0.2156570170148256, 
        0.8181035720347567
      ]
    ], 
    "trans_mat": [
      -0.04539659494583714, 
      0.10113657939946695, 
      0.9085956006999255
    ]
  }, 
  {
    "img": "/media/hdd/YCBvideo/YCB_Video_Dataset/YCB_Video_Dataset/data/0051/000002-label.png", 
    "mask": "/media/hdd/YCBvideo/YCB_Video_Dataset/Generated_YCB_Video_Dataset/mask/0051/000002-mask-01.png", 
    "depth_minmax": [
      0.908, 
      0.989
    ], 
    "model": "/media/hdd/YCBvideo/YCB_Video_Dataset/YCB_Video_Dataset/models/005_tomato_soup_can/textured.obj", 
    "rot_mat": [
      [
        -0.12853197280696693, 
        -0.68010492516609, 
        -0.7217596735671422
      ], 
      [
        0.9328304686427543, 
        0.16411872178345427, 
        -0.3207672682826668
      ], 
      [
        0.336610389380141, 
        -0.7145080696098401, 
        0.613327562979744
      ]
    ], 
    "trans_mat": [
      0.10542004339692981, 
      0.054917712467226786, 
      0.9655645927180984
    ]
  }, 
  {
    "img": "/media/hdd/YCBvideo/YCB_Video_Dataset/YCB_Video_Dataset/data/0051/000003-label.png", 
    "mask": "/media/hdd/YCBvideo/YCB_Video_Dataset/Generated_YCB_Video_Dataset/mask/0051/000003-mask-00.png", 
    "depth_minmax": [
      0.818, 
      0.96
    ], 
    "model": "/media/hdd/YCBvideo/YCB_Video_Dataset/YCB_Video_Dataset/models/004_sugar_box/textured.obj", 
    "rot_mat": [
      [
        0.09012967866702312, 
        0.9762014959325702, 
        -0.19725185784129046
      ], 
      [
        -0.8415183901600556, 
        -0.03128107953822845, 
        -0.5393221828812177
      ], 
      [
        -0.5326576304602956, 
        0.21459952534648266, 
        0.818672159458043
      ]
    ], 
    "trans_mat": [
      -0.04481834746854803, 
      0.10078042506410123, 
      0.9088379161149511
    ]
  }, 
  {
    "img": "/media/hdd/YCBvideo/YCB_Video_Dataset/YCB_Video_Dataset/data/0051/000003-label.png", 
    "mask": "/media/hdd/YCBvideo/YCB_Video_Dataset/Generated_YCB_Video_Dataset/mask/0051/000003-mask-01.png", 
    "depth_minmax": [
      0.908, 
      0.988
    ], 
    "model": "/media/hdd/YCBvideo/YCB_Video_Dataset/YCB_Video_Dataset/models/005_tomato_soup_can/textured.obj", 
    "rot_mat": [
      [
        -0.12718750681235286, 
        -0.6807217592586009, 
        -0.7214162920411762
      ], 
      [
        0.9331825873436441, 
        0.1643652731394124, 
        -0.31961606851871294
      ], 
      [
        0.33614649850647144, 
        -0.7138638778869284, 
        0.6143323178611796
      ]
    ], 
    "trans_mat": [
      0.1060128117609147, 
      0.05444108719046168, 
      0.965670453503723
    ]
  }, 
  {
    "img": "/media/hdd/YCBvideo/YCB_Video_Dataset/YCB_Video_Dataset/data/0051/000004-label.png", 
    "mask": "/media/hdd/YCBvideo/YCB_Video_Dataset/Generated_YCB_Video_Dataset/mask/0051/000004-mask-00.png", 
    "depth_minmax": [
      0.816, 
      0.962
    ], 
    "model": "/media/hdd/YCBvideo/YCB_Video_Dataset/YCB_Video_Dataset/models/004_sugar_box/textured.obj", 
    "rot_mat": [
      [
        0.08869254162241702, 
        0.9766094883880411, 
        -0.1958773576194846
      ], 
      [
        -0.8423354525761931, 
        -0.03141502476620776, 
        -0.538037686751323
      ], 
      [
        -0.5316057231948854, 
        0.21271410835282936, 
        0.8198461800800622
      ]
    ], 
    "trans_mat": [
      -0.04425207912775718, 
      0.10076454707948516, 
      0.9090714761556346
    ]
  }, 
  {
    "img": "/media/hdd/YCBvideo/YCB_Video_Dataset/YCB_Video_Dataset/data/0051/000004-label.png", 
    "mask": "/media/hdd/YCBvideo/YCB_Video_Dataset/Generated_YCB_Video_Dataset/mask/0051/000004-mask-01.png", 
    "depth_minmax": [
      0.908, 
      0.989
    ], 
    "model": "/media/hdd/YCBvideo/YCB_Video_Dataset/YCB_Video_Dataset/models/005_tomato_soup_can/textured.obj", 
    "rot_mat": [
      [
        -0.1260973076869899, 
        -0.682057560372881, 
        -0.7203447646631655
      ], 
      [
        0.9337299995493288, 
        0.16363587309193806, 
        -0.31838978318326344
      ], 
      [
        0.3350348343374558, 
        -0.7127550534389839, 
        0.6162229102635296
      ]
    ], 
    "trans_mat": [
      0.10667005688647971, 
      0.054439074377514114, 
      0.9656731856033381
    ]
  }, 
  {
    "img": "/media/hdd/YCBvideo/YCB_Video_Dataset/YCB_Video_Dataset/data/0051/000005-label.png", 
    "mask": "/media/hdd/YCBvideo/YCB_Video_Dataset/Generated_YCB_Video_Dataset/mask/0051/000005-mask-00.png", 
    "depth_minmax": [
      0.818, 
      0.966
    ], 
    "model": "/media/hdd/YCBvideo/YCB_Video_Dataset/YCB_Video_Dataset/models/004_sugar_box/textured.obj", 
    "rot_mat": [
      [
        0.08817439089194457, 
        0.976739663048347, 
        -0.19546223069439178
      ], 
      [
        -0.8411740773235544, 
        -0.0320894198088883, 
        -0.539811141982467
      ], 
      [
        -0.5335269422857427, 
        0.21201480881917653, 
        0.8187789586590658
      ]
    ], 
    "trans_mat": [
      -0.043401719637043576, 
      0.10015101728535597, 
      0.909523024410472
    ]
  }, 
  {
    "img": "/media/hdd/YCBvideo/YCB_Video_Dataset/YCB_Video_Dataset/data/0051/000005-label.png", 
    "mask": "/media/hdd/YCBvideo/YCB_Video_Dataset/Generated_YCB_Video_Dataset/mask/0051/000005-mask-01.png", 
    "depth_minmax": [
      0.908, 
      0.988
    ], 
    "model": "/media/hdd/YCBvideo/YCB_Video_Dataset/YCB_Video_Dataset/models/005_tomato_soup_can/textured.obj", 
    "rot_mat": [
      [
        -0.1256865389227772, 
        -0.6824819079297204, 
        -0.7200146828153035
      ], 
      [
        0.9330115154541325, 
        0.16535604378069585, 
        -0.3196036751382433
      ], 
      [
        0.3371830121576912, 
        -0.7119515431546024, 
        0.6159804919926822
      ]
    ], 
    "trans_mat": [
      0.1075471347693176, 
      0.05366888941937284, 
      0.9659247737347714
    ]
  }, 
  {
    "img": "/media/hdd/YCBvideo/YCB_Video_Dataset/YCB_Video_Dataset/data/0051/000006-label.png", 
    "mask": "/media/hdd/YCBvideo/YCB_Video_Dataset/Generated_YCB_Video_Dataset/mask/0051/000006-mask-00.png", 
    "depth_minmax": [
      0.815, 
      0.977
    ], 
    "model": "/media/hdd/YCBvideo/YCB_Video_Dataset/YCB_Video_Dataset/models/004_sugar_box/textured.obj", 
    "rot_mat": [
      [
        0.08958421021816826, 
        0.97668446755536, 
        -0.19509763635754598
      ], 
      [
        -0.8418269163703469, 
        -0.030431445591832557, 
        -0.5388889983750722
      ], 
      [
        -0.5322610597060696, 
        0.21251435444326514, 
        0.8194729556146555
      ]
    ], 
    "trans_mat": [
      -0.043018777315592296, 
      0.0997801824550665, 
      0.9094096688704827
    ]
  }, 
  {
    "img": "/media/hdd/YCBvideo/YCB_Video_Dataset/YCB_Video_Dataset/data/0051/000006-label.png", 
    "mask": "/media/hdd/YCBvideo/YCB_Video_Dataset/Generated_YCB_Video_Dataset/mask/0051/000006-mask-01.png", 
    "depth_minmax": [
      0.908, 
      0.986
    ], 
    "model": "/media/hdd/YCBvideo/YCB_Video_Dataset/YCB_Video_Dataset/models/005_tomato_soup_can/textured.obj", 
    "rot_mat": [
      [
        -0.12713177814524873, 
        -0.6823783522607288, 
        -0.7198593545114557
      ], 
      [
        0.9333267073660064, 
        0.16337703678851306, 
        -0.31970170002998227
      ], 
      [
        0.33576630367292115, 
        -0.7125079314022397, 
        0.6161108955177688
      ]
    ], 
    "trans_mat": [
      0.10796788856085826, 
      0.05358874730916387, 
      0.9659490264167803
    ]
  }, 
  {
    "img": "/media/hdd/YCBvideo/YCB_Video_Dataset/YCB_Video_Dataset/data/0051/000007-label.png", 
    "mask": "/media/hdd/YCBvideo/YCB_Video_Dataset/Generated_YCB_Video_Dataset/mask/0051/000007-mask-00.png", 
    "depth_minmax": [
      0.819, 
      0.963
    ], 
    "model": "/media/hdd/YCBvideo/YCB_Video_Dataset/YCB_Video_Dataset/models/004_sugar_box/textured.obj", 
    "rot_mat": [
      [
        0.08817438947006606, 
        0.9767403690513116, 
        -0.1954597210466726
      ], 
      [
        -0.841629499946072, 
        -0.031906697167909566, 
        -0.5391125759401555
      ], 
      [
        -0.5328087884845073, 
        0.21204058660267988, 
        0.8192398681719798
      ]
    ], 
    "trans_mat": [
      -0.04236104220080804, 
      0.09996724632775594, 
      0.9097033007354423
    ]
  }, 
  {
    "img": "/media/hdd/YCBvideo/YCB_Video_Dataset/YCB_Video_Dataset/data/0051/000007-label.png", 
    "mask": "/media/hdd/YCBvideo/YCB_Video_Dataset/Generated_YCB_Video_Dataset/mask/0051/000007-mask-01.png", 
    "depth_minmax": [
      0.908, 
      0.987
    ], 
    "model": "/media/hdd/YCBvideo/YCB_Video_Dataset/YCB_Video_Dataset/models/005_tomato_soup_can/textured.obj", 
    "rot_mat": [
      [
        -0.1256871043436023, 
        -0.6824838413054128, 
        -0.7200130277861112
      ], 
      [
        0.9332992667031329, 
        0.16474706901951672, 
        -0.3190791371126539
      ], 
      [
        0.33638657434112706, 
        -0.7120914084251035, 
        0.6162543011591526
      ]
    ], 
    "trans_mat": [
      0.10858803058205047, 
      0.05353352958859742, 
      0.9661444757137915
    ]
  }, 
  {
    "img": "/media/hdd/YCBvideo/YCB_Video_Dataset/YCB_Video_Dataset/data/0051/000008-label.png", 
    "mask": "/media/hdd/YCBvideo/YCB_Video_Dataset/Generated_YCB_Video_Dataset/mask/0051/000008-mask-00.png", 
    "depth_minmax": [
      0.82, 
      0.975
    ], 
    "model": "/media/hdd/YCBvideo/YCB_Video_Dataset/YCB_Video_Dataset/models/004_sugar_box/textured.obj", 
    "rot_mat": [
      [
        0.08838852936565895, 
        0.9768640999183268, 
        -0.1947391327941751
      ], 
      [
        -0.8408962883915364, 
        -0.031618052573241094, 
        -0.5402713167967544
      ], 
      [
        -0.5339290347706441, 
        0.2115098222419438, 
        0.8186477937365633
      ]
    ], 
    "trans_mat": [
      -0.04123688340605876, 
      0.09966593464859355, 
      0.9100918753896188
    ]
  }, 
  {
    "img": "/media/hdd/YCBvideo/YCB_Video_Dataset/YCB_Video_Dataset/data/0051/000008-label.png", 
    "mask": "/media/hdd/YCBvideo/YCB_Video_Dataset/Generated_YCB_Video_Dataset/mask/0051/000008-mask-01.png", 
    "depth_minmax": [
      0.908, 
      0.989
    ], 
    "model": "/media/hdd/YCBvideo/YCB_Video_Dataset/YCB_Video_Dataset/models/005_tomato_soup_can/textured.obj", 
    "rot_mat": [
      [
        -0.12605239457457573, 
        -0.6829352333079354, 
        -0.7195198541869702
      ], 
      [
        0.9327955837560982, 
        0.16526627616680128, 
        -0.32027927071900064
      ], 
      [
        0.337643014981095, 
        -0.7115379483921515, 
        0.6162068336594541
      ]
    ], 
    "trans_mat": [
      0.10976697222015006, 
      0.05324662302210613, 
      0.9663979267146751
    ]
  }, 
  {
    "img": "/media/hdd/YCBvideo/YCB_Video_Dataset/YCB_Video_Dataset/data/0051/000009-label.png", 
    "mask": "/media/hdd/YCBvideo/YCB_Video_Dataset/Generated_YCB_Video_Dataset/mask/0051/000009-mask-00.png", 
    "depth_minmax": [
      0.82, 
      0.968
    ], 
    "model": "/media/hdd/YCBvideo/YCB_Video_Dataset/YCB_Video_Dataset/models/004_sugar_box/textured.obj", 
    "rot_mat": [
      [
        0.08509246033063445, 
        0.9776446386792997, 
        -0.1922781443203718
      ], 
      [
        -0.8410967366678801, 
        -0.03297303676707775, 
        -0.5398797109860318
      ], 
      [
        -0.5341501417009459, 
        0.20766472189497973, 
        0.8194879488429074
      ]
    ], 
    "trans_mat": [
      -0.040356878279143193, 
      0.09965410045245562, 
      0.9103303181782892
    ]
  }, 
  {
    "img": "/media/hdd/YCBvideo/YCB_Video_Dataset/YCB_Video_Dataset/data/0051/000009-label.png", 
    "mask": "/media/hdd/YCBvideo/YCB_Video_Dataset/Generated_YCB_Video_Dataset/mask/0051/000009-mask-01.png", 
    "depth_minmax": [
      0.908, 
      0.987
    ], 
    "model": "/media/hdd/YCBvideo/YCB_Video_Dataset/YCB_Video_Dataset/models/005_tomato_soup_can/textured.obj", 
    "rot_mat": [
      [
        -0.12339906052114205, 
        -0.6854986554219444, 
        -0.71754034473679
      ], 
      [
        0.9330217284417435, 
        0.16613404489053102, 
        -0.3191723149078063
      ], 
      [
        0.3380004942306033, 
        -0.7088665742650632, 
        0.619083550998173
      ]
    ], 
    "trans_mat": [
      0.11080178519436426, 
      0.05302867197706754, 
      0.9660478983621003
    ]
  }, 
  {
    "img": "/media/hdd/YCBvideo/YCB_Video_Dataset/YCB_Video_Dataset/data/0051/000010-label.png", 
    "mask": "/media/hdd/YCBvideo/YCB_Video_Dataset/Generated_YCB_Video_Dataset/mask/0051/000010-mask-00.png", 
    "depth_minmax": [
      0.817, 
      0.987
    ], 
    "model": "/media/hdd/YCBvideo/YCB_Video_Dataset/YCB_Video_Dataset/models/004_sugar_box/textured.obj", 
    "rot_mat": [
      [
        0.08517241205399881, 
        0.9776630217603204, 
        -0.19214912272745457
      ], 
      [
        -0.840843019509802, 
        -0.03293334311529137, 
        -0.5402764535692414
      ], 
      [
        -0.5345363726222474, 
        0.20758413953699142, 
        0.819256334591103
      ]
    ], 
    "trans_mat": [
      -0.03956990642953969, 
      0.09955630393999569, 
      0.9106761156964918
    ]
  }, 
  {
    "img": "/media/hdd/YCBvideo/YCB_Video_Dataset/YCB_Video_Dataset/data/0051/000010-label.png", 
    "mask": "/media/hdd/YCBvideo/YCB_Video_Dataset/Generated_YCB_Video_Dataset/mask/0051/000010-mask-01.png", 
    "depth_minmax": [
      0.908, 
      0.988
    ], 
    "model": "/media/hdd/YCBvideo/YCB_Video_Dataset/YCB_Video_Dataset/models/005_tomato_soup_can/textured.obj", 
    "rot_mat": [
      [
        -0.12350476272117526, 
        -0.6855688606384785, 
        -0.7174550509003494
      ], 
      [
        0.9328514671672476, 
        0.16636095956215358, 
        -0.31955030070960716
      ], 
      [
        0.33843094321523653, 
        -0.7087452181657489, 
        0.6189871178360887
      ]
    ], 
    "trans_mat": [
      0.11159888785726199, 
      0.052926353100353825, 
      0.9663624375993571
    ]
  }, 
  {
    "img": "/media/hdd/YCBvideo/YCB_Video_Dataset/YCB_Video_Dataset/data/0051/000011-label.png", 
    "mask": "/media/hdd/YCBvideo/YCB_Video_Dataset/Generated_YCB_Video_Dataset/mask/0051/000011-mask-00.png", 
    "depth_minmax": [
      0.82, 
      0.97
    ], 
    "model": "/media/hdd/YCBvideo/YCB_Video_Dataset/YCB_Video_Dataset/models/004_sugar_box/textured.obj", 
    "rot_mat": [
      [
        0.084771606536205, 
        0.9778025981763714, 
        -0.1916160259744379
      ], 
      [
        -0.8408260527452701, 
        -0.032984308194937015, 
        -0.5402997208321142
      ], 
      [
        -0.5346261834445687, 
        0.20691735193068603, 
        0.8193662480064609
      ]
    ], 
    "trans_mat": [
      -0.03878426769012647, 
      0.09971880331488873, 
      0.9108977181818066
    ]
  }, 
  {
    "img": "/media/hdd/YCBvideo/YCB_Video_Dataset/YCB_Video_Dataset/data/0051/000011-label.png", 
    "mask": "/media/hdd/YCBvideo/YCB_Video_Dataset/Generated_YCB_Video_Dataset/mask/0051/000011-mask-01.png", 
    "depth_minmax": [
      0.908, 
      0.99
    ], 
    "model": "/media/hdd/YCBvideo/YCB_Video_Dataset/YCB_Video_Dataset/models/005_tomato_soup_can/textured.obj", 
    "rot_mat": [
      [
        -0.12323321190179423, 
        -0.6860433161200903, 
        -0.7170482701611752
      ], 
      [
        0.9328437733975403, 
        0.16641849656067068, 
        -0.31954275263339266
      ], 
      [
        0.3385504208249994, 
        -0.7082719850850759, 
        0.6194630672459612
      ]
    ], 
    "trans_mat": [
      0.1124203037458352, 
      0.05308005968627105, 
      0.9664793488982246
    ]
  }, 
  {
    "img": "/media/hdd/YCBvideo/YCB_Video_Dataset/YCB_Video_Dataset/data/0051/000012-label.png", 
    "mask": "/media/hdd/YCBvideo/YCB_Video_Dataset/Generated_YCB_Video_Dataset/mask/0051/000012-mask-00.png", 
    "depth_minmax": [
      0.822, 
      0.983
    ], 
    "model": "/media/hdd/YCBvideo/YCB_Video_Dataset/YCB_Video_Dataset/models/004_sugar_box/textured.obj", 
    "rot_mat": [
      [
        0.08545525436351256, 
        0.977896943820518, 
        -0.19082890297172522
      ], 
      [
        -0.8416556772904599, 
        -0.03164855669430136, 
        -0.5390866054064649
      ], 
      [
        -0.5332102770609932, 
        0.20667992456328177, 
        0.8203475592363197
      ]
    ], 
    "trans_mat": [
      -0.03868223259097494, 
      0.10038109501101722, 
      0.9110428419895398
    ]
  }, 
  {
    "img": "/media/hdd/YCBvideo/YCB_Video_Dataset/YCB_Video_Dataset/data/0051/000012-label.png", 
    "mask": "/media/hdd/YCBvideo/YCB_Video_Dataset/Generated_YCB_Video_Dataset/mask/0051/000012-mask-01.png", 
    "depth_minmax": [
      0.908, 
      0.99
    ], 
    "model": "/media/hdd/YCBvideo/YCB_Video_Dataset/YCB_Video_Dataset/models/005_tomato_soup_can/textured.obj", 
    "rot_mat": [
      [
        -0.12406777026875133, 
        -0.68642159523617, 
        -0.7165420541268402
      ], 
      [
        0.9332985737790495, 
        0.1645159364878802, 
        -0.3191998576711187
      ], 
      [
        0.33698884517291516, 
        -0.7083496617462329, 
        0.620224370259122
      ]
    ], 
    "trans_mat": [
      0.11258565118341954, 
      0.05398941029379761, 
      0.9666588598706747
    ]
  }, 
  {
    "img": "/media/hdd/YCBvideo/YCB_Video_Dataset/YCB_Video_Dataset/data/0051/000013-label.png", 
    "mask": "/media/hdd/YCBvideo/YCB_Video_Dataset/Generated_YCB_Video_Dataset/mask/0051/000013-mask-00.png", 
    "depth_minmax": [
      0.822, 
      0.982
    ], 
    "model": "/media/hdd/YCBvideo/YCB_Video_Dataset/YCB_Video_Dataset/models/004_sugar_box/textured.obj", 
    "rot_mat": [
      [
        0.08389758199453978, 
        0.9778371921000537, 
        -0.19182196810987506
      ], 
      [
        -0.8415030690390877, 
        -0.03357640672227005, 
        -0.5392087291849077
      ], 
      [
        -0.5336983547688653, 
        0.2066570939220953, 
        0.8200366004029556
      ]
    ], 
    "trans_mat": [
      -0.038432434812547406, 
      0.10086862065551148, 
      0.9113915095286009
    ]
  }, 
  {
    "img": "/media/hdd/YCBvideo/YCB_Video_Dataset/YCB_Video_Dataset/data/0051/000013-label.png", 
    "mask": "/media/hdd/YCBvideo/YCB_Video_Dataset/Generated_YCB_Video_Dataset/mask/0051/000013-mask-01.png", 
    "depth_minmax": [
      0.908, 
      0.987
    ], 
    "model": "/media/hdd/YCBvideo/YCB_Video_Dataset/YCB_Video_Dataset/models/005_tomato_soup_can/textured.obj", 
    "rot_mat": [
      [
        -0.12234133744672342, 
        -0.6861186490231047, 
        -0.7171283519452667
      ], 
      [
        0.9333310190447076, 
        0.16619563898675058, 
        -0.3182342731314283
      ], 
      [
        0.3375300937292782, 
        -0.7082514678202797, 
        0.6200431399276302
      ]
    ], 
    "trans_mat": [
      0.11274959468258405, 
      0.05416507447279342, 
      0.9669799736696969
    ]
  }, 
  {
    "img": "/media/hdd/YCBvideo/YCB_Video_Dataset/YCB_Video_Dataset/data/0051/000014-label.png", 
    "mask": "/media/hdd/YCBvideo/YCB_Video_Dataset/Generated_YCB_Video_Dataset/mask/0051/000014-mask-00.png", 
    "depth_minmax": [
      0.822, 
      0.983
    ], 
    "model": "/media/hdd/YCBvideo/YCB_Video_Dataset/YCB_Video_Dataset/models/004_sugar_box/textured.obj", 
    "rot_mat": [
      [
        0.08537065863104185, 
        0.9777917777574143, 
        -0.19140304568910885
      ], 
      [
        -0.842271989457814, 
        -0.03179795665097034, 
        -0.5381143978324789
      ], 
      [
        -0.5322496089270077, 
        0.2071523761676526, 
        0.8208528436710659
      ]
    ], 
    "trans_mat": [
      -0.03895129517254291, 
      0.1019290283097182, 
      0.9113429856006184
    ]
  }, 
  {
    "img": "/media/hdd/YCBvideo/YCB_Video_Dataset/YCB_Video_Dataset/data/0051/000014-label.png", 
    "mask": "/media/hdd/YCBvideo/YCB_Video_Dataset/Generated_YCB_Video_Dataset/mask/0051/000014-mask-01.png", 
    "depth_minmax": [
      0.908, 
      0.989
    ], 
    "model": "/media/hdd/YCBvideo/YCB_Video_Dataset/YCB_Video_Dataset/models/005_tomato_soup_can/textured.obj", 
    "rot_mat": [
      [
        -0.12386012664704196, 
        -0.6860409907088233, 
        -0.7169419041234489
      ], 
      [
        0.9337147443067325, 
        0.16400376267803113, 
        -0.31824496117648715
      ], 
      [
        0.33591047617784053, 
        -0.7088371927418329, 
        0.6202533468352467
      ]
    ], 
    "trans_mat": [
      0.11227380033775886, 
      0.05554015906288796, 
      0.9670775589883754
    ]
  }, 
  {
    "img": "/media/hdd/YCBvideo/YCB_Video_Dataset/YCB_Video_Dataset/data/0051/000015-label.png", 
    "mask": "/media/hdd/YCBvideo/YCB_Video_Dataset/Generated_YCB_Video_Dataset/mask/0051/000015-mask-00.png", 
    "depth_minmax": [
      0.818, 
      0.968
    ], 
    "model": "/media/hdd/YCBvideo/YCB_Video_Dataset/YCB_Video_Dataset/models/004_sugar_box/textured.obj", 
    "rot_mat": [
      [
        0.08607471582240077, 
        0.9774446800078993, 
        -0.19285610992466024
      ], 
      [
        -0.8423813577749221, 
        -0.031956814567276615, 
        -0.537933698607832
      ], 
      [
        -0.5319626976288543, 
        0.20876121811598078, 
        0.8206308454743453
      ]
    ], 
    "trans_mat": [
      -0.039381696702751226, 
      0.10262012420194125, 
      0.9112860210351036
    ]
  }, 
  {
    "img": "/media/hdd/YCBvideo/YCB_Video_Dataset/YCB_Video_Dataset/data/0051/000015-label.png", 
    "mask": "/media/hdd/YCBvideo/YCB_Video_Dataset/Generated_YCB_Video_Dataset/mask/0051/000015-mask-01.png", 
    "depth_minmax": [
      0.908, 
      0.992
    ], 
    "model": "/media/hdd/YCBvideo/YCB_Video_Dataset/YCB_Video_Dataset/models/005_tomato_soup_can/textured.obj", 
    "rot_mat": [
      [
        -0.12422398010191589, 
        -0.6848453435521726, 
        -0.7180215357866916
      ], 
      [
        0.9337976851009325, 
        0.16401737154396992, 
        -0.3179943917676952
      ], 
      [
        0.3355449124324179, 
        -0.7099896204474746, 
        0.6191316316019316
      ]
    ], 
    "trans_mat": [
      0.11174257731683918, 
      0.05621080324662004, 
      0.9672765674461411
    ]
  }, 
  {
    "img": "/media/hdd/YCBvideo/YCB_Video_Dataset/YCB_Video_Dataset/data/0051/000016-label.png", 
    "mask": "/media/hdd/YCBvideo/YCB_Video_Dataset/Generated_YCB_Video_Dataset/mask/0051/000016-mask-00.png", 
    "depth_minmax": [
      0.82, 
      0.971
    ], 
    "model": "/media/hdd/YCBvideo/YCB_Video_Dataset/YCB_Video_Dataset/models/004_sugar_box/textured.obj", 
    "rot_mat": [
      [
        0.08521646923555538, 
        0.9770952278712149, 
        -0.19499672038125299
      ], 
      [
        -0.8421587687676808, 
        -0.033951136543506524, 
        -0.5381599832944037
      ], 
      [
        -0.5324534169276111, 
        0.2100782562735824, 
        0.8199759181047014
      ]
    ], 
    "trans_mat": [
      -0.03923388647094462, 
      0.10305513748718373, 
      0.9115761715662319
    ]
  }, 
  {
    "img": "/media/hdd/YCBvideo/YCB_Video_Dataset/YCB_Video_Dataset/data/0051/000016-label.png", 
    "mask": "/media/hdd/YCBvideo/YCB_Video_Dataset/Generated_YCB_Video_Dataset/mask/0051/000016-mask-01.png", 
    "depth_minmax": [
      0.908, 
      0.99
    ], 
    "model": "/media/hdd/YCBvideo/YCB_Video_Dataset/YCB_Video_Dataset/models/005_tomato_soup_can/textured.obj", 
    "rot_mat": [
      [
        -0.12292356470092912, 
        -0.6835594275942244, 
        -0.7194693792096899
      ], 
      [
        0.9337883865108191, 
        0.16582052887312176, 
        -0.3170852134349974
      ], 
      [
        0.3360497492192007, 
        -0.7108090970073354, 
        0.6179159335796804
      ]
    ], 
    "trans_mat": [
      0.11172560363423137, 
      0.05632047184357084, 
      0.9677403064455182
    ]
  }, 
  {
    "img": "/media/hdd/YCBvideo/YCB_Video_Dataset/YCB_Video_Dataset/data/0051/000017-label.png", 
    "mask": "/media/hdd/YCBvideo/YCB_Video_Dataset/Generated_YCB_Video_Dataset/mask/0051/000017-mask-00.png", 
    "depth_minmax": [
      0.812, 
      0.971
    ], 
    "model": "/media/hdd/YCBvideo/YCB_Video_Dataset/YCB_Video_Dataset/models/004_sugar_box/textured.obj", 
    "rot_mat": [
      [
        0.08481206803541581, 
        0.9770755394245514, 
        -0.19526964703981173
      ], 
      [
        -0.8432190483760588, 
        -0.034025876725933865, 
        -0.536492931971592
      ], 
      [
        -0.5308383001834732, 
        0.2101561120421137, 
        0.8210034524129316
      ]
    ], 
    "trans_mat": [
      -0.0395139963978326, 
      0.10412607621207892, 
      0.9115438786170484
    ]
  }, 
  {
    "img": "/media/hdd/YCBvideo/YCB_Video_Dataset/YCB_Video_Dataset/data/0051/000017-label.png", 
    "mask": "/media/hdd/YCBvideo/YCB_Video_Dataset/Generated_YCB_Video_Dataset/mask/0051/000017-mask-01.png", 
    "depth_minmax": [
      0.911, 
      0.99
    ], 
    "model": "/media/hdd/YCBvideo/YCB_Video_Dataset/YCB_Video_Dataset/models/005_tomato_soup_can/textured.obj", 
    "rot_mat": [
      [
        -0.12247194393124108, 
        -0.6834692007974043, 
        -0.7196315973304483
      ], 
      [
        0.9344906621857137, 
        0.16479237470825212, 
        -0.3155494585546759
      ], 
      [
        0.3342587942213162, 
        -0.7111351389738654, 
        0.618513149762864
      ]
    ], 
    "trans_mat": [
      0.11142190145648784, 
      0.057425351407437375, 
      0.9677995021846408
    ]
  }, 
  {
    "img": "/media/hdd/YCBvideo/YCB_Video_Dataset/YCB_Video_Dataset/data/0051/000018-label.png", 
    "mask": "/media/hdd/YCBvideo/YCB_Video_Dataset/Generated_YCB_Video_Dataset/mask/0051/000018-mask-00.png", 
    "depth_minmax": [
      0.82, 
      0.97
    ], 
    "model": "/media/hdd/YCBvideo/YCB_Video_Dataset/YCB_Video_Dataset/models/004_sugar_box/textured.obj", 
    "rot_mat": [
      [
        0.08368021785402663, 
        0.9772639054188805, 
        -0.19481376616167798
      ], 
      [
        -0.8425153327965291, 
        -0.035012596569949365, 
        -0.5375326929476838
      ], 
      [
        -0.5321324351047164, 
        0.2091144616650517, 
        0.8204311611923766
      ]
    ], 
    "trans_mat": [
      -0.03961553897951389, 
      0.10495294284703698, 
      0.9117872506342413
    ]
  }, 
  {
    "img": "/media/hdd/YCBvideo/YCB_Video_Dataset/YCB_Video_Dataset/data/0051/000018-label.png", 
    "mask": "/media/hdd/YCBvideo/YCB_Video_Dataset/Generated_YCB_Video_Dataset/mask/0051/000018-mask-01.png", 
    "depth_minmax": [
      0.908, 
      0.994
    ], 
    "model": "/media/hdd/YCBvideo/YCB_Video_Dataset/YCB_Video_Dataset/models/005_tomato_soup_can/textured.obj", 
    "rot_mat": [
      [
        -0.12147532395505828, 
        -0.6840742083037087, 
        -0.7192252614442844
      ], 
      [
        0.9340951860772515, 
        0.16629159337452576, 
        -0.31593139403045123
      ], 
      [
        0.33572239134902093, 
        -0.7102033515503072, 
        0.6187906245580309
      ]
    ], 
    "trans_mat": [
      0.11134444548567138, 
      0.05806574446657621, 
      0.9678225010385391
    ]
  }, 
  {
    "img": "/media/hdd/YCBvideo/YCB_Video_Dataset/YCB_Video_Dataset/data/0051/000019-label.png", 
    "mask": "/media/hdd/YCBvideo/YCB_Video_Dataset/Generated_YCB_Video_Dataset/mask/0051/000019-mask-00.png", 
    "depth_minmax": [
      0.815, 
      0.972
    ], 
    "model": "/media/hdd/YCBvideo/YCB_Video_Dataset/YCB_Video_Dataset/models/004_sugar_box/textured.obj", 
    "rot_mat": [
      [
        0.08338961540831392, 
        0.9773731557845392, 
        -0.19439348464172954
      ], 
      [
        -0.8437572810597752, 
        -0.034540318038739366, 
        -0.5356128558565095
      ], 
      [
        -0.5302069059512295, 
        0.20868566443746064, 
        0.8217856026035297
      ]
    ], 
    "trans_mat": [
      -0.039198407632976176, 
      0.10534182078235414, 
      0.9118717195904159
    ]
  }, 
  {
    "img": "/media/hdd/YCBvideo/YCB_Video_Dataset/YCB_Video_Dataset/data/0051/000019-label.png", 
    "mask": "/media/hdd/YCBvideo/YCB_Video_Dataset/Generated_YCB_Video_Dataset/mask/0051/000019-mask-01.png", 
    "depth_minmax": [
      0.908, 
      0.99
    ], 
    "model": "/media/hdd/YCBvideo/YCB_Video_Dataset/YCB_Video_Dataset/models/005_tomato_soup_can/textured.obj", 
    "rot_mat": [
      [
        -0.12128594479225761, 
        -0.684443025844655, 
        -0.7189072505971057
      ], 
      [
        0.9348789922034062, 
        0.16464431686269013, 
        -0.3144742118201215
      ], 
      [
        0.33360331847442826, 
        -0.7102325725921158, 
        0.6199018030326305
      ]
    ], 
    "trans_mat": [
      0.11179022236449004, 
      0.05858307539303448, 
      0.9679375263317572
    ]
  }, 
  {
    "img": "/media/hdd/YCBvideo/YCB_Video_Dataset/YCB_Video_Dataset/data/0051/000020-label.png", 
    "mask": "/media/hdd/YCBvideo/YCB_Video_Dataset/Generated_YCB_Video_Dataset/mask/0051/000020-mask-00.png", 
    "depth_minmax": [
      0.815, 
      0.982
    ], 
    "model": "/media/hdd/YCBvideo/YCB_Video_Dataset/YCB_Video_Dataset/models/004_sugar_box/textured.obj", 
    "rot_mat": [
      [
        0.08096518825379109, 
        0.9774169667916581, 
        -0.19519404834567086
      ], 
      [
        -0.8442702493371035, 
        -0.03683547293655571, 
        -0.5346500193431822
      ], 
      [
        -0.5297666005521946, 
        0.20808443860467768, 
        0.8222226034733239
      ]
    ], 
    "trans_mat": [
      -0.03883321700989466, 
      0.10613007583596565, 
      0.9119906618357991
    ]
  }, 
  {
    "img": "/media/hdd/YCBvideo/YCB_Video_Dataset/YCB_Video_Dataset/data/0051/000020-label.png", 
    "mask": "/media/hdd/YCBvideo/YCB_Video_Dataset/Generated_YCB_Video_Dataset/mask/0051/000020-mask-01.png", 
    "depth_minmax": [
      0.909, 
      0.987
    ], 
    "model": "/media/hdd/YCBvideo/YCB_Video_Dataset/YCB_Video_Dataset/models/005_tomato_soup_can/textured.obj", 
    "rot_mat": [
      [
        -0.11876121861279589, 
        -0.6844855296591364, 
        -0.719287542978395
      ], 
      [
        0.9353704880448197, 
        0.16592150402270012, 
        -0.31233291645409644
      ], 
      [
        0.3331337815998612, 
        -0.7098937939393415, 
        0.620542954400035
      ]
    ], 
    "trans_mat": [
      0.11207491714595044, 
      0.05903083625505024, 
      0.967987817867986
    ]
  }, 
  {
    "img": "/media/hdd/YCBvideo/YCB_Video_Dataset/YCB_Video_Dataset/data/0051/000021-label.png", 
    "mask": "/media/hdd/YCBvideo/YCB_Video_Dataset/Generated_YCB_Video_Dataset/mask/0051/000021-mask-00.png", 
    "depth_minmax": [
      0.803, 
      0.973
    ], 
    "model": "/media/hdd/YCBvideo/YCB_Video_Dataset/YCB_Video_Dataset/models/004_sugar_box/textured.obj", 
    "rot_mat": [
      [
        0.07957249124533189, 
        0.9777369954274949, 
        -0.1941618769671514
      ], 
      [
        -0.8446087999047216, 
        -0.037321402690927596, 
        -0.5340811248853227
      ], 
      [
        -0.5294371201628744, 
        0.20648842574796508, 
        0.8228364807322752
      ]
    ], 
    "trans_mat": [
      -0.037630301218344535, 
      0.10630045799307027, 
      0.9124059421569873
    ]
  }, 
  {
    "img": "/media/hdd/YCBvideo/YCB_Video_Dataset/YCB_Video_Dataset/data/0051/000021-label.png", 
    "mask": "/media/hdd/YCBvideo/YCB_Video_Dataset/Generated_YCB_Video_Dataset/mask/0051/000021-mask-01.png", 
    "depth_minmax": [
      0.911, 
      0.989
    ], 
    "model": "/media/hdd/YCBvideo/YCB_Video_Dataset/YCB_Video_Dataset/models/005_tomato_soup_can/textured.obj", 
    "rot_mat": [
      [
        -0.11763774590843543, 
        -0.6855564801429125, 
        -0.7184519147668005
      ], 
      [
        0.9356248232685829, 
        0.16595370515823024, 
        -0.311552749095502
      ], 
      [
        0.33281727255352656, 
        -0.7088517592003962, 
        0.6219018670220849
      ]
    ], 
    "trans_mat": [
      0.11334135108251592, 
      0.05913924413583365, 
      0.968179313249562
    ]
  }, 
  {
    "img": "/media/hdd/YCBvideo/YCB_Video_Dataset/YCB_Video_Dataset/data/0051/000022-label.png", 
    "mask": "/media/hdd/YCBvideo/YCB_Video_Dataset/Generated_YCB_Video_Dataset/mask/0051/000022-mask-00.png", 
    "depth_minmax": [
      0.822, 
      0.969
    ], 
    "model": "/media/hdd/YCBvideo/YCB_Video_Dataset/YCB_Video_Dataset/models/004_sugar_box/textured.obj", 
    "rot_mat": [
      [
        0.0806943756253824, 
        0.9780370490488661, 
        -0.19217515022683943
      ], 
      [
        -0.8442543705222962, 
        -0.03542123974220363, 
        -0.5347713491360853
      ], 
      [
        -0.5298332049920869, 
        0.205397670524419, 
        0.8228540068904588
      ]
    ], 
    "trans_mat": [
      -0.03688711704425376, 
      0.10605172367417176, 
      0.9127838489257234
    ]
  }, 
  {
    "img": "/media/hdd/YCBvideo/YCB_Video_Dataset/YCB_Video_Dataset/data/0051/000022-label.png", 
    "mask": "/media/hdd/YCBvideo/YCB_Video_Dataset/Generated_YCB_Video_Dataset/mask/0051/000022-mask-01.png", 
    "depth_minmax": [
      0.908, 
      0.994
    ], 
    "model": "/media/hdd/YCBvideo/YCB_Video_Dataset/YCB_Video_Dataset/models/005_tomato_soup_can/textured.obj", 
    "rot_mat": [
      [
        -0.11916016913473025, 
        -0.6866712303594124, 
        -0.7171346091188612
      ], 
      [
        0.9352647677792224, 
        0.16482603049909628, 
        -0.3132294587636902
      ], 
      [
        0.33328880095780067, 
        -0.7080351890949524, 
        0.6225784839463474
      ]
    ], 
    "trans_mat": [
      0.11424082798819965, 
      0.05917530294516452, 
      0.9683736238161527
    ]
  }, 
  {
    "img": "/media/hdd/YCBvideo/YCB_Video_Dataset/YCB_Video_Dataset/data/0051/000023-label.png", 
    "mask": "/media/hdd/YCBvideo/YCB_Video_Dataset/Generated_YCB_Video_Dataset/mask/0051/000023-mask-00.png", 
    "depth_minmax": [
      0.822, 
      0.968
    ], 
    "model": "/media/hdd/YCBvideo/YCB_Video_Dataset/YCB_Video_Dataset/models/004_sugar_box/textured.obj", 
    "rot_mat": [
      [
        0.08240289960157025, 
        0.9780787086557421, 
        -0.19123726175343814
      ], 
      [
        -0.8440663981698214, 
        -0.03353000425224133, 
        -0.5351895621264061
      ], 
      [
        -0.5298692194911065, 
        0.20551773166374004, 
        0.8228012667749712
      ]
    ], 
    "trans_mat": [
      -0.03700191446491616, 
      0.10589743509425079, 
      0.912928310273401
    ]
  }, 
  {
    "img": "/media/hdd/YCBvideo/YCB_Video_Dataset/YCB_Video_Dataset/data/0051/000023-label.png", 
    "mask": "/media/hdd/YCBvideo/YCB_Video_Dataset/Generated_YCB_Video_Dataset/mask/0051/000023-mask-01.png", 
    "depth_minmax": [
      0.908, 
      0.994
    ], 
    "model": "/media/hdd/YCBvideo/YCB_Video_Dataset/YCB_Video_Dataset/models/005_tomato_soup_can/textured.obj", 
    "rot_mat": [
      [
        -0.12102113310183231, 
        -0.6869023205264203, 
        -0.7166018471105919
      ], 
      [
        0.9350126471767662, 
        0.1635290862709578, 
        -0.3146582258231553
      ], 
      [
        0.3333248998516778, 
        -0.7081120696553694, 
        0.6224722790453536
      ]
    ], 
    "trans_mat": [
      0.11421003609693217, 
      0.059312017472726894, 
      0.968534394904269
    ]
  }, 
  {
    "img": "/media/hdd/YCBvideo/YCB_Video_Dataset/YCB_Video_Dataset/data/0051/000024-label.png", 
    "mask": "/media/hdd/YCBvideo/YCB_Video_Dataset/Generated_YCB_Video_Dataset/mask/0051/000024-mask-00.png", 
    "depth_minmax": [
      0.822, 
      0.97
    ], 
    "model": "/media/hdd/YCBvideo/YCB_Video_Dataset/YCB_Video_Dataset/models/004_sugar_box/textured.obj", 
    "rot_mat": [
      [
        0.08237232074935508, 
        0.977930380758623, 
        -0.1920099434557983
      ], 
      [
        -0.8442782802376652, 
        -0.03389608418078441, 
        -0.534832659922355
      ], 
      [
        -0.5295369974743301, 
        0.206165506348911, 
        0.8228535310427311
      ]
    ], 
    "trans_mat": [
      -0.03714955151807138, 
      0.1067276084267489, 
      0.913001344428581
    ]
  }, 
  {
    "img": "/media/hdd/YCBvideo/YCB_Video_Dataset/YCB_Video_Dataset/data/0051/000024-label.png", 
    "mask": "/media/hdd/YCBvideo/YCB_Video_Dataset/Generated_YCB_Video_Dataset/mask/0051/000024-mask-01.png", 
    "depth_minmax": [
      0.908, 
      0.995
    ], 
    "model": "/media/hdd/YCBvideo/YCB_Video_Dataset/YCB_Video_Dataset/models/005_tomato_soup_can/textured.obj", 
    "rot_mat": [
      [
        -0.1208223896320851, 
        -0.6863694745606936, 
        -0.7171464098143727
      ], 
      [
        0.9351766806748377, 
        0.1635997610694939, 
        -0.31413440764310013
      ], 
      [
        0.33293749767328223, 
        -0.7086132644814418, 
        0.6221097353114108
      ]
    ], 
    "trans_mat": [
      0.11400557966149752, 
      0.06009347140163885, 
      0.9687212450431754
    ]
  }, 
  {
    "img": "/media/hdd/YCBvideo/YCB_Video_Dataset/YCB_Video_Dataset/data/0051/000025-label.png", 
