[
  {
    "img": "/media/hdd/YCBvideo/YCB_Video_Dataset/YCB_Video_Dataset/data/0052/000001-label.png", 
    "mask": "/media/hdd/YCBvideo/YCB_Video_Dataset/Generated_YCB_Video_Dataset/mask/0052/000001-mask-00.png", 
    "depth_minmax": [
      0.831, 
      0.963
    ], 
    "model": "/media/hdd/YCBvideo/YCB_Video_Dataset/YCB_Video_Dataset/models/006_mustard_bottle/textured.obj", 
    "rot_mat": [
      [
        0.5848645966432628, 
        0.7893014503248739, 
        0.1869175694628645
      ], 
      [
        0.5736406113918766, 
        -0.2395687173806348, 
        -0.7832898705777952
      ], 
      [
        -0.5734714445482674, 
        0.5653412746312647, 
        -0.5928909389947179
      ]
    ], 
    "trans_mat": [
      0.0694576129624952, 
      0.09184866893885202, 
      0.8999047577098055
    ]
  }, 
  {
    "img": "/media/hdd/YCBvideo/YCB_Video_Dataset/YCB_Video_Dataset/data/0052/000001-label.png", 
    "mask": "/media/hdd/YCBvideo/YCB_Video_Dataset/Generated_YCB_Video_Dataset/mask/0052/000001-mask-01.png", 
    "depth_minmax": [
      0.898, 
      0.938
    ], 
    "model": "/media/hdd/YCBvideo/YCB_Video_Dataset/YCB_Video_Dataset/models/007_tuna_fish_can/textured.obj", 
    "rot_mat": [
      [
        -0.22509298072912012, 
        -0.9602367403863958, 
        0.1651653755676953
      ], 
      [
        -0.6213204744133984, 
        0.010883795245738707, 
        -0.7834805351331321
      ], 
      [
        0.7505294106614706, 
        -0.2789761167440212, 
        -0.5990641770966754
      ]
    ], 
    "trans_mat": [
      -0.03115231736591519, 
      0.11852590412405553, 
      0.9355534033528371
    ]
  }, 
  {
    "img": "/media/hdd/YCBvideo/YCB_Video_Dataset/YCB_Video_Dataset/data/0052/000002-label.png", 
    "mask": "/media/hdd/YCBvideo/YCB_Video_Dataset/Generated_YCB_Video_Dataset/mask/0052/000002-mask-00.png", 
    "depth_minmax": [
      0.83, 
      0.964
    ], 
    "model": "/media/hdd/YCBvideo/YCB_Video_Dataset/YCB_Video_Dataset/models/006_mustard_bottle/textured.obj", 
    "rot_mat": [
      [
        0.5880926765784872, 
        0.7873037081688928, 
        0.18520298641044233
      ], 
      [
        0.5720400227955292, 
        -0.24301200355272243, 
        -0.7834002223013534
      ], 
      [
        -0.5717662143611308, 
        0.5666551288266857, 
        -0.5932827913883916
      ]
    ], 
    "trans_mat": [
      0.06942000557126912, 
      0.08963347912397186, 
      0.8992926549047487
    ]
  }, 
  {
    "img": "/media/hdd/YCBvideo/YCB_Video_Dataset/YCB_Video_Dataset/data/0052/000002-label.png", 
    "mask": "/media/hdd/YCBvideo/YCB_Video_Dataset/Generated_YCB_Video_Dataset/mask/0052/000002-mask-01.png", 
    "depth_minmax": [
      0.898, 
      0.932
    ], 
    "model": "/media/hdd/YCBvideo/YCB_Video_Dataset/YCB_Video_Dataset/models/007_tuna_fish_can/textured.obj", 
    "rot_mat": [
      [
        -0.22884731049957638, 
        -0.959639889259284, 
        0.1634624193753394
      ], 
      [
        -0.6212121179905955, 
        0.014680890495466302, 
        -0.783505009491852
      ], 
      [
        0.7494829692627656, 
        -0.28084790349668226, 
        -0.5994988556482679
      ]
    ], 
    "trans_mat": [
      -0.031161008209569706, 
      0.11664588662279034, 
      0.9347697803816116
    ]
  }, 
  {
    "img": "/media/hdd/YCBvideo/YCB_Video_Dataset/YCB_Video_Dataset/data/0052/000003-label.png", 
    "mask": "/media/hdd/YCBvideo/YCB_Video_Dataset/Generated_YCB_Video_Dataset/mask/0052/000003-mask-00.png", 
    "depth_minmax": [
      0.829, 
      0.967
    ], 
    "model": "/media/hdd/YCBvideo/YCB_Video_Dataset/YCB_Video_Dataset/models/006_mustard_bottle/textured.obj", 
    "rot_mat": [
      [
        0.5911636510012167, 
        0.7846077086654716, 
        0.18686116714611917
      ], 
      [
        0.5708830247720696, 
        -0.24338637636651064, 
        -0.7841273999422743
      ], 
      [
        -0.5697521878915935, 
        0.5702236858984894, 
        -0.5918002767408137
      ]
    ], 
    "trans_mat": [
      0.06592087848118197, 
      0.08874162668035226, 
      0.8979905248688655
    ]
  }, 
  {
    "img": "/media/hdd/YCBvideo/YCB_Video_Dataset/YCB_Video_Dataset/data/0052/000003-label.png", 
    "mask": "/media/hdd/YCBvideo/YCB_Video_Dataset/Generated_YCB_Video_Dataset/mask/0052/000003-mask-01.png", 
    "depth_minmax": [
      0.891, 
      0.941
    ], 
    "model": "/media/hdd/YCBvideo/YCB_Video_Dataset/YCB_Video_Dataset/models/007_tuna_fish_can/textured.obj", 
    "rot_mat": [
      [
        -0.2327347827730288, 
        -0.958416003583433, 
        0.16514721513317498
      ], 
      [
        -0.6202972311014563, 
        0.015498547049663533, 
        -0.7842135336018758
      ], 
      [
        0.7490439017365857, 
        -0.284954513131992, 
        -0.5981089938701855
      ]
    ], 
    "trans_mat": [
      -0.03478051707352181, 
      0.11589687962882966, 
      0.9330143221226787
    ]
  }, 
  {
    "img": "/media/hdd/YCBvideo/YCB_Video_Dataset/YCB_Video_Dataset/data/0052/000004-label.png", 
    "mask": "/media/hdd/YCBvideo/YCB_Video_Dataset/Generated_YCB_Video_Dataset/mask/0052/000004-mask-00.png", 
    "depth_minmax": [
      0.828, 
      0.967
    ], 
    "model": "/media/hdd/YCBvideo/YCB_Video_Dataset/YCB_Video_Dataset/models/006_mustard_bottle/textured.obj", 
    "rot_mat": [
      [
        0.5886916496344998, 
        0.7864398610262432, 
        0.1869620629205293
      ], 
      [
        0.5726316351364158, 
        -0.24246956220488666, 
        -0.7831358267461629
      ], 
      [
        -0.5705565465627773, 
        0.5680856280227947, 
        -0.5930807371397208
      ]
    ], 
    "trans_mat": [
      0.06686134115859524, 
      0.08834911144255313, 
      0.8973113535545967
    ]
  }, 
  {
    "img": "/media/hdd/YCBvideo/YCB_Video_Dataset/YCB_Video_Dataset/data/0052/000004-label.png", 
    "mask": "/media/hdd/YCBvideo/YCB_Video_Dataset/Generated_YCB_Video_Dataset/mask/0052/000004-mask-01.png", 
    "depth_minmax": [
      0.895, 
      0.935
    ], 
    "model": "/media/hdd/YCBvideo/YCB_Video_Dataset/YCB_Video_Dataset/models/007_tuna_fish_can/textured.obj", 
    "rot_mat": [
      [
        -0.22973976295367207, 
        -0.9591232604389065, 
        0.16523328630872
      ], 
      [
        -0.6215410685110307, 
        0.013942910918055898, 
        -0.783257360088035
      ], 
      [
        0.7489375930204076, 
        -0.2826442897341245, 
        -0.5993375799046377
      ]
    ], 
    "trans_mat": [
      -0.03380830411122359, 
      0.11527196977860202, 
      0.9326048772991031
    ]
  }, 
  {
    "img": "/media/hdd/YCBvideo/YCB_Video_Dataset/YCB_Video_Dataset/data/0052/000005-label.png", 
    "mask": "/media/hdd/YCBvideo/YCB_Video_Dataset/Generated_YCB_Video_Dataset/mask/0052/000005-mask-00.png", 
    "depth_minmax": [
      0.828, 
      0.958
    ], 
    "model": "/media/hdd/YCBvideo/YCB_Video_Dataset/YCB_Video_Dataset/models/006_mustard_bottle/textured.obj", 
    "rot_mat": [
      [
        0.5904989859043301, 
        0.7848903303981674, 
        0.18777424855900743
      ], 
      [
        0.5704318904951893, 
        -0.2413337070955988, 
        -0.7850896368085197
      ], 
      [
        -0.5708923769222679, 
        0.5707064156673234, 
        -0.5902339655827566
      ]
    ], 
    "trans_mat": [
      0.06714732441482127, 
      0.08904517277032796, 
      0.8967115940073203
    ]
  }, 
  {
    "img": "/media/hdd/YCBvideo/YCB_Video_Dataset/YCB_Video_Dataset/data/0052/000005-label.png", 
    "mask": "/media/hdd/YCBvideo/YCB_Video_Dataset/Generated_YCB_Video_Dataset/mask/0052/000005-mask-01.png", 
    "depth_minmax": [
      0.888, 
      0.934
    ], 
    "model": "/media/hdd/YCBvideo/YCB_Video_Dataset/YCB_Video_Dataset/models/007_tuna_fish_can/textured.obj", 
    "rot_mat": [
      [
        -0.2320128814330642, 
        -0.9584333653785404, 
        0.16606041219242026
      ], 
      [
        -0.6190707026270843, 
        0.013813828216701476, 
        -0.7852136444261627
      ], 
      [
        0.7502814495389832, 
        -0.2849823773796454, 
        -0.5965424412595297
      ]
    ], 
    "trans_mat": [
      -0.03358564687694332, 
      0.1161530755511472, 
      0.931681363515377
    ]
  }, 
  {
    "img": "/media/hdd/YCBvideo/YCB_Video_Dataset/YCB_Video_Dataset/data/0052/000006-label.png", 
    "mask": "/media/hdd/YCBvideo/YCB_Video_Dataset/Generated_YCB_Video_Dataset/mask/0052/000006-mask-00.png", 
    "depth_minmax": [
      0.823, 
      0.961
    ], 
    "model": "/media/hdd/YCBvideo/YCB_Video_Dataset/YCB_Video_Dataset/models/006_mustard_bottle/textured.obj", 
    "rot_mat": [
      [
        0.5893222914033588, 
        0.7856771390719318, 
        0.1881819611736345
      ], 
      [
        0.5717389024622341, 
        -0.24101418485128567, 
        -0.784236446180488
      ], 
      [
        -0.570801541759845, 
        0.5697582742646209, 
        -0.5912366432163481
      ]
    ], 
    "trans_mat": [
      0.06766440054959183, 
      0.08892795269524302, 
      0.8964351581229849
    ]
  }, 
  {
    "img": "/media/hdd/YCBvideo/YCB_Video_Dataset/YCB_Video_Dataset/data/0052/000006-label.png", 
    "mask": "/media/hdd/YCBvideo/YCB_Video_Dataset/Generated_YCB_Video_Dataset/mask/0052/000006-mask-01.png", 
    "depth_minmax": [
      0.889, 
      0.929
    ], 
    "model": "/media/hdd/YCBvideo/YCB_Video_Dataset/YCB_Video_Dataset/models/007_tuna_fish_can/textured.obj", 
    "rot_mat": [
      [
        -0.23062110267767275, 
        -0.9586998205343757, 
        0.16646273448972645
      ], 
      [
        -0.6201451138954254, 
        0.01298437637353557, 
        -0.7843794028123507
      ], 
      [
        0.7498234233250998, 
        -0.2841250031918045, 
        -0.5975261613835989
      ]
    ], 
    "trans_mat": [
      -0.03306973901828144, 
      0.11587934618860654, 
      0.9315223603568001
    ]
  }, 
  {
    "img": "/media/hdd/YCBvideo/YCB_Video_Dataset/YCB_Video_Dataset/data/0052/000007-label.png", 
    "mask": "/media/hdd/YCBvideo/YCB_Video_Dataset/Generated_YCB_Video_Dataset/mask/0052/000007-mask-00.png", 
    "depth_minmax": [
      0.827, 
      0.95
    ], 
    "model": "/media/hdd/YCBvideo/YCB_Video_Dataset/YCB_Video_Dataset/models/006_mustard_bottle/textured.obj", 
    "rot_mat": [
      [
        0.5891673424921532, 
        0.7858243272620283, 
        0.1880517168265607
      ], 
      [
        0.5711858360034164, 
        -0.24043262955375588, 
        -0.7848176330718232
      ], 
      [
        -0.5715146433527278, 
        0.5698005902847822, 
        -0.5905065676171107
      ]
    ], 
    "trans_mat": [
      0.06750100686667451, 
      0.08864109156250523, 
      0.8960957629212525
    ]
  }, 
  {
    "img": "/media/hdd/YCBvideo/YCB_Video_Dataset/YCB_Video_Dataset/data/0052/000007-label.png", 
    "mask": "/media/hdd/YCBvideo/YCB_Video_Dataset/Generated_YCB_Video_Dataset/mask/0052/000007-mask-01.png", 
    "depth_minmax": [
      0.891, 
      0.924
    ], 
    "model": "/media/hdd/YCBvideo/YCB_Video_Dataset/YCB_Video_Dataset/models/007_tuna_fish_can/textured.obj", 
    "rot_mat": [
      [
        -0.23042052557422682, 
        -0.9587707664342304, 
        0.16633092917803483
      ], 
      [
        -0.6194069178847934, 
        0.012682179595439607, 
        -0.7849672897563647
      ], 
      [
        0.7504948438277544, 
        -0.28389841877476013, 
        -0.596790519670213
      ]
    ], 
    "trans_mat": [
      -0.033224957537100835, 
      0.11562505164504962, 
      0.9311813979365059
    ]
  }, 
  {
    "img": "/media/hdd/YCBvideo/YCB_Video_Dataset/YCB_Video_Dataset/data/0052/000008-label.png", 
    "mask": "/media/hdd/YCBvideo/YCB_Video_Dataset/Generated_YCB_Video_Dataset/mask/0052/000008-mask-00.png", 
    "depth_minmax": [
      0.823, 
      0.97
    ], 
    "model": "/media/hdd/YCBvideo/YCB_Video_Dataset/YCB_Video_Dataset/models/006_mustard_bottle/textured.obj", 
    "rot_mat": [
      [
        0.5900105268988677, 
        0.7845363597822682, 
        0.1907649955905361
      ], 
      [
        0.5705607746934875, 
        -0.23796303296895902, 
        -0.7860247014874485
      ], 
      [
        -0.5712691901424954, 
        0.5726060081231781, 
        -0.5880265931519802
      ]
    ], 
    "trans_mat": [
      0.06716968511964028, 
      0.08936735587982428, 
      0.8950024699684228
    ]
  }, 
  {
    "img": "/media/hdd/YCBvideo/YCB_Video_Dataset/YCB_Video_Dataset/data/0052/000008-label.png", 
    "mask": "/media/hdd/YCBvideo/YCB_Video_Dataset/Generated_YCB_Video_Dataset/mask/0052/000008-mask-01.png", 
    "depth_minmax": [
      0.888, 
      0.934
    ], 
    "model": "/media/hdd/YCBvideo/YCB_Video_Dataset/YCB_Video_Dataset/models/007_tuna_fish_can/textured.obj", 
    "rot_mat": [
      [
        -0.23170537797082694, 
        -0.9579828217243905, 
        0.1690622271550668
      ], 
      [
        -0.6178556589646507, 
        0.010688923861586033, 
        -0.7862191475973972
      ], 
      [
        0.7513779670226517, 
        -0.28662757638591635, 
        -0.5943712907536566
      ]
    ], 
    "trans_mat": [
      -0.033690744459598215, 
      0.11630261838120455, 
      0.9297373524612521
    ]
  }, 
  {
    "img": "/media/hdd/YCBvideo/YCB_Video_Dataset/YCB_Video_Dataset/data/0052/000009-label.png", 
    "mask": "/media/hdd/YCBvideo/YCB_Video_Dataset/Generated_YCB_Video_Dataset/mask/0052/000009-mask-00.png", 
    "depth_minmax": [
      0.826, 
      0.962
    ], 
    "model": "/media/hdd/YCBvideo/YCB_Video_Dataset/YCB_Video_Dataset/models/006_mustard_bottle/textured.obj", 
    "rot_mat": [
      [
        0.5886339654406854, 
        0.7862802325659246, 
        0.18781551943189076
      ], 
      [
        0.5703205045288248, 
        -0.23925869881721612, 
        -0.7858056626232933
      ], 
      [
        -0.5729260918906289, 
        0.5696666074372959, 
        -0.5892670313107412
      ]
    ], 
    "trans_mat": [
      0.06742382563727117, 
      0.0906540766727522, 
      0.8950930230532337
    ]
  }, 
  {
    "img": "/media/hdd/YCBvideo/YCB_Video_Dataset/YCB_Video_Dataset/data/0052/000009-label.png", 
    "mask": "/media/hdd/YCBvideo/YCB_Video_Dataset/Generated_YCB_Video_Dataset/mask/0052/000009-mask-01.png", 
    "depth_minmax": [
      0.891, 
      0.933
    ], 
    "model": "/media/hdd/YCBvideo/YCB_Video_Dataset/YCB_Video_Dataset/models/007_tuna_fish_can/textured.obj", 
    "rot_mat": [
      [
        -0.22975023847123455, 
        -0.9589731705160477, 
        0.16609035038186365
      ], 
      [
        -0.618147482387444, 
        0.011968701174978332, 
        -0.7859712245135848
      ], 
      [
        0.7517377575528883, 
        -0.2832453553339996, 
        -0.5955354252685849
      ]
    ], 
    "trans_mat": [
      -0.033283571470515194, 
      0.11767644564750146, 
      0.9302023530256016
    ]
  }, 
  {
    "img": "/media/hdd/YCBvideo/YCB_Video_Dataset/YCB_Video_Dataset/data/0052/000010-label.png", 
    "mask": "/media/hdd/YCBvideo/YCB_Video_Dataset/Generated_YCB_Video_Dataset/mask/0052/000010-mask-00.png", 
    "depth_minmax": [
      0.825, 
      0.963
    ], 
    "model": "/media/hdd/YCBvideo/YCB_Video_Dataset/YCB_Video_Dataset/models/006_mustard_bottle/textured.obj", 
    "rot_mat": [
      [
        0.5892958422909601, 
        0.7860189314693776, 
        0.18682932822083578
      ], 
      [
        0.5697699474108168, 
        -0.24037736379111327, 
        -0.7858630539748657
      ], 
      [
        -0.5727923383845571, 
        0.5695557793910426, 
        -0.5895039877369027
      ]
    ], 
    "trans_mat": [
      0.06927367538297405, 
      0.09077743703266353, 
      0.895224366510779
    ]
  }, 
  {
    "img": "/media/hdd/YCBvideo/YCB_Video_Dataset/YCB_Video_Dataset/data/0052/000010-label.png", 
    "mask": "/media/hdd/YCBvideo/YCB_Video_Dataset/Generated_YCB_Video_Dataset/mask/0052/000010-mask-01.png", 
    "depth_minmax": [
      0.891, 
      0.933
    ], 
    "model": "/media/hdd/YCBvideo/YCB_Video_Dataset/YCB_Video_Dataset/models/007_tuna_fish_can/textured.obj", 
    "rot_mat": [
      [
        -0.2304611189277584, 
        -0.958972630936756, 
        0.16510364869077626
      ], 
      [
        -0.6180842087997063, 
        0.01321487974124983, 
        -0.7860004263717941
      ], 
      [
        0.7515711679215767, 
        -0.2831911151028723, 
        -0.5957712791320613
      ]
    ], 
    "trans_mat": [
      -0.03139891944928085, 
      0.11791196311017071, 
      0.9303468300202175
    ]
  }, 
  {
    "img": "/media/hdd/YCBvideo/YCB_Video_Dataset/YCB_Video_Dataset/data/0052/000011-label.png", 
    "mask": "/media/hdd/YCBvideo/YCB_Video_Dataset/Generated_YCB_Video_Dataset/mask/0052/000011-mask-00.png", 
    "depth_minmax": [
      0.825, 
      0.955
    ], 
    "model": "/media/hdd/YCBvideo/YCB_Video_Dataset/YCB_Video_Dataset/models/006_mustard_bottle/textured.obj", 
    "rot_mat": [
      [
        0.5873990552087355, 
        0.7872482111267158, 
        0.18762483892781162
      ], 
      [
        0.5703014293959741, 
        -0.23816236148260192, 
        -0.7861519021482958
      ], 
      [
        -0.5742108510090658, 
        0.5687871210891763, 
        -0.5888660684241698
      ]
    ], 
    "trans_mat": [
      0.07037134910146084, 
      0.09067074117272109, 
      0.8949431584642954
    ]
  }, 
  {
    "img": "/media/hdd/YCBvideo/YCB_Video_Dataset/YCB_Video_Dataset/data/0052/000011-label.png", 
    "mask": "/media/hdd/YCBvideo/YCB_Video_Dataset/Generated_YCB_Video_Dataset/mask/0052/000011-mask-01.png", 
    "depth_minmax": [
      0.891, 
      0.949
    ], 
    "model": "/media/hdd/YCBvideo/YCB_Video_Dataset/YCB_Video_Dataset/models/007_tuna_fish_can/textured.obj", 
    "rot_mat": [
      [
        -0.22823311132625576, 
        -0.9593694376300235, 
        0.16589123940395745
      ], 
      [
        -0.6176962413481675, 
        0.010977370592866841, 
        -0.7863397971680796
      ], 
      [
        0.7525697923471062, 
        -0.28193887378090376, 
        -0.5951044990340012
      ]
    ], 
    "trans_mat": [
      -0.03030898033579521, 
      0.11764342171706313, 
      0.9301680354273737
    ]
  }, 
  {
    "img": "/media/hdd/YCBvideo/YCB_Video_Dataset/YCB_Video_Dataset/data/0052/000012-label.png", 
    "mask": "/media/hdd/YCBvideo/YCB_Video_Dataset/Generated_YCB_Video_Dataset/mask/0052/000012-mask-00.png", 
    "depth_minmax": [
      0.825, 
      0.953
    ], 
    "model": "/media/hdd/YCBvideo/YCB_Video_Dataset/YCB_Video_Dataset/models/006_mustard_bottle/textured.obj", 
    "rot_mat": [
      [
        0.5860651276321704, 
        0.787893863602959, 
        0.18907924875122628
      ], 
      [
        0.570307475589721, 
        -0.23535301151425198, 
        -0.7869935329511991
      ], 
      [
        -0.575566226993278, 
        0.5690625621332539, 
        -0.5872746580082614
      ]
    ], 
    "trans_mat": [
      0.06965210641869041, 
      0.09146288951167549, 
      0.8947294000206277
    ]
  }, 
  {
    "img": "/media/hdd/YCBvideo/YCB_Video_Dataset/YCB_Video_Dataset/data/0052/000012-label.png", 
    "mask": "/media/hdd/YCBvideo/YCB_Video_Dataset/Generated_YCB_Video_Dataset/mask/0052/000012-mask-01.png", 
    "depth_minmax": [
      0.888, 
      0.932
    ], 
    "model": "/media/hdd/YCBvideo/YCB_Video_Dataset/YCB_Video_Dataset/models/007_tuna_fish_can/textured.obj", 
    "rot_mat": [
      [
        -0.2267531434202077, 
        -0.9594677738929027, 
        0.16734436107541312
      ], 
      [
        -0.6165904074671396, 
        0.008414351475783125, 
        -0.7872391783478347
      ], 
      [
        0.7539229933162916, 
        -0.2816918843084357, 
        -0.5935065813334633
      ]
    ], 
    "trans_mat": [
      -0.031073742599880702, 
      0.11830195536167336, 
      0.9299260989230334
    ]
  }, 
  {
    "img": "/media/hdd/YCBvideo/YCB_Video_Dataset/YCB_Video_Dataset/data/0052/000013-label.png", 
    "mask": "/media/hdd/YCBvideo/YCB_Video_Dataset/Generated_YCB_Video_Dataset/mask/0052/000013-mask-00.png", 
    "depth_minmax": [
      0.827, 
      0.95
    ], 
    "model": "/media/hdd/YCBvideo/YCB_Video_Dataset/YCB_Video_Dataset/models/006_mustard_bottle/textured.obj", 
    "rot_mat": [
      [
        0.5850667018184669, 
        0.7876125233167126, 
        0.1932971213366778
      ], 
      [
        0.5725274697741108, 
        -0.23232365693925955, 
        -0.7862810006035946
      ], 
      [
        -0.5743760425300559, 
        0.5706948702544886, 
        -0.5868553235213948
      ]
    ], 
    "trans_mat": [
      0.06820851013528009, 
      0.09290196230648849, 
      0.8946508413555679
    ]
  }, 
  {
    "img": "/media/hdd/YCBvideo/YCB_Video_Dataset/YCB_Video_Dataset/data/0052/000013-label.png", 
    "mask": "/media/hdd/YCBvideo/YCB_Video_Dataset/Generated_YCB_Video_Dataset/mask/0052/000013-mask-01.png", 
    "depth_minmax": [
      0.891, 
      0.934
    ], 
    "model": "/media/hdd/YCBvideo/YCB_Video_Dataset/YCB_Video_Dataset/models/007_tuna_fish_can/textured.obj", 
    "rot_mat": [
      [
        -0.2259489936029742, 
        -0.9589100338810822, 
        0.1715762279786779
      ], 
      [
        -0.6174316052334027, 
        0.004738830595685294, 
        -0.7866099003522605
      ], 
      [
        0.7534752422227402, 
        -0.283670788243866, 
        -0.5931320600011923
      ]
    ], 
    "trans_mat": [
      -0.03269159098470047, 
      0.11935676314725017, 
      0.9296387178522231
    ]
  }, 
  {
    "img": "/media/hdd/YCBvideo/YCB_Video_Dataset/YCB_Video_Dataset/data/0052/000014-label.png", 
    "mask": "/media/hdd/YCBvideo/YCB_Video_Dataset/Generated_YCB_Video_Dataset/mask/0052/000014-mask-00.png", 
    "depth_minmax": [
      0.824, 
      0.953
    ], 
    "model": "/media/hdd/YCBvideo/YCB_Video_Dataset/YCB_Video_Dataset/models/006_mustard_bottle/textured.obj", 
    "rot_mat": [
      [
        0.5858759372849222, 
        0.7864296099412692, 
        0.19564761004381648
      ], 
      [
        0.5725977966182341, 
        -0.23087107910381816, 
        -0.786657502895041
      ], 
      [
        -0.5734802821000318, 
        0.5729112370749144, 
        -0.5855702580814456
      ]
    ], 
    "trans_mat": [
      0.06587243805995305, 
      0.09440398586597715, 
      0.8946126420844666
    ]
  }, 
  {
    "img": "/media/hdd/YCBvideo/YCB_Video_Dataset/YCB_Video_Dataset/data/0052/000014-label.png", 
    "mask": "/media/hdd/YCBvideo/YCB_Video_Dataset/Generated_YCB_Video_Dataset/mask/0052/000014-mask-01.png", 
    "depth_minmax": [
      0.891, 
      0.927
    ], 
    "model": "/media/hdd/YCBvideo/YCB_Video_Dataset/YCB_Video_Dataset/models/007_tuna_fish_can/textured.obj", 
    "rot_mat": [
      [
        -0.22716097876814337, 
        -0.9581969295640069, 
        0.17394297885151938
      ], 
      [
        -0.61692157673501, 
        0.0033857224403440454, 
        -0.7870169019703122
      ], 
      [
        0.7535285695724742, 
        -0.28608916047423893, 
        -0.5919013335523462
      ]
    ], 
    "trans_mat": [
      -0.03514478153264606, 
      0.1207818323741408, 
      0.9293195228438711
    ]
  }, 
  {
    "img": "/media/hdd/YCBvideo/YCB_Video_Dataset/YCB_Video_Dataset/data/0052/000015-label.png", 
    "mask": "/media/hdd/YCBvideo/YCB_Video_Dataset/Generated_YCB_Video_Dataset/mask/0052/000015-mask-00.png", 
    "depth_minmax": [
      0.825, 
      0.96
    ], 
    "model": "/media/hdd/YCBvideo/YCB_Video_Dataset/YCB_Video_Dataset/models/006_mustard_bottle/textured.obj", 
    "rot_mat": [
      [
        0.5872191668439226, 
        0.7850509588508783, 
        0.19715371128033707
      ], 
      [
        0.5717986894964556, 
        -0.2299340371051533, 
        -0.7875136432558815
      ], 
      [
        -0.5729049981017105, 
        0.575174613821216, 
        -0.5839126292932981
      ]
    ], 
    "trans_mat": [
      0.0646232960934277, 
      0.09582414689551563, 
      0.8944504131425252
    ]
  }, 
  {
    "img": "/media/hdd/YCBvideo/YCB_Video_Dataset/YCB_Video_Dataset/data/0052/000015-label.png", 
    "mask": "/media/hdd/YCBvideo/YCB_Video_Dataset/Generated_YCB_Video_Dataset/mask/0052/000015-mask-01.png", 
    "depth_minmax": [
      0.891, 
      0.922
    ], 
    "model": "/media/hdd/YCBvideo/YCB_Video_Dataset/YCB_Video_Dataset/models/007_tuna_fish_can/textured.obj", 
    "rot_mat": [
      [
        -0.22894051223898843, 
        -0.9574961321320907, 
        0.17546463212155486
      ], 
      [
        -0.6158167035410109, 
        0.002860599167013334, 
        -0.7878847136042232
      ], 
      [
        0.7538946951668729, 
        -0.2884324119348299, 
        -0.5902961306985983
      ]
    ], 
    "trans_mat": [
      -0.03648098844903264, 
      0.12224369270020474, 
      0.9288710514110934
    ]
  }, 
  {
    "img": "/media/hdd/YCBvideo/YCB_Video_Dataset/YCB_Video_Dataset/data/0052/000016-label.png", 
    "mask": "/media/hdd/YCBvideo/YCB_Video_Dataset/Generated_YCB_Video_Dataset/mask/0052/000016-mask-00.png", 
    "depth_minmax": [
      0.826, 
      0.962
    ], 
    "model": "/media/hdd/YCBvideo/YCB_Video_Dataset/YCB_Video_Dataset/models/006_mustard_bottle/textured.obj", 
    "rot_mat": [
      [
        0.587799525587337, 
        0.7841074667115151, 
        0.19916892089550492
      ], 
      [
        0.5710600274398371, 
        -0.22776035179858617, 
        -0.7886800612963479
      ], 
      [
        -0.5730462523011347, 
        0.5773233297520477, 
        -0.5816498709065615
      ]
    ], 
    "trans_mat": [
      0.06449278165782496, 
      0.09723226156444147, 
      0.8945641323921809
    ]
  }, 
  {
    "img": "/media/hdd/YCBvideo/YCB_Video_Dataset/YCB_Video_Dataset/data/0052/000016-label.png", 
    "mask": "/media/hdd/YCBvideo/YCB_Video_Dataset/Generated_YCB_Video_Dataset/mask/0052/000016-mask-01.png", 
    "depth_minmax": [
      0.891, 
      0.924
    ], 
    "model": "/media/hdd/YCBvideo/YCB_Video_Dataset/YCB_Video_Dataset/models/007_tuna_fish_can/textured.obj", 
    "rot_mat": [
      [
        -0.2298474643755032, 
        -0.9569048009067597, 
        0.17749338117279936
      ], 
      [
        -0.6142781506379313, 
        0.0011830572022058878, 
        -0.7890887762854202
      ], 
      [
        0.7548733627887397, 
        -0.2904007532226902, 
        -0.5880769323448923
      ]
    ], 
    "trans_mat": [
      -0.03670929724310676, 
      0.12362733151368459, 
      0.9287150875714888
    ]
  }, 
  {
    "img": "/media/hdd/YCBvideo/YCB_Video_Dataset/YCB_Video_Dataset/data/0052/000017-label.png", 
    "mask": "/media/hdd/YCBvideo/YCB_Video_Dataset/Generated_YCB_Video_Dataset/mask/0052/000017-mask-00.png", 
    "depth_minmax": [
      0.825, 
      0.964
    ], 
    "model": "/media/hdd/YCBvideo/YCB_Video_Dataset/YCB_Video_Dataset/models/006_mustard_bottle/textured.obj", 
    "rot_mat": [
      [
        0.5864832701302577, 
        0.7844044171943284, 
        0.20186212668173525
      ], 
      [
        0.5716058443202799, 
        -0.22425968530977303, 
        -0.7892875400475862
      ], 
      [
        -0.5738497178515368, 
        0.5782885631350311, 
        -0.579895432495183
      ]
    ], 
    "trans_mat": [
      0.061933463688267805, 
      0.09955131838051366, 
      0.8944587127246288
    ]
  }, 
  {
    "img": "/media/hdd/YCBvideo/YCB_Video_Dataset/YCB_Video_Dataset/data/0052/000017-label.png", 
    "mask": "/media/hdd/YCBvideo/YCB_Video_Dataset/Generated_YCB_Video_Dataset/mask/0052/000017-mask-01.png", 
    "depth_minmax": [
      0.886, 
      0.921
    ], 
    "model": "/media/hdd/YCBvideo/YCB_Video_Dataset/YCB_Video_Dataset/models/007_tuna_fish_can/textured.obj", 
    "rot_mat": [
      [
        -0.22852210804448056, 
        -0.9567179383153923, 
        0.180192004826034
      ], 
      [
        -0.6133947622144141, 
        -0.0022334636814095163, 
        -0.7897733309462375
      ], 
      [
        0.7559923926229637, 
        -0.2910090578365577, 
        -0.586335375316904
      ]
    ], 
    "trans_mat": [
      -0.0393677387922695, 
      0.12571860793861153, 
      0.9284909744682611
    ]
  }, 
  {
    "img": "/media/hdd/YCBvideo/YCB_Video_Dataset/YCB_Video_Dataset/data/0052/000018-label.png", 
    "mask": "/media/hdd/YCBvideo/YCB_Video_Dataset/Generated_YCB_Video_Dataset/mask/0052/000018-mask-00.png", 
    "depth_minmax": [
      0.827, 
      0.965
    ], 
    "model": "/media/hdd/YCBvideo/YCB_Video_Dataset/YCB_Video_Dataset/models/006_mustard_bottle/textured.obj", 
    "rot_mat": [
      [
        0.5849113749884606, 
        0.7853980810668415, 
        0.20255803247391846
      ], 
      [
        0.5739958908564071, 
        -0.22436802103950199, 
        -0.7875200609167455
      ], 
      [
        -0.5730687349419048, 
        0.5768962490859592, 
        -0.5820505027886144
      ]
    ], 
    "trans_mat": [
      0.06281098805963412, 
      0.09754673474124366, 
      0.8942052835144666
    ]
  }, 
  {
    "img": "/media/hdd/YCBvideo/YCB_Video_Dataset/YCB_Video_Dataset/data/0052/000018-label.png", 
    "mask": "/media/hdd/YCBvideo/YCB_Video_Dataset/Generated_YCB_Video_Dataset/mask/0052/000018-mask-01.png", 
    "depth_minmax": [
      0.891, 
      0.932
    ], 
    "model": "/media/hdd/YCBvideo/YCB_Video_Dataset/YCB_Video_Dataset/models/007_tuna_fish_can/textured.obj", 
    "rot_mat": [
      [
        -0.22668564980954517, 
        -0.957024597118975, 
        0.18088185433482987
      ], 
      [
        -0.6156334716117153, 
        -0.003118918678029907, 
        -0.7880262784890505
      ], 
      [
        0.7547252597117197, 
        -0.2899906445883693, 
        -0.588468449040347
      ]
    ], 
    "trans_mat": [
      -0.03849720912752671, 
      0.12346068415328736, 
      0.9284100879566234
    ]
  }, 
  {
    "img": "/media/hdd/YCBvideo/YCB_Video_Dataset/YCB_Video_Dataset/data/0052/000019-label.png", 
    "mask": "/media/hdd/YCBvideo/YCB_Video_Dataset/Generated_YCB_Video_Dataset/mask/0052/000019-mask-00.png", 
    "depth_minmax": [
      0.825, 
      0.97
    ], 
    "model": "/media/hdd/YCBvideo/YCB_Video_Dataset/YCB_Video_Dataset/models/006_mustard_bottle/textured.obj", 
    "rot_mat": [
      [
        0.586999534890582, 
        0.7837662901964509, 
        0.2028354968080809
      ], 
      [
        0.573748132575556, 
        -0.2259726352247304, 
        -0.7872423383001375
      ], 
      [
        -0.5711784180618692, 
        0.5784871057527329, 
        -0.5823299990566558
      ]
    ], 
    "trans_mat": [
      0.06290026372718888, 
      0.09512653223307677, 
      0.8939595033647223
    ]
  }, 
  {
    "img": "/media/hdd/YCBvideo/YCB_Video_Dataset/YCB_Video_Dataset/data/0052/000019-label.png", 
    "mask": "/media/hdd/YCBvideo/YCB_Video_Dataset/Generated_YCB_Video_Dataset/mask/0052/000019-mask-01.png", 
    "depth_minmax": [
      0.884, 
      0.925
    ], 
    "model": "/media/hdd/YCBvideo/YCB_Video_Dataset/YCB_Video_Dataset/models/007_tuna_fish_can/textured.obj", 
    "rot_mat": [
      [
        -0.22924902581195492, 
        -0.9563581107481842, 
        0.18117348249409276
      ], 
      [
        -0.6160406253664065, 
        -0.0015538188911014164, 
        -0.7877132486764535
      ], 
      [
        0.7536183299414533, 
        -0.2921925054354118, 
        -0.5887982299114258
      ]
    ], 
    "trans_mat": [
      -0.03845129619344471, 
      0.12114477915663843, 
      0.9279559248188344
    ]
  }, 
  {
    "img": "/media/hdd/YCBvideo/YCB_Video_Dataset/YCB_Video_Dataset/data/0052/000020-label.png", 
    "mask": "/media/hdd/YCBvideo/YCB_Video_Dataset/Generated_YCB_Video_Dataset/mask/0052/000020-mask-00.png", 
    "depth_minmax": [
      0.824, 
      0.969
    ], 
    "model": "/media/hdd/YCBvideo/YCB_Video_Dataset/YCB_Video_Dataset/models/006_mustard_bottle/textured.obj", 
    "rot_mat": [
      [
        0.5851207159358288, 
        0.7854612407540745, 
        0.20170776726798315
      ], 
      [
        0.5737587982802171, 
        -0.2251944375866975, 
        -0.787457041404007
      ], 
      [
        -0.5730929293156671, 
        0.576489300823203, 
        -0.5824310732683786
      ]
    ], 
    "trans_mat": [
      0.06259379624976158, 
      0.09508895993905396, 
      0.893927507309264
    ]
  }, 
  {
    "img": "/media/hdd/YCBvideo/YCB_Video_Dataset/YCB_Video_Dataset/data/0052/000020-label.png", 
    "mask": "/media/hdd/YCBvideo/YCB_Video_Dataset/Generated_YCB_Video_Dataset/mask/0052/000020-mask-01.png", 
    "depth_minmax": [
      0.886, 
      0.925
    ], 
    "model": "/media/hdd/YCBvideo/YCB_Video_Dataset/YCB_Video_Dataset/models/007_tuna_fish_can/textured.obj", 
    "rot_mat": [
      [
        -0.22685262022216057, 
        -0.9571461397269335, 
        0.18002856020730687
      ], 
      [
        -0.6157425712607676, 
        -0.002267753695866903, 
        -0.7879440370563557
      ], 
      [
        0.7545866832975692, 
        -0.2895987990683385, 
        -0.5888403085698558
      ]
    ], 
    "trans_mat": [
      -0.03868021371049162, 
      0.12106849866757859, 
      0.928183728384621
    ]
  }, 
  {
    "img": "/media/hdd/YCBvideo/YCB_Video_Dataset/YCB_Video_Dataset/data/0052/000021-label.png", 
    "mask": "/media/hdd/YCBvideo/YCB_Video_Dataset/Generated_YCB_Video_Dataset/mask/0052/000021-mask-00.png", 
    "depth_minmax": [
      0.825, 
      0.958
    ], 
    "model": "/media/hdd/YCBvideo/YCB_Video_Dataset/YCB_Video_Dataset/models/006_mustard_bottle/textured.obj", 
    "rot_mat": [
      [
        0.5888099421052905, 
        0.7827904374651089, 
        0.20135471091405144
      ], 
      [
        0.5700486303576849, 
        -0.22556746995369767, 
        -0.7900406078642924
      ], 
      [
        -0.5730162567283836, 
        0.5799646227172781, 
        -0.5790449086177896
      ]
    ], 
    "trans_mat": [
      0.059927572925837384, 
      0.09587236878753021, 
      0.8939610363676073
    ]
  }, 
  {
    "img": "/media/hdd/YCBvideo/YCB_Video_Dataset/YCB_Video_Dataset/data/0052/000021-label.png", 
    "mask": "/media/hdd/YCBvideo/YCB_Video_Dataset/Generated_YCB_Video_Dataset/mask/0052/000021-mask-01.png", 
    "depth_minmax": [
      0.888, 
      0.926
    ], 
    "model": "/media/hdd/YCBvideo/YCB_Video_Dataset/YCB_Video_Dataset/models/007_tuna_fish_can/textured.obj", 
    "rot_mat": [
      [
        -0.23129720708487048, 
        -0.9561443655779928, 
        0.17969637094124766
      ], 
      [
        -0.6124814323218237, 
        -0.00039988924312424785, 
        -0.7904847793600622
      ], 
      [
        0.755889420477037, 
        -0.29289684304688857, 
        -0.5855273626246725
      ]
    ], 
    "trans_mat": [
      -0.04138567231290091, 
      0.12227096345403764, 
      0.9277781954110755
    ]
  }, 
  {
    "img": "/media/hdd/YCBvideo/YCB_Video_Dataset/YCB_Video_Dataset/data/0052/000022-label.png", 
    "mask": "/media/hdd/YCBvideo/YCB_Video_Dataset/Generated_YCB_Video_Dataset/mask/0052/000022-mask-00.png", 
    "depth_minmax": [
      0.823, 
      0.956
    ], 
    "model": "/media/hdd/YCBvideo/YCB_Video_Dataset/YCB_Video_Dataset/models/006_mustard_bottle/textured.obj", 
    "rot_mat": [
      [
        0.5900013359057987, 
        0.7823026948604515, 
        0.19975167499520677
      ], 
      [
        0.5681211204373355, 
        -0.2264525978254953, 
        -0.7911754880959395
      ], 
      [
        -0.5737036927952022, 
        0.5802776928379275, 
        -0.5780497985457127
      ]
    ], 
    "trans_mat": [
      0.05995244972655695, 
      0.09560310462291792, 
      0.8938223851888374
    ]
  }, 
  {
    "img": "/media/hdd/YCBvideo/YCB_Video_Dataset/YCB_Video_Dataset/data/0052/000022-label.png", 
    "mask": "/media/hdd/YCBvideo/YCB_Video_Dataset/Generated_YCB_Video_Dataset/mask/0052/000022-mask-01.png", 
    "depth_minmax": [
      0.888, 
      0.927
    ], 
    "model": "/media/hdd/YCBvideo/YCB_Video_Dataset/YCB_Video_Dataset/models/007_tuna_fish_can/textured.obj", 
    "rot_mat": [
      [
        -0.23258375351981847, 
        -0.9561313134115144, 
        0.17809273056196231
      ], 
      [
        -0.6110606945345819, 
        0.00120062427777376, 
        -0.7915832141143231
      ], 
      [
        0.7566442470059721, 
        -0.2929350150225202, 
        -0.5845325740139274
      ]
    ], 
    "trans_mat": [
      -0.04130748069733831, 
      0.12225217877305113, 
      0.9276024361480253
    ]
  }, 
  {
    "img": "/media/hdd/YCBvideo/YCB_Video_Dataset/YCB_Video_Dataset/data/0052/000023-label.png", 
    "mask": "/media/hdd/YCBvideo/YCB_Video_Dataset/Generated_YCB_Video_Dataset/mask/0052/000023-mask-00.png", 
    "depth_minmax": [
      0.825, 
      0.952
    ], 
    "model": "/media/hdd/YCBvideo/YCB_Video_Dataset/YCB_Video_Dataset/models/006_mustard_bottle/textured.obj", 
    "rot_mat": [
      [
        0.589788401831723, 
        0.7825055526716596, 
        0.19958628654232535
      ], 
      [
        0.5693997935328258, 
        -0.2276948204311227, 
        -0.7898984714307979
      ], 
      [
        -0.5726544761894359, 
        0.5795175907980313, 
        -0.5798503198370281
      ]
    ], 
    "trans_mat": [
      0.060029412858649066, 
      0.09546466069100629, 
      0.8940730937275813
    ]
  }, 
  {
    "img": "/media/hdd/YCBvideo/YCB_Video_Dataset/YCB_Video_Dataset/data/0052/000023-label.png", 
    "mask": "/media/hdd/YCBvideo/YCB_Video_Dataset/Generated_YCB_Video_Dataset/mask/0052/000023-mask-01.png", 
    "depth_minmax": [
      0.888, 
      0.932
    ], 
    "model": "/media/hdd/YCBvideo/YCB_Video_Dataset/YCB_Video_Dataset/models/007_tuna_fish_can/textured.obj", 
    "rot_mat": [
      [
        -0.232307888586338, 
        -0.9562296566929595, 
        0.17792518137697583
      ], 
      [
        -0.6127268914271333, 
        0.0018068509920419154, 
        -0.7902927990995973
      ], 
      [
        0.7553806465328906, 
        -0.292611193169674, 
        -0.5863267138810142
      ]
    ], 
    "trans_mat": [
      -0.0412201488788614, 
      0.12203578098160435, 
      0.9279454510599597
    ]
  }, 
  {
    "img": "/media/hdd/YCBvideo/YCB_Video_Dataset/YCB_Video_Dataset/data/0052/000024-label.png", 
    "mask": "/media/hdd/YCBvideo/YCB_Video_Dataset/Generated_YCB_Video_Dataset/mask/0052/000024-mask-00.png", 
    "depth_minmax": [
      0.823, 
      0.955
    ], 
    "model": "/media/hdd/YCBvideo/YCB_Video_Dataset/YCB_Video_Dataset/models/006_mustard_bottle/textured.obj", 
    "rot_mat": [
      [
        0.5892262717605276, 
        0.7832744063152847, 
        0.19822608067179293
      ], 
      [
        0.5689855826556693, 
        -0.22807519870136028, 
        -0.7900867035995194
      ], 
      [
        -0.5736442733097938, 
        0.5783274611181023, 
        -0.580060126237666
      ]
    ], 
    "trans_mat": [
      0.06045975573158157, 
      0.09502311394649908, 
      0.8940195212832568
    ]
  }, 
  {
    "img": "/media/hdd/YCBvideo/YCB_Video_Dataset/YCB_Video_Dataset/data/0052/000024-label.png", 
    "mask": "/media/hdd/YCBvideo/YCB_Video_Dataset/Generated_YCB_Video_Dataset/mask/0052/000024-mask-01.png", 
    "depth_minmax": [
      0.888, 
      0.928
    ], 
    "model": "/media/hdd/YCBvideo/YCB_Video_Dataset/YCB_Video_Dataset/models/007_tuna_fish_can/textured.obj", 
    "rot_mat": [
      [
        -0.23148699636889639, 
        -0.9566826430940066, 
        0.1765546986057298
      ], 
      [
        -0.6124968140366205, 
        0.002324155146150405, 
        -0.7904692935920316
      ], 
      [
        0.7558191442021526, 
        -0.29112228075487784, 
        -0.5865027374801037
      ]
    ], 
    "trans_mat": [
      -0.040721561906922825, 
      0.12165715981253432, 
      0.9280461039144206
    ]
  }, 
  {
