[
  {
    "img": "/media/hdd/YCBvideo/YCB_Video_Dataset/YCB_Video_Dataset/data/0053/000001-label.png", 
    "mask": "/media/hdd/YCBvideo/YCB_Video_Dataset/Generated_YCB_Video_Dataset/mask/0053/000001-mask-00.png", 
    "depth_minmax": [
      0.736, 
      0.809
    ], 
    "model": "/media/hdd/YCBvideo/YCB_Video_Dataset/YCB_Video_Dataset/models/005_tomato_soup_can/textured.obj", 
    "rot_mat": [
      [
        0.005793329846919287, 
        -0.9939465558854979, 
        0.10971614417913021
      ], 
      [
        -0.6717029354335636, 
        -0.08514769284697735, 
        -0.7359116020870881
      ], 
      [
        0.7407981750840915, 
        -0.06943371144688064, 
        -0.6681294842519337
      ]
    ], 
    "trans_mat": [
      -0.023670957939288417, 
      0.06595556560452723, 
      0.7832208875627601
    ]
  }, 
  {
    "img": "/media/hdd/YCBvideo/YCB_Video_Dataset/YCB_Video_Dataset/data/0053/000001-label.png", 
    "mask": "/media/hdd/YCBvideo/YCB_Video_Dataset/Generated_YCB_Video_Dataset/mask/0053/000001-mask-01.png", 
    "depth_minmax": [
      0.821, 
      0.931
    ], 
    "model": "/media/hdd/YCBvideo/YCB_Video_Dataset/YCB_Video_Dataset/models/024_bowl/textured.obj", 
    "rot_mat": [
      [
        -0.8924732177583021, 
        0.44088887699950463, 
        0.09544084858574345
      ], 
      [
        0.23827178773045124, 
        0.6403854609485882, 
        -0.7301596612890292
      ], 
      [
        -0.38303768807296656, 
        -0.6289073339222968, 
        -0.6765773111476145
      ]
    ], 
    "trans_mat": [
      0.1251707761139013, 
      0.057556994369963435, 
      0.8491088580565628
    ]
  }, 
  {
    "img": "/media/hdd/YCBvideo/YCB_Video_Dataset/YCB_Video_Dataset/data/0053/000002-label.png", 
    "mask": "/media/hdd/YCBvideo/YCB_Video_Dataset/Generated_YCB_Video_Dataset/mask/0053/000002-mask-00.png", 
    "depth_minmax": [
      0.736, 
      0.81
    ], 
    "model": "/media/hdd/YCBvideo/YCB_Video_Dataset/YCB_Video_Dataset/models/005_tomato_soup_can/textured.obj", 
    "rot_mat": [
      [
        0.007206557926249942, 
        -0.9937726233597244, 
        0.11119886519034895
      ], 
      [
        -0.6724102034180239, 
        -0.08712274262540397, 
        -0.7350342736842771
      ], 
      [
        0.7401442528657565, 
        -0.06947449339087444, 
        -0.6688497031654776
      ]
    ], 
    "trans_mat": [
      -0.023964461251276173, 
      0.06684973353182032, 
      0.783016194650318
    ]
  }, 
  {
    "img": "/media/hdd/YCBvideo/YCB_Video_Dataset/YCB_Video_Dataset/data/0053/000002-label.png", 
    "mask": "/media/hdd/YCBvideo/YCB_Video_Dataset/Generated_YCB_Video_Dataset/mask/0053/000002-mask-01.png", 
    "depth_minmax": [
      0.821, 
      0.931
    ], 
    "model": "/media/hdd/YCBvideo/YCB_Video_Dataset/YCB_Video_Dataset/models/024_bowl/textured.obj", 
    "rot_mat": [
      [
        -0.8929780491910546, 
        0.4395440579540967, 
        0.09691140349117737
      ], 
      [
        0.2368096479442233, 
        0.6419019810260455, 
        -0.7293034664172389
      ], 
      [
        -0.38276803618934796, 
        -0.6283028015050546, 
        -0.6772913281990475
      ]
    ], 
    "trans_mat": [
      0.1248971454958539, 
      0.058692982125118004, 
      0.8488896777863756
    ]
  }, 
  {
    "img": "/media/hdd/YCBvideo/YCB_Video_Dataset/YCB_Video_Dataset/data/0053/000003-label.png", 
    "mask": "/media/hdd/YCBvideo/YCB_Video_Dataset/Generated_YCB_Video_Dataset/mask/0053/000003-mask-00.png", 
    "depth_minmax": [
      0.736, 
      0.809
    ], 
    "model": "/media/hdd/YCBvideo/YCB_Video_Dataset/YCB_Video_Dataset/models/005_tomato_soup_can/textured.obj", 
    "rot_mat": [
      [
        0.004913373021387966, 
        -0.9936737525810373, 
        0.112198005680392
      ], 
      [
        -0.6720094578686446, 
        -0.0863681993360491, 
        -0.735489673432947
      ], 
      [
        0.7405268595316722, 
        -0.07178469139783179, 
        -0.6681825691313689
      ]
    ], 
    "trans_mat": [
      -0.02467540354637434, 
      0.06823147065915676, 
      0.7828050462559001
    ]
  }, 
  {
    "img": "/media/hdd/YCBvideo/YCB_Video_Dataset/YCB_Video_Dataset/data/0053/000003-label.png", 
    "mask": "/media/hdd/YCBvideo/YCB_Video_Dataset/Generated_YCB_Video_Dataset/mask/0053/000003-mask-01.png", 
    "depth_minmax": [
      0.821, 
      0.931
    ], 
    "model": "/media/hdd/YCBvideo/YCB_Video_Dataset/YCB_Video_Dataset/models/024_bowl/textured.obj", 
    "rot_mat": [
      [
        -0.8918774782209645, 
        0.4415458900160689, 
        0.09793520226612336
      ], 
      [
        0.23731171601442771, 
        0.6412063000145466, 
        -0.7297521058500784
      ], 
      [
        -0.38501526576780026, 
        -0.6276089948673285, 
        -0.6766612044875295
      ]
    ], 
    "trans_mat": [
      0.12402285887245862, 
      0.0599921418970564, 
      0.8490360307284727
    ]
  }, 
  {
    "img": "/media/hdd/YCBvideo/YCB_Video_Dataset/YCB_Video_Dataset/data/0053/000004-label.png", 
    "mask": "/media/hdd/YCBvideo/YCB_Video_Dataset/Generated_YCB_Video_Dataset/mask/0053/000004-mask-00.png", 
    "depth_minmax": [
      0.733, 
      0.815
    ], 
    "model": "/media/hdd/YCBvideo/YCB_Video_Dataset/YCB_Video_Dataset/models/005_tomato_soup_can/textured.obj", 
    "rot_mat": [
      [
        0.0036780120741035875, 
        -0.9937109994240695, 
        0.11191251994356147
      ], 
      [
        -0.6690150563764217, 
        -0.08562345288057387, 
        -0.7383004715669024
      ], 
      [
        0.743239921152658, 
        -0.07215653275212991, 
        -0.6651228722799162
      ]
    ], 
    "trans_mat": [
      -0.025918370442901927, 
      0.0695590730588748, 
      0.7825342196072944
    ]
  }, 
  {
    "img": "/media/hdd/YCBvideo/YCB_Video_Dataset/YCB_Video_Dataset/data/0053/000004-label.png", 
    "mask": "/media/hdd/YCBvideo/YCB_Video_Dataset/Generated_YCB_Video_Dataset/mask/0053/000004-mask-01.png", 
    "depth_minmax": [
      0.821, 
      0.931
    ], 
    "model": "/media/hdd/YCBvideo/YCB_Video_Dataset/YCB_Video_Dataset/models/024_bowl/textured.obj", 
    "rot_mat": [
      [
        -0.8913511601074526, 
        0.44266716853273463, 
        0.09766183479606622
      ], 
      [
        0.2366814133700472, 
        0.6382039836581676, 
        -0.7325823855188723
      ], 
      [
        -0.3866186219016361, 
        -0.6298743651735256, 
        -0.6736349788037364
      ]
    ], 
    "trans_mat": [
      0.12272335529488126, 
      0.06143278400363385, 
      0.8489059013910886
    ]
  }, 
  {
    "img": "/media/hdd/YCBvideo/YCB_Video_Dataset/YCB_Video_Dataset/data/0053/000005-label.png", 
    "mask": "/media/hdd/YCBvideo/YCB_Video_Dataset/Generated_YCB_Video_Dataset/mask/0053/000005-mask-00.png", 
    "depth_minmax": [
      0.735, 
      0.809
    ], 
    "model": "/media/hdd/YCBvideo/YCB_Video_Dataset/YCB_Video_Dataset/models/005_tomato_soup_can/textured.obj", 
    "rot_mat": [
      [
        0.0018981124754419692, 
        -0.9935970620409296, 
        0.11296765987175715
      ], 
      [
        -0.6704501990696835, 
        -0.08508097787153147, 
        -0.73706068268723
      ], 
      [
        0.7419522866155325, 
        -0.07434033446892864, 
        -0.6663182218197675
      ]
    ], 
    "trans_mat": [
      -0.027103622223837623, 
      0.07084611167207178, 
      0.7823663116192737
    ]
  }, 
  {
    "img": "/media/hdd/YCBvideo/YCB_Video_Dataset/YCB_Video_Dataset/data/0053/000005-label.png", 
    "mask": "/media/hdd/YCBvideo/YCB_Video_Dataset/Generated_YCB_Video_Dataset/mask/0053/000005-mask-01.png", 
    "depth_minmax": [
      0.821, 
      0.931
    ], 
    "model": "/media/hdd/YCBvideo/YCB_Video_Dataset/YCB_Video_Dataset/models/024_bowl/textured.obj", 
    "rot_mat": [
      [
        -0.8904685506547263, 
        0.44420346888659895, 
        0.09873660179298474
      ], 
      [
        0.2377888795527197, 
        0.6392393011031565, 
        -0.7313203942737494
      ], 
      [
        -0.3879707341384546, 
        -0.6277399467407222, 
        -0.6748482006696377
      ]
    ], 
    "trans_mat": [
      0.12139965893872134, 
      0.06253142357884213, 
      0.8490239848143838
    ]
  }, 
  {
    "img": "/media/hdd/YCBvideo/YCB_Video_Dataset/YCB_Video_Dataset/data/0053/000006-label.png", 
    "mask": "/media/hdd/YCBvideo/YCB_Video_Dataset/Generated_YCB_Video_Dataset/mask/0053/000006-mask-00.png", 
    "depth_minmax": [
      0.733, 
      0.809
    ], 
    "model": "/media/hdd/YCBvideo/YCB_Video_Dataset/YCB_Video_Dataset/models/005_tomato_soup_can/textured.obj", 
    "rot_mat": [
      [
        0.0053942128262291465, 
        -0.993486453816301, 
        0.11382597928331294
      ], 
      [
        -0.6671457716674764, 
        -0.08836705941211366, 
        -0.7396671357239719
      ], 
      [
        0.7449078827799125, 
        -0.07194898802863628, 
        -0.6632770622927471
      ]
    ], 
    "trans_mat": [
      -0.02909606642039961, 
      0.07315067656066003, 
      0.7821131642417312
    ]
  }, 
  {
    "img": "/media/hdd/YCBvideo/YCB_Video_Dataset/YCB_Video_Dataset/data/0053/000006-label.png", 
    "mask": "/media/hdd/YCBvideo/YCB_Video_Dataset/Generated_YCB_Video_Dataset/mask/0053/000006-mask-01.png", 
    "depth_minmax": [
      0.817, 
      0.935
    ], 
    "model": "/media/hdd/YCBvideo/YCB_Video_Dataset/YCB_Video_Dataset/models/024_bowl/textured.obj", 
    "rot_mat": [
      [
        -0.8919542728000925, 
        0.441027753632836, 
        0.09956069268930341
      ], 
      [
        0.23341479057252093, 
        0.6377695928722528, 
        -0.7340071071722838
      ], 
      [
        -0.387214091333353, 
        -0.631462861411308, 
        -0.6718035104007241
      ]
    ], 
    "trans_mat": [
      0.11956534180579925, 
      0.06557366190239682, 
      0.8485058961823028
    ]
  }, 
  {
    "img": "/media/hdd/YCBvideo/YCB_Video_Dataset/YCB_Video_Dataset/data/0053/000007-label.png", 
    "mask": "/media/hdd/YCBvideo/YCB_Video_Dataset/Generated_YCB_Video_Dataset/mask/0053/000007-mask-00.png", 
    "depth_minmax": [
      0.735, 
      0.813
    ], 
    "model": "/media/hdd/YCBvideo/YCB_Video_Dataset/YCB_Video_Dataset/models/005_tomato_soup_can/textured.obj", 
    "rot_mat": [
      [
        0.0020723129308405155, 
        -0.9934944392816366, 
        0.11386467608738503
      ], 
      [
        -0.6652243156692664, 
        -0.08638542294189076, 
        -0.7416297410212189
      ], 
      [
        0.7466406830695128, 
        -0.07420928282196779, 
        -0.6610758232623918
      ]
    ], 
    "trans_mat": [
      -0.029666194667842767, 
      0.0752298428063667, 
      0.781941244297352
    ]
  }, 
  {
    "img": "/media/hdd/YCBvideo/YCB_Video_Dataset/YCB_Video_Dataset/data/0053/000007-label.png", 
    "mask": "/media/hdd/YCBvideo/YCB_Video_Dataset/Generated_YCB_Video_Dataset/mask/0053/000007-mask-01.png", 
    "depth_minmax": [
      0.821, 
      0.931
    ], 
    "model": "/media/hdd/YCBvideo/YCB_Video_Dataset/YCB_Video_Dataset/models/024_bowl/textured.obj", 
    "rot_mat": [
      [
        -0.8904706409948271, 
        0.44399931282109445, 
        0.09963316747893813
      ], 
      [
        0.23435650527468402, 
        0.6351681854241188, 
        -0.7359607068151073
      ], 
      [
        -0.3900495479651804, 
        -0.6320019930556873, 
        -0.6696525843688417
      ]
    ], 
    "trans_mat": [
      0.11881184839942152, 
      0.06750051425133376, 
      0.8487255860049119
    ]
  }, 
  {
    "img": "/media/hdd/YCBvideo/YCB_Video_Dataset/YCB_Video_Dataset/data/0053/000008-label.png", 
    "mask": "/media/hdd/YCBvideo/YCB_Video_Dataset/Generated_YCB_Video_Dataset/mask/0053/000008-mask-00.png", 
    "depth_minmax": [
      0.735, 
      0.809
    ], 
    "model": "/media/hdd/YCBvideo/YCB_Video_Dataset/YCB_Video_Dataset/models/005_tomato_soup_can/textured.obj", 
    "rot_mat": [
      [
        0.002434171392657963, 
        -0.993515149843227, 
        0.1136764107478673
      ], 
      [
        -0.6655301338837132, 
        -0.086453876840703, 
        -0.7413471306000532
      ], 
      [
        0.7463676008381579, 
        -0.0738508653732543, 
        -0.6614242155031604
      ]
    ], 
    "trans_mat": [
      -0.030311841529925398, 
      0.07657221408633738, 
      0.7820583420221618
    ]
  }, 
  {
    "img": "/media/hdd/YCBvideo/YCB_Video_Dataset/YCB_Video_Dataset/data/0053/000008-label.png", 
    "mask": "/media/hdd/YCBvideo/YCB_Video_Dataset/Generated_YCB_Video_Dataset/mask/0053/000008-mask-01.png", 
    "depth_minmax": [
      0.817, 
      0.935
    ], 
    "model": "/media/hdd/YCBvideo/YCB_Video_Dataset/YCB_Video_Dataset/models/024_bowl/textured.obj", 
    "rot_mat": [
      [
        -0.8906483415673166, 
        0.4436858061256847, 
        0.09944094288270543
      ], 
      [
        0.2344277513519006, 
        0.6354714078501309, 
        -0.7356759973827608
      ], 
      [
        -0.38960069661182617, 
        -0.6319180139817411, 
        -0.6699930157677881
      ]
    ], 
    "trans_mat": [
      0.11819341069487424, 
      0.0688302818937267, 
      0.8487806649936307
    ]
  }, 
  {
    "img": "/media/hdd/YCBvideo/YCB_Video_Dataset/YCB_Video_Dataset/data/0053/000009-label.png", 
    "mask": "/media/hdd/YCBvideo/YCB_Video_Dataset/Generated_YCB_Video_Dataset/mask/0053/000009-mask-00.png", 
    "depth_minmax": [
      0.736, 
      0.809
    ], 
    "model": "/media/hdd/YCBvideo/YCB_Video_Dataset/YCB_Video_Dataset/models/005_tomato_soup_can/textured.obj", 
    "rot_mat": [
      [
        0.0034379748841678465, 
        -0.993470726505007, 
        0.1140374786022096
      ], 
      [
        -0.6669445067677161, 
        -0.08724778631933282, 
        -0.7399822219717646
      ], 
      [
        0.7451000573224907, 
        -0.07351302675704785, 
        -0.6628897685405113
      ]
    ], 
    "trans_mat": [
      -0.03134661658032536, 
      0.07850265668792546, 
      0.7819474282971772
    ]
  }, 
  {
    "img": "/media/hdd/YCBvideo/YCB_Video_Dataset/YCB_Video_Dataset/data/0053/000009-label.png", 
    "mask": "/media/hdd/YCBvideo/YCB_Video_Dataset/Generated_YCB_Video_Dataset/mask/0053/000009-mask-01.png", 
    "depth_minmax": [
      0.821, 
      0.93
    ], 
    "model": "/media/hdd/YCBvideo/YCB_Video_Dataset/YCB_Video_Dataset/models/024_bowl/textured.obj", 
    "rot_mat": [
      [
        -0.8910655968490492, 
        0.44276799433028957, 
        0.09979234619269349
      ], 
      [
        0.23432982694270307, 
        0.6370879733132933, 
        -0.7343082088488833
      ], 
      [
        -0.3887043665854449, 
        -0.6309332349967799, 
        -0.6714405809963093
      ]
    ], 
    "trans_mat": [
      0.11719964891436888, 
      0.07077364641920421, 
      0.8485798805564717
    ]
  }, 
  {
    "img": "/media/hdd/YCBvideo/YCB_Video_Dataset/YCB_Video_Dataset/data/0053/000010-label.png", 
    "mask": "/media/hdd/YCBvideo/YCB_Video_Dataset/Generated_YCB_Video_Dataset/mask/0053/000010-mask-00.png", 
    "depth_minmax": [
      0.733, 
      0.813
    ], 
    "model": "/media/hdd/YCBvideo/YCB_Video_Dataset/YCB_Video_Dataset/models/005_tomato_soup_can/textured.obj", 
    "rot_mat": [
      [
        3.927178120497008e-05, 
        -0.9934878974417259, 
        0.1139368312268187
      ], 
      [
        -0.6648610606590122, 
        -0.08513241821855547, 
        -0.7421001596261573
      ], 
      [
        0.7469668424354523, 
        -0.07572374730882149, 
        -0.6605355658038246
      ]
    ], 
    "trans_mat": [
      -0.03258812656457222, 
      0.07955917829653317, 
      0.7816306636193872
    ]
  }, 
  {
    "img": "/media/hdd/YCBvideo/YCB_Video_Dataset/YCB_Video_Dataset/data/0053/000010-label.png", 
    "mask": "/media/hdd/YCBvideo/YCB_Video_Dataset/Generated_YCB_Video_Dataset/mask/0053/000010-mask-01.png", 
    "depth_minmax": [
      0.821, 
      0.93
    ], 
    "model": "/media/hdd/YCBvideo/YCB_Video_Dataset/YCB_Video_Dataset/models/024_bowl/textured.obj", 
    "rot_mat": [
      [
        -0.889553271563545, 
        0.44581267785573647, 
        0.09972615089905269
      ], 
      [
        0.23532098001349958, 
        0.6342821932174059, 
        -0.7364168593579054
      ], 
      [
        -0.3915583434458936, 
        -0.6316147566668335, 
        -0.6691373739888675
      ]
    ], 
    "trans_mat": [
      0.11577491729814016, 
      0.07166985514563137, 
      0.8486513210243116
    ]
  }, 
  {
    "img": "/media/hdd/YCBvideo/YCB_Video_Dataset/YCB_Video_Dataset/data/0053/000011-label.png", 
    "mask": "/media/hdd/YCBvideo/YCB_Video_Dataset/Generated_YCB_Video_Dataset/mask/0053/000011-mask-00.png", 
    "depth_minmax": [
      0.733, 
      0.808
    ], 
    "model": "/media/hdd/YCBvideo/YCB_Video_Dataset/YCB_Video_Dataset/models/005_tomato_soup_can/textured.obj", 
    "rot_mat": [
      [
        -0.0030333831858453085, 
        -0.9935024506586643, 
        0.11376845081526316
      ], 
      [
        -0.66523071273712, 
        -0.08293862286222778, 
        -0.7420177530415083
      ], 
      [
        0.7466318643182644, 
        -0.07793335672743867, 
        -0.6606566433261316
      ]
    ], 
    "trans_mat": [
      -0.03474086959659598, 
      0.08077293523403303, 
      0.7813678861876391
    ]
  }, 
  {
    "img": "/media/hdd/YCBvideo/YCB_Video_Dataset/YCB_Video_Dataset/data/0053/000011-label.png", 
    "mask": "/media/hdd/YCBvideo/YCB_Video_Dataset/Generated_YCB_Video_Dataset/mask/0053/000011-mask-01.png", 
    "depth_minmax": [
      0.811, 
      0.939
    ], 
    "model": "/media/hdd/YCBvideo/YCB_Video_Dataset/YCB_Video_Dataset/models/024_bowl/textured.obj", 
    "rot_mat": [
      [
        -0.8881838189242789, 
        0.44856504877248565, 
        0.09958894332535825
      ], 
      [
        0.23744539992777355, 
        0.6336270602780169, 
        -0.7362993536383997
      ], 
      [
        -0.3933798618670837, 
        -0.6303228388216133, 
        -0.6692865802286267
      ]
    ], 
    "trans_mat": [
      0.11345804702395959, 
      0.07252837405814641, 
      0.8487080386786211
    ]
  }, 
  {
    "img": "/media/hdd/YCBvideo/YCB_Video_Dataset/YCB_Video_Dataset/data/0053/000012-label.png", 
    "mask": "/media/hdd/YCBvideo/YCB_Video_Dataset/Generated_YCB_Video_Dataset/mask/0053/000012-mask-00.png", 
    "depth_minmax": [
      0.733, 
      0.808
    ], 
    "model": "/media/hdd/YCBvideo/YCB_Video_Dataset/YCB_Video_Dataset/models/005_tomato_soup_can/textured.obj", 
    "rot_mat": [
      [
        -0.009585507399473305, 
        -0.9932603812198787, 
        0.1155046276151106
      ], 
      [
        -0.6621127941080188, 
        -0.08025509642329953, 
        -0.7450939672856929
      ], 
      [
        0.7493429084052653, 
        -0.08362015154597292, 
        -0.6568813735250791
      ]
    ], 
    "trans_mat": [
      -0.03952166914443897, 
      0.08290303301992825, 
      0.7805043051115601
    ]
  }, 
  {
    "img": "/media/hdd/YCBvideo/YCB_Video_Dataset/YCB_Video_Dataset/data/0053/000012-label.png", 
    "mask": "/media/hdd/YCBvideo/YCB_Video_Dataset/Generated_YCB_Video_Dataset/mask/0053/000012-mask-01.png", 
    "depth_minmax": [
      0.817, 
      0.935
    ], 
    "model": "/media/hdd/YCBvideo/YCB_Video_Dataset/YCB_Video_Dataset/models/024_bowl/textured.obj", 
    "rot_mat": [
      [
        -0.885055961916265, 
        0.45430589241512914, 
        0.10139516992939202
      ], 
      [
        0.23849630714125775, 
        0.6296444325512051, 
        -0.7393685719724473
      ], 
      [
        -0.399742982048289, 
        -0.6302015002944757, 
        -0.6656207994703954
      ]
    ], 
    "trans_mat": [
      0.10824073570806403, 
      0.07448974564241133, 
      0.8487764622130698
    ]
  }, 
  {
    "img": "/media/hdd/YCBvideo/YCB_Video_Dataset/YCB_Video_Dataset/data/0053/000013-label.png", 
    "mask": "/media/hdd/YCBvideo/YCB_Video_Dataset/Generated_YCB_Video_Dataset/mask/0053/000013-mask-00.png", 
    "depth_minmax": [
      0.731, 
      0.811
    ], 
    "model": "/media/hdd/YCBvideo/YCB_Video_Dataset/YCB_Video_Dataset/models/005_tomato_soup_can/textured.obj", 
    "rot_mat": [
      [
        -0.012079226669450598, 
        -0.9931256955068758, 
        0.116432026205147
      ], 
      [
        -0.6592265136746758, 
        -0.07964173934887911, 
        -0.7477154484061866
      ], 
      [
        0.7518477306884943, 
        -0.08578778953732234, 
        -0.6537328672302305
      ]
    ], 
    "trans_mat": [
      -0.04375991472913823, 
      0.08552370750383724, 
      0.779931484767445
    ]
  }, 
  {
    "img": "/media/hdd/YCBvideo/YCB_Video_Dataset/YCB_Video_Dataset/data/0053/000013-label.png", 
    "mask": "/media/hdd/YCBvideo/YCB_Video_Dataset/Generated_YCB_Video_Dataset/mask/0053/000013-mask-01.png", 
    "depth_minmax": [
      0.817, 
      0.935
    ], 
    "model": "/media/hdd/YCBvideo/YCB_Video_Dataset/YCB_Video_Dataset/models/024_bowl/textured.obj", 
    "rot_mat": [
      [
        -0.8838321160931061, 
        0.4564710096320026, 
        0.10234979589386928
      ], 
      [
        0.23779388347382113, 
        0.6267972137899553, 
        -0.7420103376247782
      ], 
      [
        -0.40285870866336787, 
        -0.6314745946588308, 
        -0.6625293072792199
      ]
    ], 
    "trans_mat": [
      0.10382416010217041, 
      0.07723335189831622, 
      0.8486035128665674
    ]
  }, 
  {
    "img": "/media/hdd/YCBvideo/YCB_Video_Dataset/YCB_Video_Dataset/data/0053/000014-label.png", 
    "mask": "/media/hdd/YCBvideo/YCB_Video_Dataset/Generated_YCB_Video_Dataset/mask/0053/000014-mask-00.png", 
    "depth_minmax": [
      0.733, 
      0.81
    ], 
    "model": "/media/hdd/YCBvideo/YCB_Video_Dataset/YCB_Video_Dataset/models/005_tomato_soup_can/textured.obj", 
    "rot_mat": [
      [
        -0.014223781693106504, 
        -0.9934604513472922, 
        0.11328944176017211
      ], 
      [
        -0.6586851949429291, 
        -0.07593269851911963, 
        -0.7485774456139194
      ], 
      [
        0.7522842609530462, 
        -0.08527047749016814, 
        -0.6532982434208252
      ]
    ], 
    "trans_mat": [
      -0.04522923931171589, 
      0.08558934801203606, 
      0.7797336031214304
    ]
  }, 
  {
    "img": "/media/hdd/YCBvideo/YCB_Video_Dataset/YCB_Video_Dataset/data/0053/000014-label.png", 
    "mask": "/media/hdd/YCBvideo/YCB_Video_Dataset/Generated_YCB_Video_Dataset/mask/0053/000014-mask-01.png", 
    "depth_minmax": [
      0.817, 
      0.935
    ], 
    "model": "/media/hdd/YCBvideo/YCB_Video_Dataset/YCB_Video_Dataset/models/024_bowl/textured.obj", 
    "rot_mat": [
      [
        -0.8831138228535002, 
        0.4585459688951008, 
        0.09922479996913824
      ], 
      [
        0.2408793714357144, 
        0.624650224999908, 
        -0.7428247390535713
      ], 
      [
        -0.40260008270896774, 
        -0.6320981183543186, 
        -0.6620918151871283
      ]
    ], 
    "trans_mat": [
      0.10235462876417464, 
      0.07678444327796127, 
      0.8483418999008941
    ]
  }, 
  {
    "img": "/media/hdd/YCBvideo/YCB_Video_Dataset/YCB_Video_Dataset/data/0053/000015-label.png", 
    "mask": "/media/hdd/YCBvideo/YCB_Video_Dataset/Generated_YCB_Video_Dataset/mask/0053/000015-mask-00.png", 
    "depth_minmax": [
      0.731, 
      0.809
    ], 
    "model": "/media/hdd/YCBvideo/YCB_Video_Dataset/YCB_Video_Dataset/models/005_tomato_soup_can/textured.obj", 
    "rot_mat": [
      [
        -0.02048865260231783, 
        -0.9931842521773177, 
        0.11474386641094267
      ], 
      [
        -0.6579399889149683, 
        -0.07301983583162322, 
        -0.7495224681087133
      ], 
      [
        0.7527917209751073, 
        -0.09085221093622627, 
        -0.651958902513647
      ]
    ], 
    "trans_mat": [
      -0.049183469750539346, 
      0.08618105484872221, 
      0.7789220197741114
    ]
  }, 
  {
    "img": "/media/hdd/YCBvideo/YCB_Video_Dataset/YCB_Video_Dataset/data/0053/000015-label.png", 
    "mask": "/media/hdd/YCBvideo/YCB_Video_Dataset/Generated_YCB_Video_Dataset/mask/0053/000015-mask-01.png", 
    "depth_minmax": [
      0.821, 
      0.931
    ], 
    "model": "/media/hdd/YCBvideo/YCB_Video_Dataset/YCB_Video_Dataset/models/024_bowl/textured.obj", 
    "rot_mat": [
      [
        -0.8800795561238948, 
        0.46401558961832984, 
        0.10074687438068348
      ], 
      [
        0.2431634728685076, 
        0.6226788375290123, 
        -0.7437356073904831
      ], 
      [
        -0.407837742809491, 
        -0.6300485017539058, 
        -0.6608375988281987
      ]
    ], 
    "trans_mat": [
      0.09798065526623295, 
      0.07699552465172299, 
      0.848376884234238
    ]
  }, 
  {
    "img": "/media/hdd/YCBvideo/YCB_Video_Dataset/YCB_Video_Dataset/data/0053/000016-label.png", 
    "mask": "/media/hdd/YCBvideo/YCB_Video_Dataset/Generated_YCB_Video_Dataset/mask/0053/000016-mask-00.png", 
    "depth_minmax": [
      0.73, 
      0.804
    ], 
    "model": "/media/hdd/YCBvideo/YCB_Video_Dataset/YCB_Video_Dataset/models/005_tomato_soup_can/textured.obj", 
    "rot_mat": [
      [
        -0.024642716022757298, 
        -0.9927813798934261, 
        0.11737859709017245
      ], 
      [
        -0.6573367194957448, 
        -0.07237053687532975, 
        -0.7501144687768959
      ], 
      [
        0.7531940250368958, 
        -0.0956429207540158, 
        -0.6508086862206883
      ]
    ], 
    "trans_mat": [
      -0.05422508272542913, 
      0.08836686532367469, 
      0.7779084088847649
    ]
  }, 
  {
    "img": "/media/hdd/YCBvideo/YCB_Video_Dataset/YCB_Video_Dataset/data/0053/000016-label.png", 
    "mask": "/media/hdd/YCBvideo/YCB_Video_Dataset/Generated_YCB_Video_Dataset/mask/0053/000016-mask-01.png", 
    "depth_minmax": [
      0.821, 
      0.931
    ], 
    "model": "/media/hdd/YCBvideo/YCB_Video_Dataset/YCB_Video_Dataset/models/024_bowl/textured.obj", 
    "rot_mat": [
      [
        -0.8779002884310556, 
        0.46753915302032617, 
        0.10342934203516986
      ], 
      [
        0.24348296026750463, 
        0.6218498361796376, 
        -0.7443243967062988
      ], 
      [
        -0.4123182279481474, 
        -0.6282596514537702, 
        -0.6597601044375263
      ]
    ], 
    "trans_mat": [
      0.09259143645876611, 
      0.07912887452885889, 
      0.8480880151206742
    ]
  }, 
  {
    "img": "/media/hdd/YCBvideo/YCB_Video_Dataset/YCB_Video_Dataset/data/0053/000017-label.png", 
    "mask": "/media/hdd/YCBvideo/YCB_Video_Dataset/Generated_YCB_Video_Dataset/mask/0053/000017-mask-00.png", 
    "depth_minmax": [
      0.73, 
      0.807
    ], 
    "model": "/media/hdd/YCBvideo/YCB_Video_Dataset/YCB_Video_Dataset/models/005_tomato_soup_can/textured.obj", 
    "rot_mat": [
      [
        -0.026049151220836873, 
        -0.9927897197667024, 
        0.11700496157352407
      ], 
      [
        -0.6567083598765576, 
        -0.0712503536542179, 
        -0.7507712204218072
      ], 
      [
        0.7536942457862507, 
        -0.09639554762502708, 
        -0.6501177733780457
      ]
    ], 
    "trans_mat": [
      -0.05609361798577569, 
      0.08728853019096987, 
      0.7773838932116162
    ]
  }, 
  {
    "img": "/media/hdd/YCBvideo/YCB_Video_Dataset/YCB_Video_Dataset/data/0053/000017-label.png", 
    "mask": "/media/hdd/YCBvideo/YCB_Video_Dataset/Generated_YCB_Video_Dataset/mask/0053/000017-mask-01.png", 
    "depth_minmax": [
      0.821, 
      0.931
    ], 
    "model": "/media/hdd/YCBvideo/YCB_Video_Dataset/YCB_Video_Dataset/models/024_bowl/textured.obj", 
    "rot_mat": [
      [
        -0.8772698090004707, 
        0.46880054100600915, 
        0.1030699971082619
      ], 
      [
        0.24421298326581975, 
        0.6207871272576414, 
        -0.744971456107087
      ], 
      [
        -0.41322717712724866, 
        -0.628370470112919, 
        -0.6590851548520904
      ]
    ], 
    "trans_mat": [
      0.09065440993530319, 
      0.07792937909834065, 
      0.8476905551604775
    ]
  }, 
  {
    "img": "/media/hdd/YCBvideo/YCB_Video_Dataset/YCB_Video_Dataset/data/0053/000018-label.png", 
    "mask": "/media/hdd/YCBvideo/YCB_Video_Dataset/Generated_YCB_Video_Dataset/mask/0053/000018-mask-00.png", 
    "depth_minmax": [
      0.73, 
      0.807
    ], 
    "model": "/media/hdd/YCBvideo/YCB_Video_Dataset/YCB_Video_Dataset/models/005_tomato_soup_can/textured.obj", 
    "rot_mat": [
      [
        -0.027437869003944605, 
        -0.9923673409622494, 
        0.1202304526808834
      ], 
      [
        -0.6600943434723403, 
        -0.07233521146516865, 
        -0.7476918297899738
      ], 
      [
        0.7506812193547384, 
        -0.09987922856211692, 
        -0.6530709884674265
      ]
    ], 
    "trans_mat": [
      -0.05913570708531916, 
      0.08635547312509681, 
      0.776449408020391
    ]
  }, 
  {
    "img": "/media/hdd/YCBvideo/YCB_Video_Dataset/YCB_Video_Dataset/data/0053/000018-label.png", 
    "mask": "/media/hdd/YCBvideo/YCB_Video_Dataset/Generated_YCB_Video_Dataset/mask/0053/000018-mask-01.png", 
    "depth_minmax": [
      0.816, 
      0.934
    ], 
    "model": "/media/hdd/YCBvideo/YCB_Video_Dataset/YCB_Video_Dataset/models/024_bowl/textured.obj", 
    "rot_mat": [
      [
        -0.8763249226236344, 
        0.4698429447634118, 
        0.10631519359999682
      ], 
      [
        0.2447105881396299, 
        0.6242913288971119, 
        -0.7418734883933412
      ], 
      [
        -0.41493542743846334, 
        -0.6241059341320704, 
        -0.6620569329831321
      ]
    ], 
    "trans_mat": [
      0.08740200634242393, 
      0.0769074740264145, 
      0.8471817595010008
    ]
  }, 
  {
    "img": "/media/hdd/YCBvideo/YCB_Video_Dataset/YCB_Video_Dataset/data/0053/000019-label.png", 
    "mask": "/media/hdd/YCBvideo/YCB_Video_Dataset/Generated_YCB_Video_Dataset/mask/0053/000019-mask-00.png", 
    "depth_minmax": [
      0.727, 
      0.801
    ], 
    "model": "/media/hdd/YCBvideo/YCB_Video_Dataset/YCB_Video_Dataset/models/005_tomato_soup_can/textured.obj", 
    "rot_mat": [
      [
        -0.028637237324551215, 
        -0.9915077418007988, 
        0.12686041666606138
      ], 
      [
        -0.6580963408689191, 
        -0.07682485473268279, 
        -0.749004426340066
      ], 
      [
        0.7523889025664806, 
        -0.10493603275823077, 
        -0.6503070176571408
      ]
    ], 
    "trans_mat": [
      -0.06294309597344509, 
      0.08839567541710085, 
      0.7746834765938204
    ]
  }, 
  {
    "img": "/media/hdd/YCBvideo/YCB_Video_Dataset/YCB_Video_Dataset/data/0053/000019-label.png", 
    "mask": "/media/hdd/YCBvideo/YCB_Video_Dataset/Generated_YCB_Video_Dataset/mask/0053/000019-mask-01.png", 
    "depth_minmax": [
      0.815, 
      0.933
    ], 
    "model": "/media/hdd/YCBvideo/YCB_Video_Dataset/YCB_Video_Dataset/models/024_bowl/textured.obj", 
    "rot_mat": [
      [
        -0.875133502101211, 
        0.4705106194011632, 
        0.1129686493918514
      ], 
      [
        0.23982536780028085, 
        0.6245258945209425, 
        -0.7432704075938641
      ], 
      [
        -0.42026770585074985, 
        -0.6233682879321031, 
        -0.6593830560174399
      ]
    ], 
    "trans_mat": [
      0.0832551734479216, 
      0.07976795634598481, 
      0.8462184546479948
    ]
  }, 
  {
    "img": "/media/hdd/YCBvideo/YCB_Video_Dataset/YCB_Video_Dataset/data/0053/000020-label.png", 
    "mask": "/media/hdd/YCBvideo/YCB_Video_Dataset/Generated_YCB_Video_Dataset/mask/0053/000020-mask-00.png", 
    "depth_minmax": [
      0.725, 
      0.8
    ], 
    "model": "/media/hdd/YCBvideo/YCB_Video_Dataset/YCB_Video_Dataset/models/005_tomato_soup_can/textured.obj", 
    "rot_mat": [
      [
        -0.02658121040105678, 
        -0.9914392816301774, 
        0.12783224647457114
      ], 
      [
        -0.6570431233460879, 
        -0.07904651064251315, 
        -0.7496975875889248
      ], 
      [
        0.7533836631556281, 
        -0.10391966625856708, 
        -0.6493176863390938
      ]
    ], 
    "trans_mat": [
      -0.06283796532735689, 
      0.08939772891844627, 
      0.7737830879182738
    ]
  }, 
  {
    "img": "/media/hdd/YCBvideo/YCB_Video_Dataset/YCB_Video_Dataset/data/0053/000020-label.png", 
    "mask": "/media/hdd/YCBvideo/YCB_Video_Dataset/Generated_YCB_Video_Dataset/mask/0053/000020-mask-01.png", 
    "depth_minmax": [
      0.823, 
      0.925
    ], 
    "model": "/media/hdd/YCBvideo/YCB_Video_Dataset/YCB_Video_Dataset/models/024_bowl/textured.obj", 
    "rot_mat": [
      [
        -0.876012295997381, 
        0.4686402135457145, 
        0.11392032610161715
      ], 
      [
        0.23737975128523522, 
        0.6245844321470814, 
        -0.7440059467651662
      ], 
      [
        -0.4198234877118387, 
        -0.6247161982708023, 
        -0.6583895094353291
      ]
    ], 
    "trans_mat": [
      0.08344273245872405, 
      0.08118042512242482, 
      0.8451975233684212
    ]
  }, 
  {
    "img": "/media/hdd/YCBvideo/YCB_Video_Dataset/YCB_Video_Dataset/data/0053/000021-label.png", 
    "mask": "/media/hdd/YCBvideo/YCB_Video_Dataset/Generated_YCB_Video_Dataset/mask/0053/000021-mask-00.png", 
    "depth_minmax": [
      0.725, 
      0.803
    ], 
    "model": "/media/hdd/YCBvideo/YCB_Video_Dataset/YCB_Video_Dataset/models/005_tomato_soup_can/textured.obj", 
    "rot_mat": [
      [
        -0.02353831589607356, 
        -0.9911999487888047, 
        0.13026597811328083
      ], 
      [
        -0.653945190588182, 
        -0.08329209256714873, 
        -0.7519426519751594
      ], 
      [
        0.7561755914014289, 
        -0.10288680607017843, 
        -0.646230206073974
      ]
    ], 
    "trans_mat": [
      -0.0618945989917984, 
      0.0903579437521664, 
      0.772709460734042
    ]
  }, 
  {
    "img": "/media/hdd/YCBvideo/YCB_Video_Dataset/YCB_Video_Dataset/data/0053/000021-label.png", 
    "mask": "/media/hdd/YCBvideo/YCB_Video_Dataset/Generated_YCB_Video_Dataset/mask/0053/000021-mask-01.png", 
    "depth_minmax": [
      0.818, 
      0.928
    ], 
    "model": "/media/hdd/YCBvideo/YCB_Video_Dataset/YCB_Video_Dataset/models/024_bowl/textured.obj", 
    "rot_mat": [
      [
        -0.877206870241054, 
        0.4658073670126417, 
        0.11632604880970694
      ], 
      [
        0.23223490801089783, 
        0.623729140305345, 
        -0.746342926931557
      ], 
      [
        -0.42020780659942303, 
        -0.6276829336092796, 
        -0.6553162423405895
      ]
    ], 
    "trans_mat": [
      0.08446572880759379, 
      0.0830047701847581, 
      0.8440551241304078
    ]
  }, 
  {
    "img": "/media/hdd/YCBvideo/YCB_Video_Dataset/YCB_Video_Dataset/data/0053/000022-label.png", 
    "mask": "/media/hdd/YCBvideo/YCB_Video_Dataset/Generated_YCB_Video_Dataset/mask/0053/000022-mask-00.png", 
    "depth_minmax": [
      0.724, 
      0.802
    ], 
    "model": "/media/hdd/YCBvideo/YCB_Video_Dataset/YCB_Video_Dataset/models/005_tomato_soup_can/textured.obj", 
    "rot_mat": [
      [
        -0.02186728198399401, 
        -0.9908474871411752, 
        0.13320076490446348
      ], 
      [
        -0.6517307093218616, 
        -0.08690389236242879, 
        -0.7534556965013631
      ], 
      [
        0.7581351940047608, 
        -0.10328771284113718, 
        -0.6438657072275492
      ]
    ], 
    "trans_mat": [
      -0.061113382813170275, 
      0.09284332020133065, 
      0.771579191952979
    ]
  }, 
  {
    "img": "/media/hdd/YCBvideo/YCB_Video_Dataset/YCB_Video_Dataset/data/0053/000022-label.png", 
    "mask": "/media/hdd/YCBvideo/YCB_Video_Dataset/Generated_YCB_Video_Dataset/mask/0053/000022-mask-01.png", 
    "depth_minmax": [
      0.817, 
      0.927
    ], 
    "model": "/media/hdd/YCBvideo/YCB_Video_Dataset/YCB_Video_Dataset/models/024_bowl/textured.obj", 
    "rot_mat": [
      [
        -0.877693143637146, 
        0.4641481034265526, 
        0.11924836421564726
      ], 
      [
        0.22804021725091125, 
        0.6233766044906168, 
        -0.7479299315237892
      ], 
      [
        -0.4214867884537931, 
        -0.6292601658430351, 
        -0.6529778335819847
      ]
    ], 
    "trans_mat": [
      0.08522274191067011, 
      0.08619345569867863, 
      0.8430432428112443
    ]
  }, 
  {
    "img": "/media/hdd/YCBvideo/YCB_Video_Dataset/YCB_Video_Dataset/data/0053/000023-label.png", 
    "mask": "/media/hdd/YCBvideo/YCB_Video_Dataset/Generated_YCB_Video_Dataset/mask/0053/000023-mask-00.png", 
    "depth_minmax": [
      0.724, 
      0.801
    ], 
    "model": "/media/hdd/YCBvideo/YCB_Video_Dataset/YCB_Video_Dataset/models/005_tomato_soup_can/textured.obj", 
    "rot_mat": [
      [
        -0.018462269669497152, 
        -0.9909873370639181, 
        0.13267972021113547
      ], 
      [
        -0.6520960726085854, 
        -0.08865834277410979, 
        -0.7529342910688083
      ], 
      [
        0.7579114374365489, 
        -0.10042160366858505, 
        -0.6445818757013644
      ]
    ], 
    "trans_mat": [
      -0.059136425549388354, 
      0.09405071822395449, 
      0.7712098761294633
    ]
  }, 
  {
    "img": "/media/hdd/YCBvideo/YCB_Video_Dataset/YCB_Video_Dataset/data/0053/000023-label.png", 
    "mask": "/media/hdd/YCBvideo/YCB_Video_Dataset/Generated_YCB_Video_Dataset/mask/0053/000023-mask-01.png", 
    "depth_minmax": [
      0.815, 
      0.925
    ], 
    "model": "/media/hdd/YCBvideo/YCB_Video_Dataset/YCB_Video_Dataset/models/024_bowl/textured.obj", 
    "rot_mat": [
      [
        -0.8793377961565418, 
        0.46116997778376057, 
        0.11869065621311838
      ], 
      [
        0.22662782458171898, 
        0.6244895319236644, 
        -0.7474299420203283
      ], 
      [
        -0.41881338915832156, 
        -0.6303454192820717, 
        -0.6536506635525499
      ]
    ], 
    "trans_mat": [
      0.08742047868108907, 
      0.08763575453145184, 
      0.8422418794585489
    ]
  }, 
  {
    "img": "/media/hdd/YCBvideo/YCB_Video_Dataset/YCB_Video_Dataset/data/0053/000024-label.png", 
    "mask": "/media/hdd/YCBvideo/YCB_Video_Dataset/Generated_YCB_Video_Dataset/mask/0053/000024-mask-00.png", 
    "depth_minmax": [
      0.724, 
      0.797
    ], 
    "model": "/media/hdd/YCBvideo/YCB_Video_Dataset/YCB_Video_Dataset/models/005_tomato_soup_can/textured.obj", 
    "rot_mat": [
      [
        -0.016983174554143353, 
        -0.9913852005557497, 
        0.1298736009277546
      ], 
      [
        -0.65325198011982, 
        -0.08733333603280505, 
        -0.752086569605687
      ], 
      [
        0.7569495051788491, 
        -0.09761404419788329, 
        -0.6461414029313874
      ]
    ], 
    "trans_mat": [
      -0.05686388076976048, 
      0.09343759033552239, 
      0.7710541265667328
    ]
  }, 
  {
    "img": "/media/hdd/YCBvideo/YCB_Video_Dataset/YCB_Video_Dataset/data/0053/000024-label.png", 
    "mask": "/media/hdd/YCBvideo/YCB_Video_Dataset/Generated_YCB_Video_Dataset/mask/0053/000024-mask-01.png", 
    "depth_minmax": [
      0.814, 
      0.924
    ], 
    "model": "/media/hdd/YCBvideo/YCB_Video_Dataset/YCB_Video_Dataset/models/024_bowl/textured.obj", 
    "rot_mat": [
      [
        -0.8803086326029143, 
        0.46003468026309363, 
        0.11586419455332174
      ], 
      [
        0.22831581910979695, 
        0.6249249961997727, 
        -0.746551627910148
      ], 
      [
        -0.4158462478531874, 
        -0.630742548903868, 
        -0.6551600254091207
      ]
    ], 
    "trans_mat": [
      0.0898955945682769, 
      0.08673931813944918, 
      0.8416402806634015
    ]
  }, 
  {
    "img": "/media/hdd/YCBvideo/YCB_Video_Dataset/YCB_Video_Dataset/data/0053/000025-label.png", 
