[
  {
    "img": "/media/hdd/YCBvideo/YCB_Video_Dataset/YCB_Video_Dataset/data/0054/000001-label.png", 
    "mask": "/media/hdd/YCBvideo/YCB_Video_Dataset/Generated_YCB_Video_Dataset/mask/0054/000001-mask-00.png", 
    "depth_minmax": [
      0.833, 
      0.921
    ], 
    "model": "/media/hdd/YCBvideo/YCB_Video_Dataset/YCB_Video_Dataset/models/004_sugar_box/textured.obj", 
    "rot_mat": [
      [
        -0.03310500872557302, 
        -0.16674361981299296, 
        0.9854444865057496
      ], 
      [
        -0.801347983378759, 
        0.593662376198298, 
        0.07353038898653907
      ], 
      [
        -0.5972814751739469, 
        -0.7872500043290918, 
        -0.15327222666475712
      ]
    ], 
    "trans_mat": [
      -0.024848499576618933, 
      0.11189236390372381, 
      0.8924768122902863
    ]
  }, 
  {
    "img": "/media/hdd/YCBvideo/YCB_Video_Dataset/YCB_Video_Dataset/data/0054/000002-label.png", 
    "mask": "/media/hdd/YCBvideo/YCB_Video_Dataset/Generated_YCB_Video_Dataset/mask/0054/000002-mask-00.png", 
    "depth_minmax": [
      0.835, 
      0.92
    ], 
    "model": "/media/hdd/YCBvideo/YCB_Video_Dataset/YCB_Video_Dataset/models/004_sugar_box/textured.obj", 
    "rot_mat": [
      [
        -0.0332068444459911, 
        -0.16780609001104274, 
        0.9852604293052569
      ], 
      [
        -0.8020508718813508, 
        0.5926653534470266, 
        0.0739085398531496
      ], 
      [
        -0.5963315315289225, 
        -0.7877751235864399, 
        -0.15426961420845853
      ]
    ], 
    "trans_mat": [
      -0.025056723087355702, 
      0.112438579276946, 
      0.8914282286356512
    ]
  }, 
  {
    "img": "/media/hdd/YCBvideo/YCB_Video_Dataset/YCB_Video_Dataset/data/0054/000003-label.png", 
    "mask": "/media/hdd/YCBvideo/YCB_Video_Dataset/Generated_YCB_Video_Dataset/mask/0054/000003-mask-00.png", 
    "depth_minmax": [
      0.834, 
      0.915
    ], 
    "model": "/media/hdd/YCBvideo/YCB_Video_Dataset/YCB_Video_Dataset/models/004_sugar_box/textured.obj", 
    "rot_mat": [
      [
        -0.03376822427033602, 
        -0.16821610922621075, 
        0.9851714412202687
      ], 
      [
        -0.801198671678157, 
        0.5938138790623053, 
        0.07393076021644482
      ], 
      [
        -0.5974447560733562, 
        -0.7868218278320364, 
        -0.1548270093242624
      ]
    ], 
    "trans_mat": [
      -0.024460633331251997, 
      0.11247762561756192, 
      0.8908681938554521
    ]
  }, 
  {
    "img": "/media/hdd/YCBvideo/YCB_Video_Dataset/YCB_Video_Dataset/data/0054/000004-label.png", 
    "mask": "/media/hdd/YCBvideo/YCB_Video_Dataset/Generated_YCB_Video_Dataset/mask/0054/000004-mask-00.png", 
    "depth_minmax": [
      0.832, 
      0.919
    ], 
    "model": "/media/hdd/YCBvideo/YCB_Video_Dataset/YCB_Video_Dataset/models/004_sugar_box/textured.obj", 
    "rot_mat": [
      [
        -0.03642186337938906, 
        -0.17090609324484876, 
        0.9846136529121877
      ], 
      [
        -0.8014093662376122, 
        0.5935968770482518, 
        0.07338931419874475
      ], 
      [
        -0.597006469560047, 
        -0.7864061297125737, 
        -0.15858527749037887
      ]
    ], 
    "trans_mat": [
      -0.021770554797849093, 
      0.11285587938682826, 
      0.8901710900559371
    ]
  }, 
  {
    "img": "/media/hdd/YCBvideo/YCB_Video_Dataset/YCB_Video_Dataset/data/0054/000005-label.png", 
    "mask": "/media/hdd/YCBvideo/YCB_Video_Dataset/Generated_YCB_Video_Dataset/mask/0054/000005-mask-00.png", 
    "depth_minmax": [
      0.831, 
      0.918
    ], 
    "model": "/media/hdd/YCBvideo/YCB_Video_Dataset/YCB_Video_Dataset/models/004_sugar_box/textured.obj", 
    "rot_mat": [
      [
        -0.03230886475469587, 
        -0.1725642135137346, 
        0.9844685162993299
      ], 
      [
        -0.8023940132310513, 
        0.591754182279905, 
        0.07739350509993212
      ], 
      [
        -0.5959183707930618, 
        -0.7874323977747149, 
        -0.15758318692059556
      ]
    ], 
    "trans_mat": [
      -0.02351269850900883, 
      0.113386216739441, 
      0.8891747749631915
    ]
  }, 
  {
    "img": "/media/hdd/YCBvideo/YCB_Video_Dataset/YCB_Video_Dataset/data/0054/000006-label.png", 
    "mask": "/media/hdd/YCBvideo/YCB_Video_Dataset/Generated_YCB_Video_Dataset/mask/0054/000006-mask-00.png", 
    "depth_minmax": [
      0.833, 
      0.917
    ], 
    "model": "/media/hdd/YCBvideo/YCB_Video_Dataset/YCB_Video_Dataset/models/004_sugar_box/textured.obj", 
    "rot_mat": [
      [
        -0.02608294187472892, 
        -0.171261575838906, 
        0.9848805962323988
      ], 
      [
        -0.8029871636103355, 
        0.5904109535366018, 
        0.08140149409302917
      ], 
      [
        -0.5954246345820751, 
        -0.7887237268982323, 
        -0.15292021609144824
      ]
    ], 
    "trans_mat": [
      -0.02840947842974678, 
      0.11529915255887191, 
      0.8884196030150747
    ]
  }, 
  {
    "img": "/media/hdd/YCBvideo/YCB_Video_Dataset/YCB_Video_Dataset/data/0054/000007-label.png", 
    "mask": "/media/hdd/YCBvideo/YCB_Video_Dataset/Generated_YCB_Video_Dataset/mask/0054/000007-mask-00.png", 
    "depth_minmax": [
      0.833, 
      0.921
    ], 
    "model": "/media/hdd/YCBvideo/YCB_Video_Dataset/YCB_Video_Dataset/models/004_sugar_box/textured.obj", 
    "rot_mat": [
      [
        -0.023578507770034247, 
        -0.17157088751735147, 
        0.9848894741162422
      ], 
      [
        -0.8046642743825633, 
        0.5878789733175902, 
        0.08314625428870102
      ], 
      [
        -0.5932616528222261, 
        -0.7905452373882724, 
        -0.15191846278526516
      ]
    ], 
    "trans_mat": [
      -0.030022782835132395, 
      0.11828043316379423, 
      0.8877451953618123
    ]
  }, 
  {
    "img": "/media/hdd/YCBvideo/YCB_Video_Dataset/YCB_Video_Dataset/data/0054/000008-label.png", 
    "mask": "/media/hdd/YCBvideo/YCB_Video_Dataset/Generated_YCB_Video_Dataset/mask/0054/000008-mask-00.png", 
    "depth_minmax": [
      0.834, 
      0.916
    ], 
    "model": "/media/hdd/YCBvideo/YCB_Video_Dataset/YCB_Video_Dataset/models/004_sugar_box/textured.obj", 
    "rot_mat": [
      [
        -0.02378138838797422, 
        -0.1743592534916669, 
        0.9843948992383746
      ], 
      [
        -0.8059051856855701, 
        0.5860071724315448, 
        0.0843258920912816
      ], 
      [
        -0.5915654771829867, 
        -0.7913241387700171, 
        -0.1544529738208714
      ]
    ], 
    "trans_mat": [
      -0.030152902486064684, 
      0.11917379482401258, 
      0.8873408437530038
    ]
  }, 
  {
    "img": "/media/hdd/YCBvideo/YCB_Video_Dataset/YCB_Video_Dataset/data/0054/000009-label.png", 
    "mask": "/media/hdd/YCBvideo/YCB_Video_Dataset/Generated_YCB_Video_Dataset/mask/0054/000009-mask-00.png", 
    "depth_minmax": [
      0.83, 
      0.921
    ], 
    "model": "/media/hdd/YCBvideo/YCB_Video_Dataset/YCB_Video_Dataset/models/004_sugar_box/textured.obj", 
    "rot_mat": [
      [
        -0.017264942429396444, 
        -0.1701590330571216, 
        0.9852650400572619
      ], 
      [
        -0.8068769900813824, 
        0.5843103932068238, 
        0.08677388655497317
      ], 
      [
        -0.5904664047938765, 
        -0.7934908214654319, 
        -0.1473854255140161
      ]
    ], 
    "trans_mat": [
      -0.03534449964034461, 
      0.12093900362138925, 
      0.8869677088030322
    ]
  }, 
  {
    "img": "/media/hdd/YCBvideo/YCB_Video_Dataset/YCB_Video_Dataset/data/0054/000010-label.png", 
    "mask": "/media/hdd/YCBvideo/YCB_Video_Dataset/Generated_YCB_Video_Dataset/mask/0054/000010-mask-00.png", 
    "depth_minmax": [
      0.829, 
      0.921
    ], 
    "model": "/media/hdd/YCBvideo/YCB_Video_Dataset/YCB_Video_Dataset/models/004_sugar_box/textured.obj", 
    "rot_mat": [
      [
        -0.020133648513131378, 
        -0.16976136120310198, 
        0.985279083051341
      ], 
      [
        -0.8073634955666609, 
        0.5840257945133411, 
        0.08412828208740249
      ], 
      [
        -0.5897097734453649, 
        -0.7937857517754712, 
        -0.14881784314487234
      ]
    ], 
    "trans_mat": [
      -0.03444399391220783, 
      0.12176157899297786, 
      0.8871264625526694
    ]
  }, 
  {
    "img": "/media/hdd/YCBvideo/YCB_Video_Dataset/YCB_Video_Dataset/data/0054/000011-label.png", 
    "mask": "/media/hdd/YCBvideo/YCB_Video_Dataset/Generated_YCB_Video_Dataset/mask/0054/000011-mask-00.png", 
    "depth_minmax": [
      0.83, 
      0.921
    ], 
    "model": "/media/hdd/YCBvideo/YCB_Video_Dataset/YCB_Video_Dataset/models/004_sugar_box/textured.obj", 
    "rot_mat": [
      [
        -0.02070995685083074, 
        -0.17272384573614957, 
        0.9847522940069866
      ], 
      [
        -0.8067639767355566, 
        0.5846438010234539, 
        0.08557930777629785
      ], 
      [
        -0.5905102776274137, 
        -0.7926908896270053, 
        -0.15145535597779763
      ]
    ], 
    "trans_mat": [
      -0.032485618514237716, 
      0.12005043163843979, 
      0.8874055182319072
    ]
  }, 
  {
    "img": "/media/hdd/YCBvideo/YCB_Video_Dataset/YCB_Video_Dataset/data/0054/000012-label.png", 
    "mask": "/media/hdd/YCBvideo/YCB_Video_Dataset/Generated_YCB_Video_Dataset/mask/0054/000012-mask-00.png", 
    "depth_minmax": [
      0.832, 
      0.921
    ], 
    "model": "/media/hdd/YCBvideo/YCB_Video_Dataset/YCB_Video_Dataset/models/004_sugar_box/textured.obj", 
    "rot_mat": [
      [
        -0.016211765328479014, 
        -0.17643416393389197, 
        0.9841784405064354
      ], 
      [
        -0.8068090957714151, 
        0.5837064800225394, 
        0.09135175897496045
      ], 
      [
        -0.5905888112478549, 
        -0.7925645842433545, 
        -0.15181169576584677
      ]
    ], 
    "trans_mat": [
      -0.03322793242444281, 
      0.11998128446800023, 
      0.8875126634867692
    ]
  }, 
  {
    "img": "/media/hdd/YCBvideo/YCB_Video_Dataset/YCB_Video_Dataset/data/0054/000013-label.png", 
    "mask": "/media/hdd/YCBvideo/YCB_Video_Dataset/Generated_YCB_Video_Dataset/mask/0054/000013-mask-00.png", 
    "depth_minmax": [
      0.831, 
      0.917
    ], 
    "model": "/media/hdd/YCBvideo/YCB_Video_Dataset/YCB_Video_Dataset/models/004_sugar_box/textured.obj", 
    "rot_mat": [
      [
        -0.014836739138898545, 
        -0.17798623265818997, 
        0.9839212301852545
      ], 
      [
        -0.8063707033540372, 
        0.5839753236702044, 
        0.09347905146745512
      ], 
      [
        -0.5912233942851945, 
        -0.7920184071267694, 
        -0.15218766985137325
      ]
    ], 
    "trans_mat": [
      -0.03190694947169087, 
      0.11860091769707981, 
      0.8878419364265523
    ]
  }, 
  {
    "img": "/media/hdd/YCBvideo/YCB_Video_Dataset/YCB_Video_Dataset/data/0054/000014-label.png", 
    "mask": "/media/hdd/YCBvideo/YCB_Video_Dataset/Generated_YCB_Video_Dataset/mask/0054/000014-mask-00.png", 
    "depth_minmax": [
      0.833, 
      0.917
    ], 
    "model": "/media/hdd/YCBvideo/YCB_Video_Dataset/YCB_Video_Dataset/models/004_sugar_box/textured.obj", 
    "rot_mat": [
      [
        -0.012362705495425742, 
        -0.18589391551099993, 
        0.9824924515282429
      ], 
      [
        -0.8058900581290257, 
        0.5835126325115859, 
        0.10026377869319514
      ], 
      [
        -0.5919355270549953, 
        -0.7905416631922725, 
        -0.1570243732618212
      ]
    ], 
    "trans_mat": [
      -0.0295561898929508, 
      0.11687722817483989, 
      0.8882388357321687
    ]
  }, 
  {
    "img": "/media/hdd/YCBvideo/YCB_Video_Dataset/YCB_Video_Dataset/data/0054/000015-label.png", 
    "mask": "/media/hdd/YCBvideo/YCB_Video_Dataset/Generated_YCB_Video_Dataset/mask/0054/000015-mask-00.png", 
    "depth_minmax": [
      0.833, 
      0.917
    ], 
    "model": "/media/hdd/YCBvideo/YCB_Video_Dataset/YCB_Video_Dataset/models/004_sugar_box/textured.obj", 
    "rot_mat": [
      [
        -0.010398078868530669, 
        -0.18932945985588875, 
        0.9818588861059674
      ], 
      [
        -0.8053156181174003, 
        0.5836502990616477, 
        0.10401557112711635
      ], 
      [
        -0.5927549394040315, 
        -0.7896247426889672, 
        -0.15853935909763642
      ]
    ], 
    "trans_mat": [
      -0.028334133449483486, 
      0.11527736666060164, 
      0.8887028963947118
    ]
  }, 
  {
    "img": "/media/hdd/YCBvideo/YCB_Video_Dataset/YCB_Video_Dataset/data/0054/000016-label.png", 
    "mask": "/media/hdd/YCBvideo/YCB_Video_Dataset/Generated_YCB_Video_Dataset/mask/0054/000016-mask-00.png", 
    "depth_minmax": [
      0.833, 
      0.918
    ], 
    "model": "/media/hdd/YCBvideo/YCB_Video_Dataset/YCB_Video_Dataset/models/004_sugar_box/textured.obj", 
    "rot_mat": [
      [
        -0.010634067695435864, 
        -0.19233263341383025, 
        0.9812721862309798
      ], 
      [
        -0.8048998098058537, 
        0.5839148196597553, 
        0.1057262082092359
      ], 
      [
        -0.5933139986167113, 
        -0.7887026970190153, 
        -0.1610180956552871
      ]
    ], 
    "trans_mat": [
      -0.027635322813003387, 
      0.1141945460961347, 
      0.8891328824206693
    ]
  }, 
  {
    "img": "/media/hdd/YCBvideo/YCB_Video_Dataset/YCB_Video_Dataset/data/0054/000017-label.png", 
    "mask": "/media/hdd/YCBvideo/YCB_Video_Dataset/Generated_YCB_Video_Dataset/mask/0054/000017-mask-00.png", 
    "depth_minmax": [
      0.831, 
      0.919
    ], 
    "model": "/media/hdd/YCBvideo/YCB_Video_Dataset/YCB_Video_Dataset/models/004_sugar_box/textured.obj", 
    "rot_mat": [
      [
        -0.01618247466222875, 
        -0.19441827906600878, 
        0.9807853550735913
      ], 
      [
        -0.803464316313883, 
        0.5863793926642028, 
        0.10297951041489377
      ], 
      [
        -0.5951322759387474, 
        -0.7863597948495288, 
        -0.16569711391900535
      ]
    ], 
    "trans_mat": [
      -0.023553168759712313, 
      0.11309205174759357, 
      0.8900111658950128
    ]
  }, 
  {
    "img": "/media/hdd/YCBvideo/YCB_Video_Dataset/YCB_Video_Dataset/data/0054/000018-label.png", 
    "mask": "/media/hdd/YCBvideo/YCB_Video_Dataset/Generated_YCB_Video_Dataset/mask/0054/000018-mask-00.png", 
    "depth_minmax": [
      0.834, 
      0.92
    ], 
    "model": "/media/hdd/YCBvideo/YCB_Video_Dataset/YCB_Video_Dataset/models/004_sugar_box/textured.obj", 
    "rot_mat": [
      [
        -0.022566137541565126, 
        -0.19545805340404793, 
        0.9804523905617109
      ], 
      [
        -0.8023649390122585, 
        0.5885865692804342, 
        0.09887050348451885
      ], 
      [
        -0.5964067500898429, 
        -0.7844498312071768, 
        -0.17011117881479565
      ]
    ], 
    "trans_mat": [
      -0.017714043881761246, 
      0.11112635409630629, 
      0.8909586792551744
    ]
  }, 
  {
    "img": "/media/hdd/YCBvideo/YCB_Video_Dataset/YCB_Video_Dataset/data/0054/000019-label.png", 
    "mask": "/media/hdd/YCBvideo/YCB_Video_Dataset/Generated_YCB_Video_Dataset/mask/0054/000019-mask-00.png", 
    "depth_minmax": [
      0.832, 
      0.921
    ], 
    "model": "/media/hdd/YCBvideo/YCB_Video_Dataset/YCB_Video_Dataset/models/004_sugar_box/textured.obj", 
    "rot_mat": [
      [
        -0.029809123260356, 
        -0.19853115351685144, 
        0.9796413278475374
      ], 
      [
        -0.8018181664627216, 
        0.5899420382235118, 
        0.09515788219028219
      ], 
      [
        -0.5968238444269008, 
        -0.7826583902472048, 
        -0.17677156077624046
      ]
    ], 
    "trans_mat": [
      -0.012666964439603808, 
      0.10955523683581246, 
      0.8914801939903155
    ]
  }, 
  {
    "img": "/media/hdd/YCBvideo/YCB_Video_Dataset/YCB_Video_Dataset/data/0054/000020-label.png", 
    "mask": "/media/hdd/YCBvideo/YCB_Video_Dataset/Generated_YCB_Video_Dataset/mask/0054/000020-mask-00.png", 
    "depth_minmax": [
      0.833, 
      0.921
    ], 
    "model": "/media/hdd/YCBvideo/YCB_Video_Dataset/YCB_Video_Dataset/models/004_sugar_box/textured.obj", 
    "rot_mat": [
      [
        -0.0314859372892813, 
        -0.20310188747076552, 
        0.9786514565151779
      ], 
      [
        -0.8016690231889948, 
        0.5899057506200102, 
        0.09663211031427689
      ], 
      [
        -0.5969382433703251, 
        -0.781512439719604, 
        -0.18139347495583058
      ]
    ], 
    "trans_mat": [
      -0.008317972248776454, 
      0.10804474515062489, 
      0.8919905451915489
    ]
  }, 
  {
    "img": "/media/hdd/YCBvideo/YCB_Video_Dataset/YCB_Video_Dataset/data/0054/000021-label.png", 
    "mask": "/media/hdd/YCBvideo/YCB_Video_Dataset/Generated_YCB_Video_Dataset/mask/0054/000021-mask-00.png", 
    "depth_minmax": [
      0.833, 
      0.921
    ], 
    "model": "/media/hdd/YCBvideo/YCB_Video_Dataset/YCB_Video_Dataset/models/004_sugar_box/textured.obj", 
    "rot_mat": [
      [
        -0.030972092287267203, 
        -0.20690596924900967, 
        0.977870681234938
      ], 
      [
        -0.8022247630064377, 
        0.5887290714570799, 
        0.0991595036390064
      ], 
      [
        -0.5962166389740993, 
        -0.7814013633336389, 
        -0.1842192441730692
      ]
    ], 
    "trans_mat": [
      -0.0076743467401908065, 
      0.10775812055270327, 
      0.8917733135569934
    ]
  }, 
  {
    "img": "/media/hdd/YCBvideo/YCB_Video_Dataset/YCB_Video_Dataset/data/0054/000022-label.png", 
    "mask": "/media/hdd/YCBvideo/YCB_Video_Dataset/Generated_YCB_Video_Dataset/mask/0054/000022-mask-00.png", 
    "depth_minmax": [
      0.834, 
      0.921
    ], 
    "model": "/media/hdd/YCBvideo/YCB_Video_Dataset/YCB_Video_Dataset/models/004_sugar_box/textured.obj", 
    "rot_mat": [
      [
        -0.03096676922810776, 
        -0.20724908147116072, 
        0.9777974758640262
      ], 
      [
        -0.803264252490241, 
        0.5873295493266036, 
        0.09904805251135879
      ], 
      [
        -0.5948171092971057, 
        -0.7823628884221648, 
        -0.1846640897586411
      ]
    ], 
    "trans_mat": [
      -0.008353122189424703, 
      0.10834635867438709, 
      0.8916950537271452
    ]
  }, 
  {
    "img": "/media/hdd/YCBvideo/YCB_Video_Dataset/YCB_Video_Dataset/data/0054/000023-label.png", 
    "mask": "/media/hdd/YCBvideo/YCB_Video_Dataset/Generated_YCB_Video_Dataset/mask/0054/000023-mask-00.png", 
    "depth_minmax": [
      0.835, 
      0.922
    ], 
    "model": "/media/hdd/YCBvideo/YCB_Video_Dataset/YCB_Video_Dataset/models/004_sugar_box/textured.obj", 
    "rot_mat": [
      [
        -0.03317708730534051, 
        -0.20843600510304075, 
        0.9774730324316708
      ], 
      [
        -0.80386655127184, 
        0.5867104368855294, 
        0.09782556588954669
      ], 
      [
        -0.5938837084492906, 
        -0.782512828302262, 
        -0.18702000169865907
      ]
    ], 
    "trans_mat": [
      -0.005935182950486357, 
      0.10849835704524219, 
      0.891844303595865
    ]
  }, 
  {
    "img": "/media/hdd/YCBvideo/YCB_Video_Dataset/YCB_Video_Dataset/data/0054/000024-label.png", 
    "mask": "/media/hdd/YCBvideo/YCB_Video_Dataset/Generated_YCB_Video_Dataset/mask/0054/000024-mask-00.png", 
    "depth_minmax": [
      0.835, 
      0.922
    ], 
    "model": "/media/hdd/YCBvideo/YCB_Video_Dataset/YCB_Video_Dataset/models/004_sugar_box/textured.obj", 
    "rot_mat": [
      [
        -0.03191787937022764, 
        -0.21194371382139648, 
        0.9767608307751304
      ], 
      [
        -0.8041951656772639, 
        0.5857512068346311, 
        0.10082078263825302
      ], 
      [
        -0.5935063193273483, 
        -0.782288741048545, 
        -0.18914051682892327
      ]
    ], 
    "trans_mat": [
      -0.0049207395977582495, 
      0.10906027481221423, 
      0.8922164124807093
    ]
  }, 
  {
    "img": "/media/hdd/YCBvideo/YCB_Video_Dataset/YCB_Video_Dataset/data/0054/000025-label.png", 
    "mask": "/media/hdd/YCBvideo/YCB_Video_Dataset/Generated_YCB_Video_Dataset/mask/0054/000025-mask-00.png", 
    "depth_minmax": [
      0.835, 
      0.922
    ], 
    "model": "/media/hdd/YCBvideo/YCB_Video_Dataset/YCB_Video_Dataset/models/004_sugar_box/textured.obj", 
    "rot_mat": [
      [
        -0.02792959497942325, 
        -0.21552798630635267, 
        0.9760984798358415
      ], 
      [
        -0.8062153634595335, 
        0.5821450211467752, 
        0.10547161715344405
      ], 
      [
        -0.5909627644016341, 
        -0.783999389421382, 
        -0.19002090875410133
      ]
    ], 
    "trans_mat": [
      -0.004944941471375683, 
      0.11216306319299654, 
      0.8924515201924913
    ]
  }, 
  {
    "img": "/media/hdd/YCBvideo/YCB_Video_Dataset/YCB_Video_Dataset/data/0054/000026-label.png", 
    "mask": "/media/hdd/YCBvideo/YCB_Video_Dataset/Generated_YCB_Video_Dataset/mask/0054/000026-mask-00.png", 
    "depth_minmax": [
      0.837, 
      0.927
    ], 
    "model": "/media/hdd/YCBvideo/YCB_Video_Dataset/YCB_Video_Dataset/models/004_sugar_box/textured.obj", 
    "rot_mat": [
      [
        -0.02757066814898908, 
        -0.2207640426514887, 
        0.9749373942609798
      ], 
      [
        -0.8084429018281517, 
        0.5785535516198167, 
        0.10814467335786769
      ], 
      [
        -0.587928226963416, 
        -0.7851997738331259, 
        -0.19442587481701354
      ]
    ], 
    "trans_mat": [
      -0.0028245087117017426, 
      0.11561274010634152, 
      0.8929681143307407
    ]
  }, 
  {
    "img": "/media/hdd/YCBvideo/YCB_Video_Dataset/YCB_Video_Dataset/data/0054/000027-label.png", 
    "mask": "/media/hdd/YCBvideo/YCB_Video_Dataset/Generated_YCB_Video_Dataset/mask/0054/000027-mask-00.png", 
    "depth_minmax": [
      0.836, 
      0.923
    ], 
    "model": "/media/hdd/YCBvideo/YCB_Video_Dataset/YCB_Video_Dataset/models/004_sugar_box/textured.obj", 
    "rot_mat": [
      [
        -0.023482880333517628, 
        -0.22715352558198304, 
        0.9735751103719944
      ], 
      [
        -0.811577967687259, 
        0.5729906031916043, 
        0.11411425818349694
      ], 
      [
        -0.5837712946640536, 
        -0.7874536409015772, 
        -0.19780830213935843
      ]
    ], 
    "trans_mat": [
      -0.0014057243058759085, 
      0.11854212251440562, 
      0.8931295230366866
    ]
  }, 
  {
    "img": "/media/hdd/YCBvideo/YCB_Video_Dataset/YCB_Video_Dataset/data/0054/000028-label.png", 
    "mask": "/media/hdd/YCBvideo/YCB_Video_Dataset/Generated_YCB_Video_Dataset/mask/0054/000028-mask-00.png", 
    "depth_minmax": [
      0.837, 
      0.928
    ], 
    "model": "/media/hdd/YCBvideo/YCB_Video_Dataset/YCB_Video_Dataset/models/004_sugar_box/textured.obj", 
    "rot_mat": [
      [
        -0.017074561757967753, 
        -0.23267604319692167, 
        0.9724047002769763
      ], 
      [
        -0.8135716611035522, 
        0.568572021754319, 
        0.12176168355608957
      ], 
      [
        -0.5812129173600312, 
        -0.7890415013616973, 
        -0.19900678397158245
      ]
    ], 
    "trans_mat": [
      -0.003102510760986145, 
      0.12175917728582418, 
      0.8937378466298419
    ]
  }, 
  {
    "img": "/media/hdd/YCBvideo/YCB_Video_Dataset/YCB_Video_Dataset/data/0054/000029-label.png", 
    "mask": "/media/hdd/YCBvideo/YCB_Video_Dataset/Generated_YCB_Video_Dataset/mask/0054/000029-mask-00.png", 
    "depth_minmax": [
      0.837, 
      0.929
    ], 
    "model": "/media/hdd/YCBvideo/YCB_Video_Dataset/YCB_Video_Dataset/models/004_sugar_box/textured.obj", 
    "rot_mat": [
      [
        -0.012695743471945478, 
        -0.23301395763517863, 
        0.9723902881592289
      ], 
      [
        -0.8160362697301543, 
        0.5644121298176261, 
        0.12459531193113242
      ], 
      [
        -0.5778611687901021, 
        -0.7919245844876923, 
        -0.19731378880852588
      ]
    ], 
    "trans_mat": [
      -0.003565734647735467, 
      0.12508918560780116, 
      0.894506071473869
    ]
  }, 
  {
    "img": "/media/hdd/YCBvideo/YCB_Video_Dataset/YCB_Video_Dataset/data/0054/000030-label.png", 
    "mask": "/media/hdd/YCBvideo/YCB_Video_Dataset/Generated_YCB_Video_Dataset/mask/0054/000030-mask-00.png", 
    "depth_minmax": [
      0.839, 
      0.929
    ], 
    "model": "/media/hdd/YCBvideo/YCB_Video_Dataset/YCB_Video_Dataset/models/004_sugar_box/textured.obj", 
    "rot_mat": [
      [
        -0.012235458218484744, 
        -0.23428371018381414, 
        0.9720914537509562
      ], 
      [
        -0.8170098687052118, 
        0.5628304380018829, 
        0.12536376636579474
      ], 
      [
        -0.5764935753886757, 
        -0.7926747672319675, 
        -0.19829796693603077
      ]
    ], 
    "trans_mat": [
      -0.001966367854238253, 
      0.12521626071815936, 
      0.8953895700830928
    ]
  }, 
  {
    "img": "/media/hdd/YCBvideo/YCB_Video_Dataset/YCB_Video_Dataset/data/0054/000031-label.png", 
    "mask": "/media/hdd/YCBvideo/YCB_Video_Dataset/Generated_YCB_Video_Dataset/mask/0054/000031-mask-00.png", 
    "depth_minmax": [
      0.839, 
      0.93
    ], 
    "model": "/media/hdd/YCBvideo/YCB_Video_Dataset/YCB_Video_Dataset/models/004_sugar_box/textured.obj", 
    "rot_mat": [
      [
        -0.007667930689337774, 
        -0.23770751166604406, 
        0.9713066646815821
      ], 
      [
        -0.8173022878321103, 
        0.5611483038465022, 
        0.13087732873022695
      ], 
      [
        -0.5761571803456405, 
        -0.7928480837056454, 
        -0.1985824176581621
      ]
    ], 
    "trans_mat": [
      -0.004392942317778977, 
      0.12493818410848335, 
      0.8964237479794986
    ]
  }, 
  {
    "img": "/media/hdd/YCBvideo/YCB_Video_Dataset/YCB_Video_Dataset/data/0054/000032-label.png", 
    "mask": "/media/hdd/YCBvideo/YCB_Video_Dataset/Generated_YCB_Video_Dataset/mask/0054/000032-mask-00.png", 
    "depth_minmax": [
      0.837, 
      0.931
    ], 
    "model": "/media/hdd/YCBvideo/YCB_Video_Dataset/YCB_Video_Dataset/models/004_sugar_box/textured.obj", 
    "rot_mat": [
      [
        -0.0008006877859026893, 
        -0.23654068861654554, 
        0.9716216939649225
      ], 
      [
        -0.8183922800372726, 
        0.5585063244979499, 
        0.135293323713468
      ], 
      [
        -0.5746586516077183, 
        -0.7950594270183848, 
        -0.19403036440069116
      ]
    ], 
    "trans_mat": [
      -0.009362588434158901, 
      0.12648059473545156, 
      0.8974261620186854
    ]
  }, 
  {
    "img": "/media/hdd/YCBvideo/YCB_Video_Dataset/YCB_Video_Dataset/data/0054/000033-label.png", 
    "mask": "/media/hdd/YCBvideo/YCB_Video_Dataset/Generated_YCB_Video_Dataset/mask/0054/000033-mask-00.png", 
    "depth_minmax": [
      0.837, 
      0.927
    ], 
    "model": "/media/hdd/YCBvideo/YCB_Video_Dataset/YCB_Video_Dataset/models/004_sugar_box/textured.obj", 
    "rot_mat": [
      [
        0.001263003645888064, 
        -0.23479445459788897, 
        0.9720436358665462
      ], 
      [
        -0.8192813665718578, 
        0.5571184004819486, 
        0.13563485331567443
      ], 
      [
        -0.5733898135136779, 
        -0.7965494419966304, 
        -0.19165871468091622
      ]
    ], 
    "trans_mat": [
      -0.01170095926078204, 
      0.12635444585365338, 
      0.8986616838575076
    ]
  }, 
  {
    "img": "/media/hdd/YCBvideo/YCB_Video_Dataset/YCB_Video_Dataset/data/0054/000034-label.png", 
    "mask": "/media/hdd/YCBvideo/YCB_Video_Dataset/Generated_YCB_Video_Dataset/mask/0054/000034-mask-00.png", 
    "depth_minmax": [
      0.84, 
      0.934
    ], 
    "model": "/media/hdd/YCBvideo/YCB_Video_Dataset/YCB_Video_Dataset/models/004_sugar_box/textured.obj", 
    "rot_mat": [
      [
        0.0023871019982810867, 
        -0.23011530009524034, 
        0.9731609452410206
      ], 
      [
        -0.8184182539562224, 
        0.5587487968948375, 
        0.13413012332113525
      ], 
      [
        -0.5746173651117523, 
        -0.7967727774229805, 
        -0.18699650293794964
      ]
    ], 
    "trans_mat": [
      -0.015016035324162413, 
      0.12355885900177745, 
      0.9001362557388889
    ]
  }, 
  {
    "img": "/media/hdd/YCBvideo/YCB_Video_Dataset/YCB_Video_Dataset/data/0054/000035-label.png", 
    "mask": "/media/hdd/YCBvideo/YCB_Video_Dataset/Generated_YCB_Video_Dataset/mask/0054/000035-mask-00.png", 
    "depth_minmax": [
      0.844, 
      0.932
    ], 
    "model": "/media/hdd/YCBvideo/YCB_Video_Dataset/YCB_Video_Dataset/models/004_sugar_box/textured.obj", 
    "rot_mat": [
      [
        0.0001426231999742053, 
        -0.22790420920854138, 
        0.9736835274359186
      ], 
      [
        -0.8162297839252726, 
        0.5624972903914304, 
        0.1317791449441309
      ], 
      [
        -0.5777271357875848, 
        -0.7947687961108414, 
        -0.18594100596657792
      ]
    ], 
    "trans_mat": [
      -0.015574233815665913, 
      0.11931805830913841, 
      0.9017867833073607
    ]
  }, 
  {
    "img": "/media/hdd/YCBvideo/YCB_Video_Dataset/YCB_Video_Dataset/data/0054/000036-label.png", 
    "mask": "/media/hdd/YCBvideo/YCB_Video_Dataset/Generated_YCB_Video_Dataset/mask/0054/000036-mask-00.png", 
    "depth_minmax": [
      0.844, 
      0.933
    ], 
    "model": "/media/hdd/YCBvideo/YCB_Video_Dataset/YCB_Video_Dataset/models/004_sugar_box/textured.obj", 
    "rot_mat": [
      [
        0.0006350258381261991, 
        -0.22861004465575163, 
        0.9735177142534716
      ], 
      [
        -0.8150658237514908, 
        0.5639068923308985, 
        0.1329527706070674
      ], 
      [
        -0.5793676623341041, 
        -0.793566053671146, 
        -0.185974031328957
      ]
    ], 
    "trans_mat": [
      -0.014740625502349688, 
      0.11580737609135416, 
      0.9032168044239423
    ]
  }, 
  {
    "img": "/media/hdd/YCBvideo/YCB_Video_Dataset/YCB_Video_Dataset/data/0054/000037-label.png", 
    "mask": "/media/hdd/YCBvideo/YCB_Video_Dataset/Generated_YCB_Video_Dataset/mask/0054/000037-mask-00.png", 
    "depth_minmax": [
      0.848, 
      0.934
    ], 
    "model": "/media/hdd/YCBvideo/YCB_Video_Dataset/YCB_Video_Dataset/models/004_sugar_box/textured.obj", 
    "rot_mat": [
      [
        -0.0022310696413766753, 
        -0.2282260337475791, 
        0.973605571400461
      ], 
      [
        -0.8135648675909678, 
        0.566539406756697, 
        0.13093927304704087
      ], 
      [
        -0.5814699394590309, 
        -0.7917994963146096, 
        -0.18694007290132872
      ]
    ], 
    "trans_mat": [
      -0.015664495331756748, 
      0.11229895782749667, 
      0.9040678910598177
    ]
  }, 
  {
    "img": "/media/hdd/YCBvideo/YCB_Video_Dataset/YCB_Video_Dataset/data/0054/000038-label.png", 
    "mask": "/media/hdd/YCBvideo/YCB_Video_Dataset/Generated_YCB_Video_Dataset/mask/0054/000038-mask-00.png", 
    "depth_minmax": [
      0.848, 
      0.94
    ], 
    "model": "/media/hdd/YCBvideo/YCB_Video_Dataset/YCB_Video_Dataset/models/004_sugar_box/textured.obj", 
    "rot_mat": [
      [
        -0.004607999998129067, 
        -0.2250925139919589, 
        0.9743262503268697
      ], 
      [
        -0.8118362908805871, 
        0.5697304704296854, 
        0.12778106580576992
      ], 
      [
        -0.5838661754431371, 
        -0.790405487893027, 
        -0.1853638796749247
      ]
    ], 
    "trans_mat": [
      -0.016945286446132517, 
      0.10785270236834514, 
      0.9048107390731684
    ]
  }, 
  {
    "img": "/media/hdd/YCBvideo/YCB_Video_Dataset/YCB_Video_Dataset/data/0054/000039-label.png", 
    "mask": "/media/hdd/YCBvideo/YCB_Video_Dataset/Generated_YCB_Video_Dataset/mask/0054/000039-mask-00.png", 
    "depth_minmax": [
      0.85, 
      0.94
    ], 
    "model": "/media/hdd/YCBvideo/YCB_Video_Dataset/YCB_Video_Dataset/models/004_sugar_box/textured.obj", 
    "rot_mat": [
      [
        -0.009094070485719247, 
        -0.22355403015648725, 
        0.9746490882851577
      ], 
      [
        -0.8101472893284416, 
        0.5729905971490842, 
        0.12386736595314383
      ], 
      [
        -0.5861556225867329, 
        -0.7884829109609119, 
        -0.18632257857506695
      ]
    ], 
    "trans_mat": [
      -0.0158337652250412, 
      0.10284085540990158, 
      0.9052371100930224
    ]
  }, 
  {
    "img": "/media/hdd/YCBvideo/YCB_Video_Dataset/YCB_Video_Dataset/data/0054/000040-label.png", 
    "mask": "/media/hdd/YCBvideo/YCB_Video_Dataset/Generated_YCB_Video_Dataset/mask/0054/000040-mask-00.png", 
    "depth_minmax": [
      0.847, 
      0.941
    ], 
    "model": "/media/hdd/YCBvideo/YCB_Video_Dataset/YCB_Video_Dataset/models/004_sugar_box/textured.obj", 
    "rot_mat": [
      [
        -0.010446631770018684, 
        -0.22295873932411203, 
        0.9747719286982867
      ], 
      [
        -0.8072098925028708, 
        0.577225948240465, 
        0.12337670426793027
      ], 
      [
        -0.59017113772032, 
        -0.7855575992127035, 
        -0.1860042256680337
      ]
    ], 
    "trans_mat": [
      -0.016332650252790036, 
      0.09662828905921911, 
      0.9054864425617565
    ]
  }, 
  {
    "img": "/media/hdd/YCBvideo/YCB_Video_Dataset/YCB_Video_Dataset/data/0054/000041-label.png", 
    "mask": "/media/hdd/YCBvideo/YCB_Video_Dataset/Generated_YCB_Video_Dataset/mask/0054/000041-mask-00.png", 
    "depth_minmax": [
      0.846, 
      0.935
    ], 
    "model": "/media/hdd/YCBvideo/YCB_Video_Dataset/YCB_Video_Dataset/models/004_sugar_box/textured.obj", 
    "rot_mat": [
      [
        -0.008371296220363991, 
        -0.22342540276169875, 
        0.9746850003761232
      ], 
      [
        -0.8052890556583071, 
        0.5793618096173072, 
        0.12588948831439734
      ], 
      [
        -0.5928216027484113, 
        -0.7838503095639502, 
        -0.18477194547478282
      ]
    ], 
    "trans_mat": [
      -0.018595064060224174, 
      0.09102074494934885, 
      0.9053327634788155
    ]
  }, 
  {
    "img": "/media/hdd/YCBvideo/YCB_Video_Dataset/YCB_Video_Dataset/data/0054/000042-label.png", 
    "mask": "/media/hdd/YCBvideo/YCB_Video_Dataset/Generated_YCB_Video_Dataset/mask/0054/000042-mask-00.png", 
    "depth_minmax": [
      0.849, 
      0.935
    ], 
    "model": "/media/hdd/YCBvideo/YCB_Video_Dataset/YCB_Video_Dataset/models/004_sugar_box/textured.obj", 
    "rot_mat": [
      [
        -0.006805475972921221, 
        -0.22692358726232922, 
        0.9738885149567292
      ], 
      [
        -0.803327934677847, 
        0.5812165209154608, 
        0.12981409167772415
      ], 
      [
        -0.595497882097872, 
        -0.7814684727812812, 
        -0.18624966622462083
      ]
    ], 
    "trans_mat": [
      -0.02036406677274824, 
      0.08690202329148358, 
      0.9051675773352282
    ]
  }, 
  {
    "img": "/media/hdd/YCBvideo/YCB_Video_Dataset/YCB_Video_Dataset/data/0054/000043-label.png", 
    "mask": "/media/hdd/YCBvideo/YCB_Video_Dataset/Generated_YCB_Video_Dataset/mask/0054/000043-mask-00.png", 
    "depth_minmax": [
      0.849, 
      0.941
    ], 
    "model": "/media/hdd/YCBvideo/YCB_Video_Dataset/YCB_Video_Dataset/models/004_sugar_box/textured.obj", 
    "rot_mat": [
      [
        -0.007618968810446113, 
        -0.22852214482430783, 
        0.9735090735694878
      ], 
      [
        -0.8010354555236167, 
        0.5841398122461352, 
        0.13085125606114595
      ], 
      [
        -0.5985671947844553, 
        -0.7788193286802888, 
        -0.18750456111860117
      ]
    ], 
    "trans_mat": [
      -0.020942067247299155, 
      0.08251950127387049, 
      0.9053501391359954
    ]
  }, 
  {
    "img": "/media/hdd/YCBvideo/YCB_Video_Dataset/YCB_Video_Dataset/data/0054/000044-label.png", 
    "mask": "/media/hdd/YCBvideo/YCB_Video_Dataset/Generated_YCB_Video_Dataset/mask/0054/000044-mask-00.png", 
    "depth_minmax": [
      0.848, 
      0.941
    ], 
    "model": "/media/hdd/YCBvideo/YCB_Video_Dataset/YCB_Video_Dataset/models/004_sugar_box/textured.obj", 
    "rot_mat": [
      [
        -0.007979635023890453, 
        -0.2307330242521456, 
        0.972984488373908
      ], 
      [
        -0.7989975703667691, 
        0.5865455963053974, 
        0.13254067112601264
      ], 
      [
        -0.6012806012894971, 
        -0.7763552401528452, 
        -0.18903613423205323
      ]
    ], 
    "trans_mat": [
      -0.02156992463922746, 
      0.07850646550665133, 
      0.9053669796060211
    ]
  }, 
  {
    "img": "/media/hdd/YCBvideo/YCB_Video_Dataset/YCB_Video_Dataset/data/0054/000045-label.png", 
    "mask": "/media/hdd/YCBvideo/YCB_Video_Dataset/Generated_YCB_Video_Dataset/mask/0054/000045-mask-00.png", 
    "depth_minmax": [
      0.848, 
      0.941
    ], 
    "model": "/media/hdd/YCBvideo/YCB_Video_Dataset/YCB_Video_Dataset/models/004_sugar_box/textured.obj", 
    "rot_mat": [
      [
        -0.007698668733861016, 
        -0.22942916843431904, 
        0.9732947995386662
      ], 
      [
        -0.7974994978878153, 
        0.5886038369159673, 
        0.13244019595394124
      ], 
      [
        -0.6032697323192769, 
        -0.775183285856582, 
        -0.18750086386777393
      ]
    ], 
    "trans_mat": [
      -0.023194810009169307, 
      0.07588182248665051, 
      0.9056104881649938
    ]
  }, 
  {
    "img": "/media/hdd/YCBvideo/YCB_Video_Dataset/YCB_Video_Dataset/data/0054/000046-label.png", 
    "mask": "/media/hdd/YCBvideo/YCB_Video_Dataset/Generated_YCB_Video_Dataset/mask/0054/000046-mask-00.png", 
    "depth_minmax": [
      0.847, 
      0.936
    ], 
    "model": "/media/hdd/YCBvideo/YCB_Video_Dataset/YCB_Video_Dataset/models/004_sugar_box/textured.obj", 
    "rot_mat": [
      [
        -0.0063389497829645005, 
        -0.2301425469415041, 
        0.9731359908279503
      ], 
      [
        -0.7968866120670419, 
        0.5890526398024589, 
        0.134118172157059
      ], 
      [
        -0.6040943300199374, 
        -0.7746298635132104, 
        -0.1871318066903016
      ]
    ], 
    "trans_mat": [
      -0.024362490916573006, 
      0.07535669958329856, 
      0.9057552195813623
    ]
  }, 
  {
    "img": "/media/hdd/YCBvideo/YCB_Video_Dataset/YCB_Video_Dataset/data/0054/000047-label.png", 
    "mask": "/media/hdd/YCBvideo/YCB_Video_Dataset/Generated_YCB_Video_Dataset/mask/0054/000047-mask-00.png", 
    "depth_minmax": [
      0.849, 
      0.936
    ], 
    "model": "/media/hdd/YCBvideo/YCB_Video_Dataset/YCB_Video_Dataset/models/004_sugar_box/textured.obj", 
    "rot_mat": [
      [
        -0.00709602487031406, 
        -0.23036782058722985, 
        0.9730775654090114
      ], 
      [
        -0.7971830725496001, 
        0.5887747187598104, 
        0.13357416579768844
      ], 
      [
        -0.6036945991689401, 
        -0.774774319672739, 
        -0.18782360572081896
      ]
    ], 
    "trans_mat": [
      -0.02463127585871227, 
      0.0763189974033248, 
      0.9059532193448036
    ]
  }, 
  {
    "img": "/media/hdd/YCBvideo/YCB_Video_Dataset/YCB_Video_Dataset/data/0054/000048-label.png", 
    "mask": "/media/hdd/YCBvideo/YCB_Video_Dataset/Generated_YCB_Video_Dataset/mask/0054/000048-mask-00.png", 
    "depth_minmax": [
      0.848, 
      0.936
    ], 
    "model": "/media/hdd/YCBvideo/YCB_Video_Dataset/YCB_Video_Dataset/models/004_sugar_box/textured.obj", 
    "rot_mat": [
      [
        -0.009557518399368959, 
        -0.23348891947657308, 
        0.9723126855201006
      ], 
      [
        -0.7984098611316705, 
        0.5872049769402822, 
        0.13316149433712643
      ], 
      [
        -0.6020381963472272, 
        -0.7750314361607576, 
        -0.19203167593066317
      ]
    ], 
    "trans_mat": [
      -0.02461986240582988, 
      0.07772899769835835, 
      0.9059285867421824
    ]
  }, 
  {
    "img": "/media/hdd/YCBvideo/YCB_Video_Dataset/YCB_Video_Dataset/data/0054/000049-label.png", 
