[
  {
    "img": "/media/hdd/YCBvideo/YCB_Video_Dataset/YCB_Video_Dataset/data/0055/000001-label.png", 
    "mask": "/media/hdd/YCBvideo/YCB_Video_Dataset/Generated_YCB_Video_Dataset/mask/0055/000001-mask-00.png", 
    "depth_minmax": [
      0.837, 
      0.951
    ], 
    "model": "/media/hdd/YCBvideo/YCB_Video_Dataset/YCB_Video_Dataset/models/002_master_chef_can/textured.obj", 
    "rot_mat": [
      [
        -0.527019631356639, 
        0.849689437722372, 
        -0.01668907860214905
      ], 
      [
        0.47864084546981334, 
        0.2805350591724363, 
        -0.8319873891286671
      ], 
      [
        -0.702249882723733, 
        -0.4464617074692194, 
        -0.5545438679878207
      ]
    ], 
    "trans_mat": [
      0.13722387821473672, 
      0.10590621750740514, 
      0.9134780155310788
    ]
  }, 
  {
    "img": "/media/hdd/YCBvideo/YCB_Video_Dataset/YCB_Video_Dataset/data/0055/000001-label.png", 
    "mask": "/media/hdd/YCBvideo/YCB_Video_Dataset/Generated_YCB_Video_Dataset/mask/0055/000001-mask-01.png", 
    "depth_minmax": [
      0.917, 
      1.041
    ], 
    "model": "/media/hdd/YCBvideo/YCB_Video_Dataset/YCB_Video_Dataset/models/025_mug/textured.obj", 
    "rot_mat": [
      [
        0.41271142941530137, 
        0.9088589467491768, 
        -0.06037700849344523
      ], 
      [
        0.513584181015695, 
        -0.28693762371417925, 
        -0.8086391942312418
      ], 
      [
        -0.752263028038194, 
        0.3027266556027514, 
        -0.585198672931958
      ]
    ], 
    "trans_mat": [
      -0.05931344293346812, 
      0.062164105795137176, 
      0.9754204668276655
    ]
  }, 
  {
    "img": "/media/hdd/YCBvideo/YCB_Video_Dataset/YCB_Video_Dataset/data/0055/000002-label.png", 
    "mask": "/media/hdd/YCBvideo/YCB_Video_Dataset/Generated_YCB_Video_Dataset/mask/0055/000002-mask-00.png", 
    "depth_minmax": [
      0.839, 
      0.946
    ], 
    "model": "/media/hdd/YCBvideo/YCB_Video_Dataset/YCB_Video_Dataset/models/002_master_chef_can/textured.obj", 
    "rot_mat": [
      [
        -0.5268708041016987, 
        0.8498179865338618, 
        -0.014701807947134705
      ], 
      [
        0.4795351639128693, 
        0.28293177451281254, 
        -0.830660957749086
      ], 
      [
        -0.7017507228608958, 
        -0.4447010684956408, 
        -0.5565856691478399
      ]
    ], 
    "trans_mat": [
      0.1354253641952702, 
      0.10675017798541937, 
      0.9135540371683956
    ]
  }, 
  {
    "img": "/media/hdd/YCBvideo/YCB_Video_Dataset/YCB_Video_Dataset/data/0055/000002-label.png", 
    "mask": "/media/hdd/YCBvideo/YCB_Video_Dataset/Generated_YCB_Video_Dataset/mask/0055/000002-mask-01.png", 
    "depth_minmax": [
      0.914, 
      1.058
    ], 
    "model": "/media/hdd/YCBvideo/YCB_Video_Dataset/YCB_Video_Dataset/models/025_mug/textured.obj", 
    "rot_mat": [
      [
        0.41286721362739476, 
        0.9089177936225762, 
        -0.05838698685914462
      ], 
      [
        0.5160501119728146, 
        -0.28627107253215045, 
        -0.8073056444688755
      ], 
      [
        -0.7504880395445395, 
        0.30317916022453606, 
        -0.5872389210645667
      ]
    ], 
    "trans_mat": [
      -0.061122152362624686, 
      0.06255420088461883, 
      0.9751408437250507
    ]
  }, 
  {
    "img": "/media/hdd/YCBvideo/YCB_Video_Dataset/YCB_Video_Dataset/data/0055/000003-label.png", 
    "mask": "/media/hdd/YCBvideo/YCB_Video_Dataset/Generated_YCB_Video_Dataset/mask/0055/000003-mask-00.png", 
    "depth_minmax": [
      0.839, 
      0.95
    ], 
    "model": "/media/hdd/YCBvideo/YCB_Video_Dataset/YCB_Video_Dataset/models/002_master_chef_can/textured.obj", 
    "rot_mat": [
      [
        -0.5246757185215108, 
        0.8512377326370162, 
        -0.010437991698702855
      ], 
      [
        0.4763761504115206, 
        0.28341739720493586, 
        -0.8323110967102547
      ], 
      [
        -0.7055365655177843, 
        -0.44166609756810576, 
        -0.5542114555426777
      ]
    ], 
    "trans_mat": [
      0.13690754810758934, 
      0.10709753425357575, 
      0.9136176629687334
    ]
  }, 
  {
    "img": "/media/hdd/YCBvideo/YCB_Video_Dataset/YCB_Video_Dataset/data/0055/000003-label.png", 
    "mask": "/media/hdd/YCBvideo/YCB_Video_Dataset/Generated_YCB_Video_Dataset/mask/0055/000003-mask-01.png", 
    "depth_minmax": [
      0.912, 
      1.048
    ], 
    "model": "/media/hdd/YCBvideo/YCB_Video_Dataset/YCB_Video_Dataset/models/025_mug/textured.obj", 
    "rot_mat": [
      [
        0.4151956600980951, 
        0.9081259120061212, 
        -0.05403205261452396
      ], 
      [
        0.514723284947705, 
        -0.2834741117431727, 
        -0.8091372255451934
      ], 
      [
        -0.7501147358174781, 
        0.3081387645504164, 
        -0.5851309555264906
      ]
    ], 
    "trans_mat": [
      -0.059825125279458304, 
      0.06266863349429219, 
      0.974440916364464
    ]
  }, 
  {
    "img": "/media/hdd/YCBvideo/YCB_Video_Dataset/YCB_Video_Dataset/data/0055/000004-label.png", 
    "mask": "/media/hdd/YCBvideo/YCB_Video_Dataset/Generated_YCB_Video_Dataset/mask/0055/000004-mask-00.png", 
    "depth_minmax": [
      0.839, 
      0.946
    ], 
    "model": "/media/hdd/YCBvideo/YCB_Video_Dataset/YCB_Video_Dataset/models/002_master_chef_can/textured.obj", 
    "rot_mat": [
      [
        -0.5235933115780087, 
        0.8519141480655567, 
        -0.009663571161766329
      ], 
      [
        0.47627114218997624, 
        0.2832782474541612, 
        -0.8324182792209509
      ], 
      [
        -0.7064110240051463, 
        -0.4404512526362298, 
        -0.5540650428388748
      ]
    ], 
    "trans_mat": [
      0.13602523300232439, 
      0.10754472803103664, 
      0.9137702124719693
    ]
  }, 
  {
    "img": "/media/hdd/YCBvideo/YCB_Video_Dataset/YCB_Video_Dataset/data/0055/000004-label.png", 
    "mask": "/media/hdd/YCBvideo/YCB_Video_Dataset/Generated_YCB_Video_Dataset/mask/0055/000004-mask-01.png", 
    "depth_minmax": [
      0.912, 
      1.054
    ], 
    "model": "/media/hdd/YCBvideo/YCB_Video_Dataset/YCB_Video_Dataset/models/025_mug/textured.obj", 
    "rot_mat": [
      [
        0.41634677468092823, 
        0.9076483026936203, 
        -0.053210048118243945
      ], 
      [
        0.5145510833447151, 
        -0.2834704875544293, 
        -0.8092477284335156
      ], 
      [
        -0.74959487958616, 
        0.3095479473213859, 
        -0.5850540349076255
      ]
    ], 
    "trans_mat": [
      -0.06080091428513523, 
      0.06313993948473476, 
      0.9743086382772844
    ]
  }, 
  {
    "img": "/media/hdd/YCBvideo/YCB_Video_Dataset/YCB_Video_Dataset/data/0055/000005-label.png", 
    "mask": "/media/hdd/YCBvideo/YCB_Video_Dataset/Generated_YCB_Video_Dataset/mask/0055/000005-mask-00.png", 
    "depth_minmax": [
      0.839, 
      0.945
    ], 
    "model": "/media/hdd/YCBvideo/YCB_Video_Dataset/YCB_Video_Dataset/models/002_master_chef_can/textured.obj", 
    "rot_mat": [
      [
        -0.5241168544034174, 
        0.8515866194603301, 
        -0.010123896522182587
      ], 
      [
        0.47558674529942324, 
        0.28280169886837486, 
        -0.8329714921769336
      ], 
      [
        -0.7064845577164832, 
        -0.4413891575412524, 
        -0.553224279597065
      ]
    ], 
    "trans_mat": [
      0.13588168459978464, 
      0.10833117747618658, 
      0.9135594511364606
    ]
  }, 
  {
    "img": "/media/hdd/YCBvideo/YCB_Video_Dataset/YCB_Video_Dataset/data/0055/000005-label.png", 
    "mask": "/media/hdd/YCBvideo/YCB_Video_Dataset/Generated_YCB_Video_Dataset/mask/0055/000005-mask-01.png", 
    "depth_minmax": [
      0.912, 
      1.06
    ], 
    "model": "/media/hdd/YCBvideo/YCB_Video_Dataset/YCB_Video_Dataset/models/025_mug/textured.obj", 
    "rot_mat": [
      [
        0.41579116184195697, 
        0.907874340667687, 
        -0.053693237531301806
      ], 
      [
        0.5137837439732671, 
        -0.283199231637667, 
        -0.8098300955415341
      ], 
      [
        -0.7504291530542808, 
        0.30913368477470043, 
        -0.5842029596416941
      ]
    ], 
    "trans_mat": [
      -0.0608996333882452, 
      0.06399526291942083, 
      0.9742935470945344
    ]
  }, 
  {
    "img": "/media/hdd/YCBvideo/YCB_Video_Dataset/YCB_Video_Dataset/data/0055/000006-label.png", 
    "mask": "/media/hdd/YCBvideo/YCB_Video_Dataset/Generated_YCB_Video_Dataset/mask/0055/000006-mask-00.png", 
    "depth_minmax": [
      0.837, 
      0.953
    ], 
    "model": "/media/hdd/YCBvideo/YCB_Video_Dataset/YCB_Video_Dataset/models/002_master_chef_can/textured.obj", 
    "rot_mat": [
      [
        -0.5235109599028704, 
        0.8519220486052852, 
        -0.012819323017388057
      ], 
      [
        0.4729486228728711, 
        0.2780488674777086, 
        -0.8360678896995047
      ], 
      [
        -0.7087009252559167, 
        -0.4437538441930062, 
        -0.5484769804310686
      ]
    ], 
    "trans_mat": [
      0.13463947418440858, 
      0.1113799245544626, 
      0.9118070892875726
    ]
  }, 
  {
    "img": "/media/hdd/YCBvideo/YCB_Video_Dataset/YCB_Video_Dataset/data/0055/000006-label.png", 
    "mask": "/media/hdd/YCBvideo/YCB_Video_Dataset/Generated_YCB_Video_Dataset/mask/0055/000006-mask-01.png", 
    "depth_minmax": [
      0.915, 
      1.052
    ], 
    "model": "/media/hdd/YCBvideo/YCB_Video_Dataset/YCB_Video_Dataset/models/025_mug/textured.obj", 
    "rot_mat": [
      [
        0.4164528879163456, 
        0.9074087077434364, 
        -0.056355989199540185
      ], 
      [
        0.508420337884025, 
        -0.28383028367341523, 
        -0.8129880020361955
      ], 
      [
        -0.7537077034401137, 
        0.30991904620526267, 
        -0.5795472999935183
      ]
    ], 
    "trans_mat": [
      -0.062201882984977856, 
      0.06790772733840325, 
      0.9729690055000185
    ]
  }, 
  {
    "img": "/media/hdd/YCBvideo/YCB_Video_Dataset/YCB_Video_Dataset/data/0055/000007-label.png", 
    "mask": "/media/hdd/YCBvideo/YCB_Video_Dataset/Generated_YCB_Video_Dataset/mask/0055/000007-mask-00.png", 
    "depth_minmax": [
      0.835, 
      0.948
    ], 
    "model": "/media/hdd/YCBvideo/YCB_Video_Dataset/YCB_Video_Dataset/models/002_master_chef_can/textured.obj", 
    "rot_mat": [
      [
        -0.5250415909584712, 
        0.8509381676014511, 
        -0.015334616138499327
      ], 
      [
        0.4730061102150705, 
        0.2767778250054327, 
        -0.8364567437327696
      ], 
      [
        -0.7075289655692701, 
        -0.4464278211470482, 
        -0.547818677773725
      ]
    ], 
    "trans_mat": [
      0.13853160073640827, 
      0.11059671494247351, 
      0.9099603907301487
    ]
  }, 
  {
    "img": "/media/hdd/YCBvideo/YCB_Video_Dataset/YCB_Video_Dataset/data/0055/000007-label.png", 
    "mask": "/media/hdd/YCBvideo/YCB_Video_Dataset/Generated_YCB_Video_Dataset/mask/0055/000007-mask-01.png", 
    "depth_minmax": [
      0.912, 
      1.015
    ], 
    "model": "/media/hdd/YCBvideo/YCB_Video_Dataset/YCB_Video_Dataset/models/025_mug/textured.obj", 
    "rot_mat": [
      [
        0.4148265432680029, 
        0.9079897812224181, 
        -0.05893569886161843
      ], 
      [
        0.5074032112916399, 
        -0.2846070465185618, 
        -0.8133515310788871
      ], 
      [
        -0.7552876420660991, 
        0.3074959241627127, 
        -0.578779654461092
      ]
    ], 
    "trans_mat": [
      -0.058179473065143976, 
      0.06738770442497177, 
      0.9717249895295341
    ]
  }, 
  {
    "img": "/media/hdd/YCBvideo/YCB_Video_Dataset/YCB_Video_Dataset/data/0055/000008-label.png", 
    "mask": "/media/hdd/YCBvideo/YCB_Video_Dataset/Generated_YCB_Video_Dataset/mask/0055/000008-mask-00.png", 
    "depth_minmax": [
      0.835, 
      0.95
    ], 
    "model": "/media/hdd/YCBvideo/YCB_Video_Dataset/YCB_Video_Dataset/models/002_master_chef_can/textured.obj", 
    "rot_mat": [
      [
        -0.5274627619072952, 
        0.8495311722949901, 
        -0.008954861257064435
      ], 
      [
        0.47008320525881336, 
        0.28305602445006267, 
        -0.8360030012977981
      ], 
      [
        -0.7076767193660425, 
        -0.4451704352089566, 
        -0.5486519587069192
      ]
    ], 
    "trans_mat": [
      0.1355229329038709, 
      0.10977745373093366, 
      0.9088985265210177
    ]
  }, 
  {
    "img": "/media/hdd/YCBvideo/YCB_Video_Dataset/YCB_Video_Dataset/data/0055/000008-label.png", 
    "mask": "/media/hdd/YCBvideo/YCB_Video_Dataset/Generated_YCB_Video_Dataset/mask/0055/000008-mask-01.png", 
    "depth_minmax": [
      0.909, 
      1.051
    ], 
    "model": "/media/hdd/YCBvideo/YCB_Video_Dataset/YCB_Video_Dataset/models/025_mug/textured.obj", 
    "rot_mat": [
      [
        0.41220168406803415, 
        0.909568858684274, 
        -0.0526779372979213
      ], 
      [
        0.5109833694496423, 
        -0.27866451877373366, 
        -0.81316745082487
      ], 
      [
        -0.754311297996578, 
        0.3082718537939112, 
        -0.5796409862498542
      ]
    ], 
    "trans_mat": [
      -0.06095781467993928, 
      0.06515735048854389, 
      0.9703927255141637
    ]
  }, 
  {
    "img": "/media/hdd/YCBvideo/YCB_Video_Dataset/YCB_Video_Dataset/data/0055/000009-label.png", 
    "mask": "/media/hdd/YCBvideo/YCB_Video_Dataset/Generated_YCB_Video_Dataset/mask/0055/000009-mask-00.png", 
    "depth_minmax": [
      0.833, 
      0.945
    ], 
    "model": "/media/hdd/YCBvideo/YCB_Video_Dataset/YCB_Video_Dataset/models/002_master_chef_can/textured.obj", 
    "rot_mat": [
      [
        -0.528288658770596, 
        0.8490465199955919, 
        -0.005572856979540665
      ], 
      [
        0.46842498371430247, 
        0.28597371325046417, 
        -0.835941579576948
      ], 
      [
        -0.7081596188918525, 
        -0.4442288068359174, 
        -0.5487907939833975
      ]
    ], 
    "trans_mat": [
      0.13397287218166504, 
      0.10858499548915818, 
      0.9081495702724914
    ]
  }, 
  {
    "img": "/media/hdd/YCBvideo/YCB_Video_Dataset/YCB_Video_Dataset/data/0055/000009-label.png", 
    "mask": "/media/hdd/YCBvideo/YCB_Video_Dataset/Generated_YCB_Video_Dataset/mask/0055/000009-mask-01.png", 
    "depth_minmax": [
      0.881, 
      1.041
    ], 
    "model": "/media/hdd/YCBvideo/YCB_Video_Dataset/YCB_Video_Dataset/models/025_mug/textured.obj", 
    "rot_mat": [
      [
        0.4112818738427959, 
        0.9101720303499322, 
        -0.049339513341839863
      ], 
      [
        0.5124828383891915, 
        -0.2756625996300552, 
        -0.8132478062803528
      ], 
      [
        -0.7537955851178101, 
        0.30918851198284375, 
        -0.5798223958934257
      ]
    ], 
    "trans_mat": [
      -0.06242191551681592, 
      0.06329657775262905, 
      0.9694292845702469
    ]
  }, 
  {
    "img": "/media/hdd/YCBvideo/YCB_Video_Dataset/YCB_Video_Dataset/data/0055/000010-label.png", 
    "mask": "/media/hdd/YCBvideo/YCB_Video_Dataset/Generated_YCB_Video_Dataset/mask/0055/000010-mask-00.png", 
    "depth_minmax": [
      0.833, 
      0.946
    ], 
    "model": "/media/hdd/YCBvideo/YCB_Video_Dataset/YCB_Video_Dataset/models/002_master_chef_can/textured.obj", 
    "rot_mat": [
      [
        -0.5279783536305551, 
        0.8492271783937255, 
        -0.007222066508405109
      ], 
      [
        0.4685998259759537, 
        0.28422269137832046, 
        -0.8364403798679078
      ], 
      [
        -0.7082753393018354, 
        -0.44500642361327086, 
        -0.5480109478435051
      ]
    ], 
    "trans_mat": [
      0.13252807861280289, 
      0.1095072971516107, 
      0.9070820878691978
    ]
  }, 
  {
    "img": "/media/hdd/YCBvideo/YCB_Video_Dataset/YCB_Video_Dataset/data/0055/000010-label.png", 
    "mask": "/media/hdd/YCBvideo/YCB_Video_Dataset/Generated_YCB_Video_Dataset/mask/0055/000010-mask-01.png", 
    "depth_minmax": [
      0.907, 
      1.042
    ], 
    "model": "/media/hdd/YCBvideo/YCB_Video_Dataset/YCB_Video_Dataset/models/025_mug/textured.obj", 
    "rot_mat": [
      [
        0.4116327153391474, 
        0.909923530314026, 
        -0.050971682374620714
      ], 
      [
        0.5111342255615375, 
        -0.27680991677799477, 
        -0.8137064507206248
      ], 
      [
        -0.754519165297157, 
        0.3088950421571556, 
        -0.5790371917644546
      ]
    ], 
    "trans_mat": [
      -0.06390072393994134, 
      0.06458539269553143, 
      0.9685223296191161
    ]
  }, 
  {
    "img": "/media/hdd/YCBvideo/YCB_Video_Dataset/YCB_Video_Dataset/data/0055/000011-label.png", 
    "mask": "/media/hdd/YCBvideo/YCB_Video_Dataset/Generated_YCB_Video_Dataset/mask/0055/000011-mask-00.png", 
    "depth_minmax": [
      0.831, 
      0.943
    ], 
    "model": "/media/hdd/YCBvideo/YCB_Video_Dataset/YCB_Video_Dataset/models/002_master_chef_can/textured.obj", 
    "rot_mat": [
      [
        -0.527590212111409, 
        0.8494695503512373, 
        -0.007104671478164392
      ], 
      [
        0.46808638173477835, 
        0.28372094433004547, 
        -0.8368978356815493
      ], 
      [
        -0.7089037702986597, 
        -0.44486517170548007, 
        -0.5473129524369829
      ]
    ], 
    "trans_mat": [
      0.1319838292580268, 
      0.11006618034369027, 
      0.9068576140622764
    ]
  }, 
  {
    "img": "/media/hdd/YCBvideo/YCB_Video_Dataset/YCB_Video_Dataset/data/0055/000011-label.png", 
    "mask": "/media/hdd/YCBvideo/YCB_Video_Dataset/Generated_YCB_Video_Dataset/mask/0055/000011-mask-01.png", 
    "depth_minmax": [
      0.909, 
      1.029
    ], 
    "model": "/media/hdd/YCBvideo/YCB_Video_Dataset/YCB_Video_Dataset/models/025_mug/textured.obj", 
    "rot_mat": [
      [
        0.4120480700619025, 
        0.9097432344121961, 
        -0.05083694902168877
      ], 
      [
        0.5104394768442765, 
        -0.2766890591702997, 
        -0.8141832710139968
      ], 
      [
        -0.754763499564396, 
        0.3095334466244276, 
        -0.5783777864173614
      ]
    ], 
    "trans_mat": [
      -0.06447930733757945, 
      0.0652255653465652, 
      0.9682477444836436
    ]
  }, 
  {
    "img": "/media/hdd/YCBvideo/YCB_Video_Dataset/YCB_Video_Dataset/data/0055/000012-label.png", 
    "mask": "/media/hdd/YCBvideo/YCB_Video_Dataset/Generated_YCB_Video_Dataset/mask/0055/000012-mask-00.png", 
    "depth_minmax": [
      0.833, 
      0.943
    ], 
    "model": "/media/hdd/YCBvideo/YCB_Video_Dataset/YCB_Video_Dataset/models/002_master_chef_can/textured.obj", 
    "rot_mat": [
      [
        -0.5275669978045218, 
        0.8494806683953732, 
        -0.007503470802725754
      ], 
      [
        0.46671920946034273, 
        0.2824521600656212, 
        -0.8380906936419599
      ], 
      [
        -0.7098216508498032, 
        -0.4456511495896774, 
        -0.5454809118420286
      ]
    ], 
    "trans_mat": [
      0.1313574853923714, 
      0.1114385749142584, 
      0.9065325580894249
    ]
  }, 
  {
    "img": "/media/hdd/YCBvideo/YCB_Video_Dataset/YCB_Video_Dataset/data/0055/000012-label.png", 
    "mask": "/media/hdd/YCBvideo/YCB_Video_Dataset/Generated_YCB_Video_Dataset/mask/0055/000012-mask-01.png", 
    "depth_minmax": [
      0.909, 
      1.041
    ], 
    "model": "/media/hdd/YCBvideo/YCB_Video_Dataset/YCB_Video_Dataset/models/025_mug/textured.obj", 
    "rot_mat": [
      [
        0.4120770137605933, 
        0.9097079726173444, 
        -0.051233965691670956
      ], 
      [
        0.5086449585163121, 
        -0.2763284146201983, 
        -0.8154288698753593
      ], 
      [
        -0.7559584092388554, 
        0.3099588377464171, 
        -0.5765867341251262
      ]
    ], 
    "trans_mat": [
      -0.06510916596285135, 
      0.06680063381661257, 
      0.9680591479815863
    ]
  }, 
  {
    "img": "/media/hdd/YCBvideo/YCB_Video_Dataset/YCB_Video_Dataset/data/0055/000013-label.png", 
    "mask": "/media/hdd/YCBvideo/YCB_Video_Dataset/Generated_YCB_Video_Dataset/mask/0055/000013-mask-00.png", 
    "depth_minmax": [
      0.833, 
      0.944
    ], 
    "model": "/media/hdd/YCBvideo/YCB_Video_Dataset/YCB_Video_Dataset/models/002_master_chef_can/textured.obj", 
    "rot_mat": [
      [
        -0.526504677953722, 
        0.8501604011601553, 
        -0.0044484932380587285
      ], 
      [
        0.465647561161412, 
        0.28399008125927827, 
        -0.8381665460081001
      ], 
      [
        -0.7113127866186238, 
        -0.44337019011912043, 
        -0.5453972624004203
      ]
    ], 
    "trans_mat": [
      0.12760704146246082, 
      0.11116111312186867, 
      0.9070053635601889
    ]
  }, 
  {
    "img": "/media/hdd/YCBvideo/YCB_Video_Dataset/YCB_Video_Dataset/data/0055/000013-label.png", 
    "mask": "/media/hdd/YCBvideo/YCB_Video_Dataset/Generated_YCB_Video_Dataset/mask/0055/000013-mask-01.png", 
    "depth_minmax": [
      0.912, 
      1.048
    ], 
    "model": "/media/hdd/YCBvideo/YCB_Video_Dataset/YCB_Video_Dataset/models/025_mug/textured.obj", 
    "rot_mat": [
      [
        0.4131808855912222, 
        0.9093758543118279, 
        -0.04813644942656499
      ], 
      [
        0.5093271947271496, 
        -0.2745883322312782, 
        -0.8155902811142272
      ], 
      [
        -0.754895194826235, 
        0.3124690937258238, 
        -0.5766248372085501
      ]
    ], 
    "trans_mat": [
      -0.0689424167096765, 
      0.06616259112555736, 
      0.9680020507248559
    ]
  }, 
  {
    "img": "/media/hdd/YCBvideo/YCB_Video_Dataset/YCB_Video_Dataset/data/0055/000014-label.png", 
    "mask": "/media/hdd/YCBvideo/YCB_Video_Dataset/Generated_YCB_Video_Dataset/mask/0055/000014-mask-00.png", 
    "depth_minmax": [
      0.831, 
      0.946
    ], 
    "model": "/media/hdd/YCBvideo/YCB_Video_Dataset/YCB_Video_Dataset/models/002_master_chef_can/textured.obj", 
    "rot_mat": [
      [
        -0.5233653143835564, 
        0.8520876095427238, 
        0.005932337198391657
      ], 
      [
        0.4667619982056777, 
        0.29250330001707703, 
        -0.8346116944999659
      ], 
      [
        -0.7128977476144243, 
        -0.4340378504022931, 
        -0.5508080032473214
      ]
    ], 
    "trans_mat": [
      0.11840979196080073, 
      0.10766081820543312, 
      0.9086818981381021
    ]
  }, 
  {
    "img": "/media/hdd/YCBvideo/YCB_Video_Dataset/YCB_Video_Dataset/data/0055/000014-label.png", 
    "mask": "/media/hdd/YCBvideo/YCB_Video_Dataset/Generated_YCB_Video_Dataset/mask/0055/000014-mask-01.png", 
    "depth_minmax": [
      0.909, 
      1.045
    ], 
    "model": "/media/hdd/YCBvideo/YCB_Video_Dataset/YCB_Video_Dataset/models/025_mug/textured.obj", 
    "rot_mat": [
      [
        0.41635229343175, 
        0.9084243272340887, 
        -0.03763082756585927
      ], 
      [
        0.5169581483707653, 
        -0.2705757284901897, 
        -0.8121231031906968
      ], 
      [
        -0.7479337250009962, 
        0.3186759347330064, 
        -0.582272298352205
      ]
    ], 
    "trans_mat": [
      -0.0783603041388019, 
      0.06096327130887433, 
      0.9676566781067257
    ]
  }, 
  {
    "img": "/media/hdd/YCBvideo/YCB_Video_Dataset/YCB_Video_Dataset/data/0055/000015-label.png", 
    "mask": "/media/hdd/YCBvideo/YCB_Video_Dataset/Generated_YCB_Video_Dataset/mask/0055/000015-mask-00.png", 
    "depth_minmax": [
      0.835, 
      0.947
    ], 
    "model": "/media/hdd/YCBvideo/YCB_Video_Dataset/YCB_Video_Dataset/models/002_master_chef_can/textured.obj", 
    "rot_mat": [
      [
        -0.5210971365544226, 
        0.8534383015694822, 
        0.010094248918682212
      ], 
      [
        0.4656944263241516, 
        0.2942177329447577, 
        -0.8346048141671202
      ], 
      [
        -0.7152534880361195, 
        -0.4302094469679049, 
        -0.5507573571496418
      ]
    ], 
    "trans_mat": [
      0.11028425948803602, 
      0.10774143304965743, 
      0.910484650225073
    ]
  }, 
  {
    "img": "/media/hdd/YCBvideo/YCB_Video_Dataset/YCB_Video_Dataset/data/0055/000015-label.png", 
    "mask": "/media/hdd/YCBvideo/YCB_Video_Dataset/Generated_YCB_Video_Dataset/mask/0055/000015-mask-01.png", 
    "depth_minmax": [
      0.912, 
      1.052
    ], 
    "model": "/media/hdd/YCBvideo/YCB_Video_Dataset/YCB_Video_Dataset/models/025_mug/textured.obj", 
    "rot_mat": [
      [
        0.4186657998230297, 
        0.9075277485135707, 
        -0.033372385735973294
      ], 
      [
        0.5177878579149697, 
        -0.2687361723624394, 
        -0.8122046753522673
      ], 
      [
        -0.7460658553926787, 
        0.32276233790057657, 
        -0.5824176592242146
      ]
    ], 
    "trans_mat": [
      -0.08665438604004685, 
      0.060647381092387265, 
      0.9685753085339026
    ]
  }, 
  {
    "img": "/media/hdd/YCBvideo/YCB_Video_Dataset/YCB_Video_Dataset/data/0055/000016-label.png", 
    "mask": "/media/hdd/YCBvideo/YCB_Video_Dataset/Generated_YCB_Video_Dataset/mask/0055/000016-mask-00.png", 
    "depth_minmax": [
      0.835, 
      0.948
    ], 
    "model": "/media/hdd/YCBvideo/YCB_Video_Dataset/YCB_Video_Dataset/models/002_master_chef_can/textured.obj", 
    "rot_mat": [
      [
        -0.5203273337723323, 
        0.8539160886091794, 
        0.009278610749373951
      ], 
      [
        0.46267246959958896, 
        0.2910249745426678, 
        -0.8374000080708573
      ], 
      [
        -0.7177703060502982, 
        -0.4314296226370845, 
        -0.5465115228196605
      ]
    ], 
    "trans_mat": [
      0.10854664419277105, 
      0.11061918207393633, 
      0.9113868395194544
    ]
  }, 
  {
    "img": "/media/hdd/YCBvideo/YCB_Video_Dataset/YCB_Video_Dataset/data/0055/000016-label.png", 
    "mask": "/media/hdd/YCBvideo/YCB_Video_Dataset/Generated_YCB_Video_Dataset/mask/0055/000016-mask-01.png", 
    "depth_minmax": [
      0.914, 
      1.046
    ], 
    "model": "/media/hdd/YCBvideo/YCB_Video_Dataset/YCB_Video_Dataset/models/025_mug/textured.obj", 
    "rot_mat": [
      [
        0.419505003533709, 
        0.9071101624386204, 
        -0.03415180845880743
      ], 
      [
        0.5135015006191526, 
        -0.2681639552589846, 
        -0.8151096211158686
      ], 
      [
        -0.748552454423817, 
        0.3244058531631717, 
        -0.5782986817635063
      ]
    ], 
    "trans_mat": [
      -0.08846507515403175, 
      0.0640526132149563, 
      0.9696540638472777
    ]
  }, 
  {
    "img": "/media/hdd/YCBvideo/YCB_Video_Dataset/YCB_Video_Dataset/data/0055/000017-label.png", 
    "mask": "/media/hdd/YCBvideo/YCB_Video_Dataset/Generated_YCB_Video_Dataset/mask/0055/000017-mask-00.png", 
    "depth_minmax": [
      0.837, 
      0.946
    ], 
    "model": "/media/hdd/YCBvideo/YCB_Video_Dataset/YCB_Video_Dataset/models/002_master_chef_can/textured.obj", 
    "rot_mat": [
      [
        -0.5181331479313028, 
        0.855216048788818, 
        0.011985457478344029
      ], 
      [
        0.45984662872447835, 
        0.2903591380206573, 
        -0.8391863504344944
      ], 
      [
        -0.7211658523501225, 
        -0.4292987913355228, 
        -0.5437130613021848
      ]
    ], 
    "trans_mat": [
      0.1047557586121386, 
      0.11154704839872241, 
      0.9120887175343927
    ]
  }, 
  {
    "img": "/media/hdd/YCBvideo/YCB_Video_Dataset/YCB_Video_Dataset/data/0055/000017-label.png", 
    "mask": "/media/hdd/YCBvideo/YCB_Video_Dataset/Generated_YCB_Video_Dataset/mask/0055/000017-mask-01.png", 
    "depth_minmax": [
      0.912, 
      1.055
    ], 
    "model": "/media/hdd/YCBvideo/YCB_Video_Dataset/YCB_Video_Dataset/models/025_mug/textured.obj", 
    "rot_mat": [
      [
        0.42175995520097187, 
        0.9061656535427948, 
        -0.031349229284462175
      ], 
      [
        0.5114060177059491, 
        -0.26629164845924974, 
        -0.817039165361585
      ], 
      [
        -0.7487201251498574, 
        0.3285623189161629, 
        -0.5757301717576093
      ]
    ], 
    "trans_mat": [
      -0.09242465447158868, 
      0.0649981342913837, 
      0.9697970106759596
    ]
  }, 
  {
    "img": "/media/hdd/YCBvideo/YCB_Video_Dataset/YCB_Video_Dataset/data/0055/000018-label.png", 
    "mask": "/media/hdd/YCBvideo/YCB_Video_Dataset/Generated_YCB_Video_Dataset/mask/0055/000018-mask-00.png", 
    "depth_minmax": [
      0.837, 
      0.95
    ], 
    "model": "/media/hdd/YCBvideo/YCB_Video_Dataset/YCB_Video_Dataset/models/002_master_chef_can/textured.obj", 
    "rot_mat": [
      [
        -0.5159729238305898, 
        0.8564702640731731, 
        0.015189707166667833
      ], 
      [
        0.4589058722896807, 
        0.29134995162209837, 
        -0.8393582339652607
      ], 
      [
        -0.7233100478709923, 
        -0.4261156348735854, 
        -0.5433681178328644
      ]
    ], 
    "trans_mat": [
      0.10165460244996005, 
      0.11029120830682299, 
      0.9131784468146646
    ]
  }, 
  {
    "img": "/media/hdd/YCBvideo/YCB_Video_Dataset/YCB_Video_Dataset/data/0055/000018-label.png", 
    "mask": "/media/hdd/YCBvideo/YCB_Video_Dataset/Generated_YCB_Video_Dataset/mask/0055/000018-mask-01.png", 
    "depth_minmax": [
      0.914, 
      1.035
    ], 
    "model": "/media/hdd/YCBvideo/YCB_Video_Dataset/YCB_Video_Dataset/models/025_mug/textured.obj", 
    "rot_mat": [
      [
        0.42394954143592145, 
        0.9052515327834902, 
        -0.02805121137311715
      ], 
      [
        0.5117083079315989, 
        -0.26496992976521344, 
        -0.8172799126840756
      ], 
      [
        -0.7472754703341101, 
        0.332130615543596, 
        -0.5755590508826647
      ]
    ], 
    "trans_mat": [
      -0.09568372036561931, 
      0.06349953412030278, 
      0.9701459810917674
    ]
  }, 
  {
    "img": "/media/hdd/YCBvideo/YCB_Video_Dataset/YCB_Video_Dataset/data/0055/000019-label.png", 
    "mask": "/media/hdd/YCBvideo/YCB_Video_Dataset/Generated_YCB_Video_Dataset/mask/0055/000019-mask-00.png", 
    "depth_minmax": [
      0.839, 
      0.951
    ], 
    "model": "/media/hdd/YCBvideo/YCB_Video_Dataset/YCB_Video_Dataset/models/002_master_chef_can/textured.obj", 
    "rot_mat": [
      [
        -0.5148984468265893, 
        0.8571573000441733, 
        0.01272211626482109
      ], 
      [
        0.4603228015065316, 
        0.28897695530590345, 
        -0.8394024436493513
      ], 
      [
        -0.7231763263982061, 
        -0.4263503167886293, 
        -0.5433620896021016
      ]
    ], 
    "trans_mat": [
      0.09953566991355653, 
      0.10894954841815943, 
      0.9137264397257102
    ]
  }, 
  {
    "img": "/media/hdd/YCBvideo/YCB_Video_Dataset/YCB_Video_Dataset/data/0055/000019-label.png", 
    "mask": "/media/hdd/YCBvideo/YCB_Video_Dataset/Generated_YCB_Video_Dataset/mask/0055/000019-mask-01.png", 
    "depth_minmax": [
      0.917, 
      1.038
    ], 
    "model": "/media/hdd/YCBvideo/YCB_Video_Dataset/YCB_Video_Dataset/models/025_mug/textured.obj", 
    "rot_mat": [
      [
        0.425160246839088, 
        0.9046058748455369, 
        -0.030466338222990278
      ], 
      [
        0.5105266726672819, 
        -0.2674677059274721, 
        -0.8172050180377691
      ], 
      [
        -0.7473960742494621, 
        0.33188948446198097, 
        -0.5755416183753987
      ]
    ], 
    "trans_mat": [
      -0.09791589259407318, 
      0.06270412665439949, 
      0.9707478011775872
    ]
  }, 
  {
    "img": "/media/hdd/YCBvideo/YCB_Video_Dataset/YCB_Video_Dataset/data/0055/000020-label.png", 
    "mask": "/media/hdd/YCBvideo/YCB_Video_Dataset/Generated_YCB_Video_Dataset/mask/0055/000020-mask-00.png", 
    "depth_minmax": [
      0.839, 
      0.953
    ], 
    "model": "/media/hdd/YCBvideo/YCB_Video_Dataset/YCB_Video_Dataset/models/002_master_chef_can/textured.obj", 
    "rot_mat": [
      [
        -0.5114457555498015, 
        0.8592494582221353, 
        0.01067666020138465
      ], 
      [
        0.4601386313011599, 
        0.2843370247016541, 
        -0.8410862578272591
      ], 
      [
        -0.7257382520334844, 
        -0.425257253463845, 
        -0.5407965592422702
      ]
    ], 
    "trans_mat": [
      0.09699140474692725, 
      0.1095500233325892, 
      0.9161748094355936
    ]
  }, 
  {
    "img": "/media/hdd/YCBvideo/YCB_Video_Dataset/YCB_Video_Dataset/data/0055/000020-label.png", 
    "mask": "/media/hdd/YCBvideo/YCB_Video_Dataset/Generated_YCB_Video_Dataset/mask/0055/000020-mask-01.png", 
    "depth_minmax": [
      0.919, 
      1.033
    ], 
    "model": "/media/hdd/YCBvideo/YCB_Video_Dataset/YCB_Video_Dataset/models/025_mug/textured.obj", 
    "rot_mat": [
      [
        0.4288545698279898, 
        0.9027944713648881, 
        -0.032351241187667086
      ], 
      [
        0.5065988467975892, 
        -0.26999137543763474, 
        -0.818817893014491
      ], 
      [
        -0.747957776389146, 
        0.33476436103009305, 
        -0.5731416663450556
      ]
    ], 
    "trans_mat": [
      -0.10076880995332632, 
      0.06424853213723214, 
      0.9728833671356324
    ]
  }, 
  {
    "img": "/media/hdd/YCBvideo/YCB_Video_Dataset/YCB_Video_Dataset/data/0055/000021-label.png", 
    "mask": "/media/hdd/YCBvideo/YCB_Video_Dataset/Generated_YCB_Video_Dataset/mask/0055/000021-mask-00.png", 
    "depth_minmax": [
      0.842, 
      0.954
    ], 
    "model": "/media/hdd/YCBvideo/YCB_Video_Dataset/YCB_Video_Dataset/models/002_master_chef_can/textured.obj", 
    "rot_mat": [
      [
        -0.5107101603055013, 
        0.8596311227776021, 
        0.01445043271585269
      ], 
      [
        0.4577473047920509, 
        0.2860997490741498, 
        -0.8417933309852039
      ], 
      [
        -0.727766211096346, 
        -0.42329756661135115, 
        -0.5396081364786712
      ]
    ], 
    "trans_mat": [
      0.09138166152585489, 
      0.1074342942535961, 
      0.9171917997542397
    ]
  }, 
  {
    "img": "/media/hdd/YCBvideo/YCB_Video_Dataset/YCB_Video_Dataset/data/0055/000021-label.png", 
    "mask": "/media/hdd/YCBvideo/YCB_Video_Dataset/Generated_YCB_Video_Dataset/mask/0055/000021-mask-01.png", 
    "depth_minmax": [
      0.918, 
      1.038
    ], 
    "model": "/media/hdd/YCBvideo/YCB_Video_Dataset/YCB_Video_Dataset/models/025_mug/textured.obj", 
    "rot_mat": [
      [
        0.4295167761126525, 
        0.9026073029500981, 
        -0.02854932420280053
      ], 
      [
        0.5067440303636533, 
        -0.2670674171607578, 
        -0.8196867914984332
      ], 
      [
        -0.7474790102077932, 
        0.33760229881943565, 
        -0.5721013616709473
      ]
    ], 
    "trans_mat": [
      -0.1064086459491132, 
      0.06167068901180526, 
      0.9734218009675882
    ]
  }, 
  {
    "img": "/media/hdd/YCBvideo/YCB_Video_Dataset/YCB_Video_Dataset/data/0055/000022-label.png", 
    "mask": "/media/hdd/YCBvideo/YCB_Video_Dataset/Generated_YCB_Video_Dataset/mask/0055/000022-mask-00.png", 
    "depth_minmax": [
      0.842, 
      0.954
    ], 
    "model": "/media/hdd/YCBvideo/YCB_Video_Dataset/YCB_Video_Dataset/models/002_master_chef_can/textured.obj", 
    "rot_mat": [
      [
        -0.5116068614837229, 
        0.8591181781339788, 
        0.013193669354955861
      ], 
      [
        0.4582917916171516, 
        0.28583864988809904, 
        -0.8415852584307832
      ], 
      [
        -0.7267930216369608, 
        -0.4245148174346472, 
        -0.539963615171667
      ]
    ], 
    "trans_mat": [
      0.09283689836638473, 
      0.1065606554560775, 
      0.9172623225300758
    ]
  }, 
  {
    "img": "/media/hdd/YCBvideo/YCB_Video_Dataset/YCB_Video_Dataset/data/0055/000022-label.png", 
    "mask": "/media/hdd/YCBvideo/YCB_Video_Dataset/Generated_YCB_Video_Dataset/mask/0055/000022-mask-01.png", 
    "depth_minmax": [
      0.917, 
      1.035
    ], 
    "model": "/media/hdd/YCBvideo/YCB_Video_Dataset/YCB_Video_Dataset/models/025_mug/textured.obj", 
    "rot_mat": [
      [
        0.4286130144211339, 
        0.9029951056016704, 
        -0.029845264411703147
      ], 
      [
        0.5068266731734651, 
        -0.26765249064922364, 
        -0.8194443207204763
      ], 
      [
        -0.7479423534809719, 
        0.33609829538676944, 
        -0.5723814509087581
      ]
    ], 
    "trans_mat": [
      -0.1048890593580043, 
      0.06087349786798662, 
      0.9737804009144039
    ]
  }, 
  {
    "img": "/media/hdd/YCBvideo/YCB_Video_Dataset/YCB_Video_Dataset/data/0055/000023-label.png", 
    "mask": "/media/hdd/YCBvideo/YCB_Video_Dataset/Generated_YCB_Video_Dataset/mask/0055/000023-mask-00.png", 
    "depth_minmax": [
      0.842, 
      0.95
    ], 
    "model": "/media/hdd/YCBvideo/YCB_Video_Dataset/YCB_Video_Dataset/models/002_master_chef_can/textured.obj", 
    "rot_mat": [
      [
        -0.5121508712771081, 
        0.8588370180482505, 
        0.009991447589283785
      ], 
      [
        0.45870387824751696, 
        0.2833377346753014, 
        -0.8422060928805635
      ], 
      [
        -0.7261489254147909, 
        -0.42675369136601676, 
        -0.5390639771364725
      ]
    ], 
    "trans_mat": [
      0.09454902433866116, 
      0.10527590791868867, 
      0.9167714055492583
    ]
  }, 
  {
    "img": "/media/hdd/YCBvideo/YCB_Video_Dataset/YCB_Video_Dataset/data/0055/000023-label.png", 
    "mask": "/media/hdd/YCBvideo/YCB_Video_Dataset/Generated_YCB_Video_Dataset/mask/0055/000023-mask-01.png", 
    "depth_minmax": [
      0.919, 
      1.033
    ], 
    "model": "/media/hdd/YCBvideo/YCB_Video_Dataset/YCB_Video_Dataset/models/025_mug/textured.obj", 
    "rot_mat": [
      [
        0.4281311945109139, 
        0.9031112334498594, 
        -0.03306762103295144
      ], 
      [
        0.5049893156554711, 
        -0.2694206464199148, 
        -0.819998909366985
      ], 
      [
        -0.7494588024191746, 
        0.3343683428507533, 
        -0.5714096425008836
      ]
    ], 
    "trans_mat": [
      -0.10315709545699395, 
      0.0601190697776196, 
      0.9737827566437878
    ]
  }, 
  {
    "img": "/media/hdd/YCBvideo/YCB_Video_Dataset/YCB_Video_Dataset/data/0055/000024-label.png", 
    "mask": "/media/hdd/YCBvideo/YCB_Video_Dataset/Generated_YCB_Video_Dataset/mask/0055/000024-mask-00.png", 
    "depth_minmax": [
      0.843, 
      0.953
    ], 
    "model": "/media/hdd/YCBvideo/YCB_Video_Dataset/YCB_Video_Dataset/models/002_master_chef_can/textured.obj", 
    "rot_mat": [
      [
        -0.5119340694563114, 
        0.858994122345972, 
        0.0072596289245621575
      ], 
      [
        0.461344071623551, 
        0.2820564505652563, 
        -0.8411934746855592
      ], 
      [
        -0.7246281631211803, 
        -0.42728698881612065, 
        -0.5406865397838281
      ]
    ], 
    "trans_mat": [
      0.09757016325752893, 
      0.10317935348179953, 
      0.9165240469353653
    ]
  }, 
  {
    "img": "/media/hdd/YCBvideo/YCB_Video_Dataset/YCB_Video_Dataset/data/0055/000024-label.png", 
    "mask": "/media/hdd/YCBvideo/YCB_Video_Dataset/Generated_YCB_Video_Dataset/mask/0055/000024-mask-01.png", 
    "depth_minmax": [
      0.919, 
      1.029
    ], 
    "model": "/media/hdd/YCBvideo/YCB_Video_Dataset/YCB_Video_Dataset/models/025_mug/textured.obj", 
    "rot_mat": [
      [
        0.42842885594354324, 
        0.9028668439143016, 
        -0.035785375086901536
      ], 
      [
        0.5053773381119808, 
        -0.27226591203154915, 
        -0.8188192448250985
      ], 
      [
        -0.7490277048897164, 
        0.3327205754529584, 
        -0.5729356995290931
      ]
    ], 
    "trans_mat": [
      -0.100174520459718, 
      0.058396376803946326, 
      0.9736966391695873
    ]
  }, 
  {
    "img": "/media/hdd/YCBvideo/YCB_Video_Dataset/YCB_Video_Dataset/data/0055/000025-label.png", 
    "mask": "/media/hdd/YCBvideo/YCB_Video_Dataset/Generated_YCB_Video_Dataset/mask/0055/000025-mask-00.png", 
    "depth_minmax": [
      0.842, 
      0.947
    ], 
