[
  {
    "img": "/media/hdd/YCBvideo/YCB_Video_Dataset/YCB_Video_Dataset/data/0056/000001-label.png", 
    "mask": "/media/hdd/YCBvideo/YCB_Video_Dataset/Generated_YCB_Video_Dataset/mask/0056/000001-mask-00.png", 
    "depth_minmax": [
      0.634, 
      0.769
    ], 
    "model": "/media/hdd/YCBvideo/YCB_Video_Dataset/YCB_Video_Dataset/models/019_pitcher_base/textured.obj", 
    "rot_mat": [
      [
        -0.7630850378965286, 
        -0.6459310027194527, 
        0.021784917094012195
      ], 
      [
        -0.23791608153732055, 
        0.24940775817574404, 
        -0.9387177934933404
      ], 
      [
        0.6009142146924277, 
        -0.7215054182161463, 
        -0.3439961790363487
      ]
    ], 
    "trans_mat": [
      0.028755663056328908, 
      -0.01567664013267329, 
      0.7229030094315807
    ]
  }, 
  {
    "img": "/media/hdd/YCBvideo/YCB_Video_Dataset/YCB_Video_Dataset/data/0056/000002-label.png", 
    "mask": "/media/hdd/YCBvideo/YCB_Video_Dataset/Generated_YCB_Video_Dataset/mask/0056/000002-mask-00.png", 
    "depth_minmax": [
      0.634, 
      0.771
    ], 
    "model": "/media/hdd/YCBvideo/YCB_Video_Dataset/YCB_Video_Dataset/models/019_pitcher_base/textured.obj", 
    "rot_mat": [
      [
        -0.7631863570546022, 
        -0.6458719859544163, 
        0.01989327330648387
      ], 
      [
        -0.23669500105828992, 
        0.2507762540228529, 
        -0.938662118413383
      ], 
      [
        0.601267020432368, 
        -0.7210836577446706, 
        -0.344263373543896
      ]
    ], 
    "trans_mat": [
      0.02939411043747856, 
      -0.016244001011778655, 
      0.7229036623856315
    ]
  }, 
  {
    "img": "/media/hdd/YCBvideo/YCB_Video_Dataset/YCB_Video_Dataset/data/0056/000003-label.png", 
    "mask": "/media/hdd/YCBvideo/YCB_Video_Dataset/Generated_YCB_Video_Dataset/mask/0056/000003-mask-00.png", 
    "depth_minmax": [
      0.634, 
      0.771
    ], 
    "model": "/media/hdd/YCBvideo/YCB_Video_Dataset/YCB_Video_Dataset/models/019_pitcher_base/textured.obj", 
    "rot_mat": [
      [
        -0.762789067185149, 
        -0.6463504985196726, 
        0.019590688543639122
      ], 
      [
        -0.23682394708001658, 
        0.2510396606696522, 
        -0.9385590532971909
      ], 
      [
        0.6017206566620615, 
        -0.7205628351820191, 
        -0.34456142317956306
      ]
    ], 
    "trans_mat": [
      0.029776259548197577, 
      -0.016295157374807995, 
      0.7228318325149167
    ]
  }, 
  {
    "img": "/media/hdd/YCBvideo/YCB_Video_Dataset/YCB_Video_Dataset/data/0056/000004-label.png", 
    "mask": "/media/hdd/YCBvideo/YCB_Video_Dataset/Generated_YCB_Video_Dataset/mask/0056/000004-mask-00.png", 
    "depth_minmax": [
      0.634, 
      0.771
    ], 
    "model": "/media/hdd/YCBvideo/YCB_Video_Dataset/YCB_Video_Dataset/models/019_pitcher_base/textured.obj", 
    "rot_mat": [
      [
        -0.7630975382725554, 
        -0.6459710905061001, 
        0.02008880298744952
      ], 
      [
        -0.23715859299745387, 
        0.2509735774205315, 
        -0.9384922122089946
      ], 
      [
        0.6011979759861867, 
        -0.7209256253368397, 
        -0.34471533443975255
      ]
    ], 
    "trans_mat": [
      0.029882029938208564, 
      -0.016598921854390318, 
      0.7228054722925966
    ]
  }, 
  {
    "img": "/media/hdd/YCBvideo/YCB_Video_Dataset/YCB_Video_Dataset/data/0056/000005-label.png", 
    "mask": "/media/hdd/YCBvideo/YCB_Video_Dataset/Generated_YCB_Video_Dataset/mask/0056/000005-mask-00.png", 
    "depth_minmax": [
      0.634, 
      0.771
    ], 
    "model": "/media/hdd/YCBvideo/YCB_Video_Dataset/YCB_Video_Dataset/models/019_pitcher_base/textured.obj", 
    "rot_mat": [
      [
        -0.7625214780415421, 
        -0.6465958658264062, 
        0.02178407126074538
      ], 
      [
        -0.2388785988643554, 
        0.2500945833796421, 
        -0.9382903782416893
      ], 
      [
        0.6012469763376651, 
        -0.7206711312879496, 
        -0.3451605102261646
      ]
    ], 
    "trans_mat": [
      0.03058690966922529, 
      -0.016917609229283162, 
      0.7227010126307172
    ]
  }, 
  {
    "img": "/media/hdd/YCBvideo/YCB_Video_Dataset/YCB_Video_Dataset/data/0056/000006-label.png", 
    "mask": "/media/hdd/YCBvideo/YCB_Video_Dataset/Generated_YCB_Video_Dataset/mask/0056/000006-mask-00.png", 
    "depth_minmax": [
      0.634, 
      0.771
    ], 
    "model": "/media/hdd/YCBvideo/YCB_Video_Dataset/YCB_Video_Dataset/models/019_pitcher_base/textured.obj", 
    "rot_mat": [
      [
        -0.7625358257967066, 
        -0.646625653218874, 
        0.020363432635155717
      ], 
      [
        -0.23810021014303367, 
        0.2512349089312631, 
        -0.9381840023575071
      ], 
      [
        0.6015389631866284, 
        -0.7202470543288665, 
        -0.3455374861246216
      ]
    ], 
    "trans_mat": [
      0.030447437134309065, 
      -0.017568153668660196, 
      0.7227769405373455
    ]
  }, 
  {
    "img": "/media/hdd/YCBvideo/YCB_Video_Dataset/YCB_Video_Dataset/data/0056/000007-label.png", 
    "mask": "/media/hdd/YCBvideo/YCB_Video_Dataset/Generated_YCB_Video_Dataset/mask/0056/000007-mask-00.png", 
    "depth_minmax": [
      0.634, 
      0.767
    ], 
    "model": "/media/hdd/YCBvideo/YCB_Video_Dataset/YCB_Video_Dataset/models/019_pitcher_base/textured.obj", 
    "rot_mat": [
      [
        -0.7633080265400722, 
        -0.6457845451104859, 
        0.017974965626973927
      ], 
      [
        -0.23503018726675207, 
        0.25166999520224387, 
        -0.9388407459562119
      ], 
      [
        0.6017659690857791, 
        -0.7208496404943362, 
        -0.3438800738251549
      ]
    ], 
    "trans_mat": [
      0.03040801188005264, 
      -0.01750187650203099, 
      0.7229638320808046
    ]
  }, 
  {
    "img": "/media/hdd/YCBvideo/YCB_Video_Dataset/YCB_Video_Dataset/data/0056/000008-label.png", 
    "mask": "/media/hdd/YCBvideo/YCB_Video_Dataset/Generated_YCB_Video_Dataset/mask/0056/000008-mask-00.png", 
    "depth_minmax": [
      0.635, 
      0.77
    ], 
    "model": "/media/hdd/YCBvideo/YCB_Video_Dataset/YCB_Video_Dataset/models/019_pitcher_base/textured.obj", 
    "rot_mat": [
      [
        -0.7630651571981245, 
        -0.6460590804841788, 
        0.01842246485076548
      ], 
      [
        -0.23493813562932106, 
        0.2507077302084409, 
        -0.9391215309262635
      ], 
      [
        0.6021101403104224, 
        -0.7209388222267596, 
        -0.343090092963067
      ]
    ], 
    "trans_mat": [
      0.030511205560773295, 
      -0.017003469221199184, 
      0.7231305669504875
    ]
  }, 
  {
    "img": "/media/hdd/YCBvideo/YCB_Video_Dataset/YCB_Video_Dataset/data/0056/000009-label.png", 
    "mask": "/media/hdd/YCBvideo/YCB_Video_Dataset/Generated_YCB_Video_Dataset/mask/0056/000009-mask-00.png", 
    "depth_minmax": [
      0.636, 
      0.772
    ], 
    "model": "/media/hdd/YCBvideo/YCB_Video_Dataset/YCB_Video_Dataset/models/019_pitcher_base/textured.obj", 
    "rot_mat": [
      [
        -0.7635869857081761, 
        -0.6454815697285244, 
        0.016968498655097013
      ], 
      [
        -0.23414375553333247, 
        0.25230368151840493, 
        -0.9388927244762131
      ], 
      [
        0.6017569310536255, 
        -0.7208995518493939, 
        -0.34379092872414263
      ]
    ], 
    "trans_mat": [
      0.030506331913028872, 
      -0.01652971637031025, 
      0.7233621838519593
    ]
  }, 
  {
    "img": "/media/hdd/YCBvideo/YCB_Video_Dataset/YCB_Video_Dataset/data/0056/000010-label.png", 
    "mask": "/media/hdd/YCBvideo/YCB_Video_Dataset/Generated_YCB_Video_Dataset/mask/0056/000010-mask-00.png", 
    "depth_minmax": [
      0.636, 
      0.772
    ], 
    "model": "/media/hdd/YCBvideo/YCB_Video_Dataset/YCB_Video_Dataset/models/019_pitcher_base/textured.obj", 
    "rot_mat": [
      [
        -0.7633578905124211, 
        -0.645714456241107, 
        0.018345324738769552
      ], 
      [
        -0.2343700383605214, 
        0.25038191903169466, 
        -0.9393499096451343
      ], 
      [
        0.6019597243269679, 
        -0.721360276780347, 
        -0.3424677694603361
      ]
    ], 
    "trans_mat": [
      0.03142773425974287, 
      -0.015419865748921156, 
      0.7235285627039241
    ]
  }, 
  {
    "img": "/media/hdd/YCBvideo/YCB_Video_Dataset/YCB_Video_Dataset/data/0056/000011-label.png", 
    "mask": "/media/hdd/YCBvideo/YCB_Video_Dataset/Generated_YCB_Video_Dataset/mask/0056/000011-mask-00.png", 
    "depth_minmax": [
      0.636, 
      0.773
    ], 
    "model": "/media/hdd/YCBvideo/YCB_Video_Dataset/YCB_Video_Dataset/models/019_pitcher_base/textured.obj", 
    "rot_mat": [
      [
        -0.7634049162364168, 
        -0.6456426072569845, 
        0.018911003238157052
      ], 
      [
        -0.2336812805629281, 
        0.248772222571159, 
        -0.9399498833805922
      ], 
      [
        0.6021679207948436, 
        -0.7219820451331085, 
        -0.34078903699624874
      ]
    ], 
    "trans_mat": [
      0.03134634109212478, 
      -0.01499934393425973, 
      0.723805717296041
    ]
  }, 
  {
    "img": "/media/hdd/YCBvideo/YCB_Video_Dataset/YCB_Video_Dataset/data/0056/000012-label.png", 
    "mask": "/media/hdd/YCBvideo/YCB_Video_Dataset/Generated_YCB_Video_Dataset/mask/0056/000012-mask-00.png", 
    "depth_minmax": [
      0.635, 
      0.775
    ], 
    "model": "/media/hdd/YCBvideo/YCB_Video_Dataset/YCB_Video_Dataset/models/019_pitcher_base/textured.obj", 
    "rot_mat": [
      [
        -0.7629800502904903, 
        -0.6461295541471375, 
        0.019446210247069308
      ], 
      [
        -0.23425445811906626, 
        0.24832997441314053, 
        -0.9399238253865912
      ], 
      [
        0.6024847809288666, 
        -0.7216984121297492, 
        -0.34082906467142243
      ]
    ], 
    "trans_mat": [
      0.03205226899265432, 
      -0.014462380154378673, 
      0.7237806498389936
    ]
  }, 
  {
    "img": "/media/hdd/YCBvideo/YCB_Video_Dataset/YCB_Video_Dataset/data/0056/000013-label.png", 
    "mask": "/media/hdd/YCBvideo/YCB_Video_Dataset/Generated_YCB_Video_Dataset/mask/0056/000013-mask-00.png", 
    "depth_minmax": [
      0.636, 
      0.773
    ], 
    "model": "/media/hdd/YCBvideo/YCB_Video_Dataset/YCB_Video_Dataset/models/019_pitcher_base/textured.obj", 
    "rot_mat": [
      [
        -0.7618101006179936, 
        -0.6475285272986195, 
        0.01878479562772432
      ], 
      [
        -0.23458400119216266, 
        0.24872352647585713, 
        -0.9397378750298739
      ], 
      [
        0.6038345258796098, 
        -0.720308322705556, 
        -0.34138004191049803
      ]
    ], 
    "trans_mat": [
      0.03375091757176695, 
      -0.014170703112631355, 
      0.7236091568546802
    ]
  }, 
  {
    "img": "/media/hdd/YCBvideo/YCB_Video_Dataset/YCB_Video_Dataset/data/0056/000014-label.png", 
    "mask": "/media/hdd/YCBvideo/YCB_Video_Dataset/Generated_YCB_Video_Dataset/mask/0056/000014-mask-00.png", 
    "depth_minmax": [
      0.636, 
      0.772
    ], 
    "model": "/media/hdd/YCBvideo/YCB_Video_Dataset/YCB_Video_Dataset/models/019_pitcher_base/textured.obj", 
    "rot_mat": [
      [
        -0.7609681759837087, 
        -0.648514468049897, 
        0.01888050840874656
      ], 
      [
        -0.23402814283243706, 
        0.24723437182867003, 
        -0.9402691570690032
      ], 
      [
        0.6051106813416208, 
        -0.7199336724936517, 
        -0.33990787410869505
      ]
    ], 
    "trans_mat": [
      0.03498693835186443, 
      -0.013925230156916104, 
      0.7235126541462711
    ]
  }, 
  {
    "img": "/media/hdd/YCBvideo/YCB_Video_Dataset/YCB_Video_Dataset/data/0056/000015-label.png", 
    "mask": "/media/hdd/YCBvideo/YCB_Video_Dataset/Generated_YCB_Video_Dataset/mask/0056/000015-mask-00.png", 
    "depth_minmax": [
      0.635, 
      0.763
    ], 
    "model": "/media/hdd/YCBvideo/YCB_Video_Dataset/YCB_Video_Dataset/models/019_pitcher_base/textured.obj", 
    "rot_mat": [
      [
        -0.7613406391638279, 
        -0.6481036639612238, 
        0.017920171785435448
      ], 
      [
        -0.23415727275082202, 
        0.24908487548101924, 
        -0.9397487668673636
      ], 
      [
        0.6045919715886198, 
        -0.7196650660305847, 
        -0.3413969277468653
      ]
    ], 
    "trans_mat": [
      0.03567394377231009, 
      -0.014043478060449763, 
      0.7232627294395432
    ]
  }, 
  {
    "img": "/media/hdd/YCBvideo/YCB_Video_Dataset/YCB_Video_Dataset/data/0056/000016-label.png", 
    "mask": "/media/hdd/YCBvideo/YCB_Video_Dataset/Generated_YCB_Video_Dataset/mask/0056/000016-mask-00.png", 
    "depth_minmax": [
      0.635, 
      0.765
    ], 
    "model": "/media/hdd/YCBvideo/YCB_Video_Dataset/YCB_Video_Dataset/models/019_pitcher_base/textured.obj", 
    "rot_mat": [
      [
        -0.7604946827212022, 
        -0.6489720754473922, 
        0.021961891076633294
      ], 
      [
        -0.23724376710971895, 
        0.2462110966267041, 
        -0.9397313772758559
      ], 
      [
        0.6044534648542799, 
        -0.719871602922858, 
        -0.3412064906546797
      ]
    ], 
    "trans_mat": [
      0.03681597131781144, 
      -0.01360347543504592, 
      0.7233815571556432
    ]
  }, 
  {
    "img": "/media/hdd/YCBvideo/YCB_Video_Dataset/YCB_Video_Dataset/data/0056/000017-label.png", 
    "mask": "/media/hdd/YCBvideo/YCB_Video_Dataset/Generated_YCB_Video_Dataset/mask/0056/000017-mask-00.png", 
    "depth_minmax": [
      0.636, 
      0.766
    ], 
    "model": "/media/hdd/YCBvideo/YCB_Video_Dataset/YCB_Video_Dataset/models/019_pitcher_base/textured.obj", 
    "rot_mat": [
      [
        -0.7603369435264395, 
        -0.649105897025741, 
        0.023449034967228964
      ], 
      [
        -0.23840073114751922, 
        0.24530732949183504, 
        -0.9396746953813307
      ], 
      [
        0.6041962714221415, 
        -0.7200604492245473, 
        -0.3412635665046163
      ]
    ], 
    "trans_mat": [
      0.0366712042475841, 
      -0.013445819297611218, 
      0.7235734416465869
    ]
  }, 
  {
    "img": "/media/hdd/YCBvideo/YCB_Video_Dataset/YCB_Video_Dataset/data/0056/000018-label.png", 
    "mask": "/media/hdd/YCBvideo/YCB_Video_Dataset/Generated_YCB_Video_Dataset/mask/0056/000018-mask-00.png", 
    "depth_minmax": [
      0.635, 
      0.766
    ], 
    "model": "/media/hdd/YCBvideo/YCB_Video_Dataset/YCB_Video_Dataset/models/019_pitcher_base/textured.obj", 
    "rot_mat": [
      [
        -0.76094190596151, 
        -0.6483807520075532, 
        0.023875551974155664
      ], 
      [
        -0.238501940930923, 
        0.2453051534389034, 
        -0.9396496067086415
      ], 
      [
        0.6033948149324521, 
        -0.720712835454753, 
        -0.34130277009988985
      ]
    ], 
    "trans_mat": [
      0.03685894584186777, 
      -0.013528136575961903, 
      0.7236754712607529
    ]
  }, 
  {
    "img": "/media/hdd/YCBvideo/YCB_Video_Dataset/YCB_Video_Dataset/data/0056/000019-label.png", 
    "mask": "/media/hdd/YCBvideo/YCB_Video_Dataset/Generated_YCB_Video_Dataset/mask/0056/000019-mask-00.png", 
    "depth_minmax": [
      0.636, 
      0.763
    ], 
    "model": "/media/hdd/YCBvideo/YCB_Video_Dataset/YCB_Video_Dataset/models/019_pitcher_base/textured.obj", 
    "rot_mat": [
      [
        -0.761006416134026, 
        -0.6482394433217294, 
        0.025569461262308676
      ], 
      [
        -0.24026896535581124, 
        0.2450165853571059, 
        -0.9392746939973088
      ], 
      [
        0.602611192333723, 
        -0.7209388034818169, 
        -0.3422102964516668
      ]
    ], 
    "trans_mat": [
      0.036659298937087366, 
      -0.01360338933147466, 
      0.7239191718530881
    ]
  }, 
  {
    "img": "/media/hdd/YCBvideo/YCB_Video_Dataset/YCB_Video_Dataset/data/0056/000020-label.png", 
    "mask": "/media/hdd/YCBvideo/YCB_Video_Dataset/Generated_YCB_Video_Dataset/mask/0056/000020-mask-00.png", 
    "depth_minmax": [
      0.636, 
      0.774
    ], 
    "model": "/media/hdd/YCBvideo/YCB_Video_Dataset/YCB_Video_Dataset/models/019_pitcher_base/textured.obj", 
    "rot_mat": [
      [
        -0.7618816540226283, 
        -0.6472247072388118, 
        0.02523858875119173
      ], 
      [
        -0.23888128682325313, 
        0.2445540587182007, 
        -0.9397493738929233
      ], 
      [
        0.6020566320939997, 
        -0.7220072572492587, 
        -0.3409305014034249
      ]
    ], 
    "trans_mat": [
      0.036072038197862234, 
      -0.01337980565568884, 
      0.7241798001854024
    ]
  }, 
  {
    "img": "/media/hdd/YCBvideo/YCB_Video_Dataset/YCB_Video_Dataset/data/0056/000021-label.png", 
    "mask": "/media/hdd/YCBvideo/YCB_Video_Dataset/Generated_YCB_Video_Dataset/mask/0056/000021-mask-00.png", 
    "depth_minmax": [
      0.637, 
      0.772
    ], 
    "model": "/media/hdd/YCBvideo/YCB_Video_Dataset/YCB_Video_Dataset/models/019_pitcher_base/textured.obj", 
    "rot_mat": [
      [
        -0.7622419194821698, 
        -0.6468003096388251, 
        0.025215126397246757
      ], 
      [
        -0.2380689769000012, 
        0.24390951030716548, 
        -0.9401231480545935
      ], 
      [
        0.6019222989912333, 
        -0.7226041185223744, 
        -0.3399007566678853
      ]
    ], 
    "trans_mat": [
      0.03580423826321504, 
      -0.012587809365714147, 
      0.72447639294587
    ]
  }, 
  {
    "img": "/media/hdd/YCBvideo/YCB_Video_Dataset/YCB_Video_Dataset/data/0056/000022-label.png", 
    "mask": "/media/hdd/YCBvideo/YCB_Video_Dataset/Generated_YCB_Video_Dataset/mask/0056/000022-mask-00.png", 
    "depth_minmax": [
      0.637, 
      0.773
    ], 
    "model": "/media/hdd/YCBvideo/YCB_Video_Dataset/YCB_Video_Dataset/models/019_pitcher_base/textured.obj", 
    "rot_mat": [
      [
        -0.7620675231439574, 
        -0.6469933191834786, 
        0.025548528221497255
      ], 
      [
        -0.23781634273241833, 
        0.2429782743766511, 
        -0.940428114608816
      ], 
      [
        0.6022436470723165, 
        -0.7227453830697618, 
        -0.3390315489001175
      ]
    ], 
    "trans_mat": [
      0.036215061844788766, 
      -0.011671094934673049, 
      0.7247514036796436
    ]
  }, 
  {
    "img": "/media/hdd/YCBvideo/YCB_Video_Dataset/YCB_Video_Dataset/data/0056/000023-label.png", 
    "mask": "/media/hdd/YCBvideo/YCB_Video_Dataset/Generated_YCB_Video_Dataset/mask/0056/000023-mask-00.png", 
    "depth_minmax": [
      0.637, 
      0.773
    ], 
    "model": "/media/hdd/YCBvideo/YCB_Video_Dataset/YCB_Video_Dataset/models/019_pitcher_base/textured.obj", 
    "rot_mat": [
      [
        -0.7628398008332028, 
        -0.6460491139945307, 
        0.026378415987847764
      ], 
      [
        -0.23810412465463032, 
        0.24275008236973583, 
        -0.9404141822158252
      ], 
      [
        0.6011510805769001, 
        -0.7236665086676113, 
        -0.33900673888231253
      ]
    ], 
    "trans_mat": [
      0.036092194673542945, 
      -0.01186343867878263, 
      0.724999246455182
    ]
  }, 
  {
    "img": "/media/hdd/YCBvideo/YCB_Video_Dataset/YCB_Video_Dataset/data/0056/000024-label.png", 
    "mask": "/media/hdd/YCBvideo/YCB_Video_Dataset/Generated_YCB_Video_Dataset/mask/0056/000024-mask-00.png", 
    "depth_minmax": [
      0.637, 
      0.774
    ], 
    "model": "/media/hdd/YCBvideo/YCB_Video_Dataset/YCB_Video_Dataset/models/019_pitcher_base/textured.obj", 
    "rot_mat": [
      [
        -0.7632736135071849, 
        -0.6454924983545114, 
        0.027434015608892342
      ], 
      [
        -0.23859938313839502, 
        0.24216605369957092, 
        -0.9404396049085014
      ], 
      [
        0.600403872239695, 
        -0.7243580564019044, 
        -0.3388525182981312
      ]
    ], 
    "trans_mat": [
      0.0363869863199363, 
      -0.0114521078969428, 
      0.72538183452255
    ]
  }, 
  {
    "img": "/media/hdd/YCBvideo/YCB_Video_Dataset/YCB_Video_Dataset/data/0056/000025-label.png", 
    "mask": "/media/hdd/YCBvideo/YCB_Video_Dataset/Generated_YCB_Video_Dataset/mask/0056/000025-mask-00.png", 
    "depth_minmax": [
      0.637, 
      0.775
    ], 
    "model": "/media/hdd/YCBvideo/YCB_Video_Dataset/YCB_Video_Dataset/models/019_pitcher_base/textured.obj", 
    "rot_mat": [
      [
        -0.7627477231656412, 
        -0.6460766421224633, 
        0.028310392257517258
      ], 
      [
        -0.23843666589120538, 
        0.24026202681070186, 
        -0.9409684909324071
      ], 
      [
        0.6011365916192898, 
        -0.7244719119795543, 
        -0.33730764288075504
      ]
    ], 
    "trans_mat": [
      0.03703484066878649, 
      -0.010892161238554266, 
      0.7256339158247177
    ]
  }, 
  {
    "img": "/media/hdd/YCBvideo/YCB_Video_Dataset/YCB_Video_Dataset/data/0056/000026-label.png", 
    "mask": "/media/hdd/YCBvideo/YCB_Video_Dataset/Generated_YCB_Video_Dataset/mask/0056/000026-mask-00.png", 
    "depth_minmax": [
      0.638, 
      0.776
    ], 
    "model": "/media/hdd/YCBvideo/YCB_Video_Dataset/YCB_Video_Dataset/models/019_pitcher_base/textured.obj", 
    "rot_mat": [
      [
        -0.7633733402088977, 
        -0.6453302041787408, 
        0.028441915040843365
      ], 
      [
        -0.23800281986442687, 
        0.24005897589793132, 
        -0.9411304910024689
      ], 
      [
        0.6005125234062312, 
        -0.7252033232302174, 
        -0.33684518521860496
      ]
    ], 
    "trans_mat": [
      0.037765045781254995, 
      -0.010149590055970025, 
      0.7260286210115794
    ]
  }, 
  {
    "img": "/media/hdd/YCBvideo/YCB_Video_Dataset/YCB_Video_Dataset/data/0056/000027-label.png", 
    "mask": "/media/hdd/YCBvideo/YCB_Video_Dataset/Generated_YCB_Video_Dataset/mask/0056/000027-mask-00.png", 
    "depth_minmax": [
      0.638, 
      0.772
    ], 
    "model": "/media/hdd/YCBvideo/YCB_Video_Dataset/YCB_Video_Dataset/models/019_pitcher_base/textured.obj", 
    "rot_mat": [
      [
        -0.7632735749344253, 
        -0.6454035571273768, 
        0.029459404708065646
      ], 
      [
        -0.23872952725765903, 
        0.23937108746964547, 
        -0.9411218821508128
      ], 
      [
        0.6003520118115014, 
        -0.7253658578104368, 
        -0.3367819002691401
      ]
    ], 
    "trans_mat": [
      0.038447332056875054, 
      -0.010313710673138245, 
      0.7262424740627783
    ]
  }, 
  {
    "img": "/media/hdd/YCBvideo/YCB_Video_Dataset/YCB_Video_Dataset/data/0056/000028-label.png", 
    "mask": "/media/hdd/YCBvideo/YCB_Video_Dataset/Generated_YCB_Video_Dataset/mask/0056/000028-mask-00.png", 
    "depth_minmax": [
      0.638, 
      0.776
    ], 
    "model": "/media/hdd/YCBvideo/YCB_Video_Dataset/YCB_Video_Dataset/models/019_pitcher_base/textured.obj", 
    "rot_mat": [
      [
        -0.7634485435889811, 
        -0.6451819812631056, 
        0.029780789299702497
      ], 
      [
        -0.2388747934996925, 
        0.2392213392159576, 
        -0.9411224585843161
      ], 
      [
        0.6000718895442931, 
        -0.7256129386910382, 
        -0.33675050868750933
      ]
    ], 
    "trans_mat": [
      0.03932800020627184, 
      -0.010177848878869668, 
      0.7265120271087329
    ]
  }, 
  {
    "img": "/media/hdd/YCBvideo/YCB_Video_Dataset/YCB_Video_Dataset/data/0056/000029-label.png", 
    "mask": "/media/hdd/YCBvideo/YCB_Video_Dataset/Generated_YCB_Video_Dataset/mask/0056/000029-mask-00.png", 
    "depth_minmax": [
      0.639, 
      0.767
    ], 
    "model": "/media/hdd/YCBvideo/YCB_Video_Dataset/YCB_Video_Dataset/models/019_pitcher_base/textured.obj", 
    "rot_mat": [
      [
        -0.7632088105768755, 
        -0.6453642901619571, 
        0.03188051834379235
      ], 
      [
        -0.23995607353659648, 
        0.237270484400941, 
        -0.9413417730394606
      ], 
      [
        0.599944691066205, 
        -0.7260905787050016, 
        -0.3359466769461552
      ]
    ], 
    "trans_mat": [
      0.04102537027825214, 
      -0.009194254761345132, 
      0.7267620746092284
    ]
  }, 
  {
    "img": "/media/hdd/YCBvideo/YCB_Video_Dataset/YCB_Video_Dataset/data/0056/000030-label.png", 
    "mask": "/media/hdd/YCBvideo/YCB_Video_Dataset/Generated_YCB_Video_Dataset/mask/0056/000030-mask-00.png", 
    "depth_minmax": [
      0.639, 
      0.77
    ], 
    "model": "/media/hdd/YCBvideo/YCB_Video_Dataset/YCB_Video_Dataset/models/019_pitcher_base/textured.obj", 
    "rot_mat": [
      [
        -0.7637116105291083, 
        -0.6447103004023335, 
        0.033044050131207515
      ], 
      [
        -0.24094357375688683, 
        0.23718122864569996, 
        -0.9411118550645226
      ], 
      [
        0.5989080232389091, 
        -0.7267004529681493, 
        -0.3364771963721835
      ]
    ], 
    "trans_mat": [
      0.04216937761853206, 
      -0.009095252626531459, 
      0.7268707686460842
    ]
  }, 
  {
    "img": "/media/hdd/YCBvideo/YCB_Video_Dataset/YCB_Video_Dataset/data/0056/000031-label.png", 
    "mask": "/media/hdd/YCBvideo/YCB_Video_Dataset/Generated_YCB_Video_Dataset/mask/0056/000031-mask-00.png", 
    "depth_minmax": [
      0.639, 
      0.772
    ], 
    "model": "/media/hdd/YCBvideo/YCB_Video_Dataset/YCB_Video_Dataset/models/019_pitcher_base/textured.obj", 
    "rot_mat": [
      [
        -0.7637713844712625, 
        -0.6446284973652412, 
        0.033268260347836566
      ], 
      [
        -0.24107370662841812, 
        0.23706102486563166, 
        -0.9411090513683822
      ], 
      [
        0.5987790757576068, 
        -0.7268130255083923, 
        -0.33646289912716737
      ]
    ], 
    "trans_mat": [
      0.043161603279086753, 
      -0.009631397103966018, 
      0.7268222566513589
    ]
  }, 
  {
    "img": "/media/hdd/YCBvideo/YCB_Video_Dataset/YCB_Video_Dataset/data/0056/000032-label.png", 
    "mask": "/media/hdd/YCBvideo/YCB_Video_Dataset/Generated_YCB_Video_Dataset/mask/0056/000032-mask-00.png", 
    "depth_minmax": [
      0.638, 
      0.776
    ], 
    "model": "/media/hdd/YCBvideo/YCB_Video_Dataset/YCB_Video_Dataset/models/019_pitcher_base/textured.obj", 
    "rot_mat": [
      [
        -0.7635967641041689, 
        -0.6448169101471155, 
        0.03362780536042329
      ], 
      [
        -0.24140259748912452, 
        0.2367917950229803, 
        -0.9410921521739178
      ], 
      [
        0.598869688455453, 
        -0.7267328090378004, 
        -0.33647390003839167
      ]
    ], 
    "trans_mat": [
      0.04482653825202574, 
      -0.009360936559128471, 
      0.7267094835648831
    ]
  }, 
  {
    "img": "/media/hdd/YCBvideo/YCB_Video_Dataset/YCB_Video_Dataset/data/0056/000033-label.png", 
    "mask": "/media/hdd/YCBvideo/YCB_Video_Dataset/Generated_YCB_Video_Dataset/mask/0056/000033-mask-00.png", 
    "depth_minmax": [
      0.638, 
      0.775
    ], 
    "model": "/media/hdd/YCBvideo/YCB_Video_Dataset/YCB_Video_Dataset/models/019_pitcher_base/textured.obj", 
    "rot_mat": [
      [
        -0.7639230595409335, 
        -0.6443949159426353, 
        0.03430832691976373
      ], 
      [
        -0.2426808330235253, 
        0.2376193220965403, 
        -0.9405550867722633
      ], 
      [
        0.5979366467718404, 
        -0.7268378233440629, 
        -0.3379047500151341
      ]
    ], 
    "trans_mat": [
      0.048088281790456315, 
      -0.010032731107459317, 
      0.7265897476457017
    ]
  }, 
  {
    "img": "/media/hdd/YCBvideo/YCB_Video_Dataset/YCB_Video_Dataset/data/0056/000034-label.png", 
    "mask": "/media/hdd/YCBvideo/YCB_Video_Dataset/Generated_YCB_Video_Dataset/mask/0056/000034-mask-00.png", 
    "depth_minmax": [
      0.638, 
      0.772
    ], 
    "model": "/media/hdd/YCBvideo/YCB_Video_Dataset/YCB_Video_Dataset/models/019_pitcher_base/textured.obj", 
    "rot_mat": [
      [
        -0.763974132072665, 
        -0.6444253566709207, 
        0.03253798578949784
      ], 
      [
        -0.24077052753960645, 
        0.23792527067111582, 
        -0.9409677067143031
      ], 
      [
        0.5986427707957607, 
        -0.7267098721850332, 
        -0.33692792473291105
      ]
    ], 
    "trans_mat": [
      0.04967437721325977, 
      -0.00950925609406777, 
      0.7265477328774854
    ]
  }, 
  {
    "img": "/media/hdd/YCBvideo/YCB_Video_Dataset/YCB_Video_Dataset/data/0056/000035-label.png", 
    "mask": "/media/hdd/YCBvideo/YCB_Video_Dataset/Generated_YCB_Video_Dataset/mask/0056/000035-mask-00.png", 
    "depth_minmax": [
      0.639, 
      0.772
    ], 
    "model": "/media/hdd/YCBvideo/YCB_Video_Dataset/YCB_Video_Dataset/models/019_pitcher_base/textured.obj", 
    "rot_mat": [
      [
        -0.76398235790006, 
        -0.6442763065501509, 
        0.03519315131786849
      ], 
      [
        -0.24245549791739743, 
        0.23610198479872915, 
        -0.940994425947368
      ], 
      [
        0.5979530976289625, 
        -0.7274362473442901, 
        -0.3365860168125215
      ]
    ], 
    "trans_mat": [
      0.0508674580655254, 
      -0.008370642567333348, 
      0.7269066269499898
    ]
  }, 
  {
    "img": "/media/hdd/YCBvideo/YCB_Video_Dataset/YCB_Video_Dataset/data/0056/000036-label.png", 
    "mask": "/media/hdd/YCBvideo/YCB_Video_Dataset/Generated_YCB_Video_Dataset/mask/0056/000036-mask-00.png", 
    "depth_minmax": [
      0.639, 
      0.773
    ], 
    "model": "/media/hdd/YCBvideo/YCB_Video_Dataset/YCB_Video_Dataset/models/019_pitcher_base/textured.obj", 
    "rot_mat": [
      [
        -0.764792753987033, 
        -0.64326309866424, 
        0.03612182234521139
      ], 
      [
        -0.24256716700003078, 
        0.23554738866195415, 
        -0.9411053905362233
      ], 
      [
        0.5968701958803319, 
        -0.728512168712676, 
        -0.33617903319492776
      ]
    ], 
    "trans_mat": [
      0.05136738625118328, 
      -0.0081181782623857, 
      0.7274514137240098
    ]
  }, 
  {
    "img": "/media/hdd/YCBvideo/YCB_Video_Dataset/YCB_Video_Dataset/data/0056/000037-label.png", 
    "mask": "/media/hdd/YCBvideo/YCB_Video_Dataset/Generated_YCB_Video_Dataset/mask/0056/000037-mask-00.png", 
    "depth_minmax": [
      0.639, 
      0.776
    ], 
    "model": "/media/hdd/YCBvideo/YCB_Video_Dataset/YCB_Video_Dataset/models/019_pitcher_base/textured.obj", 
    "rot_mat": [
      [
        -0.7656152141152809, 
        -0.6422404906936694, 
        0.036889978005263696
      ], 
      [
        -0.24256378417661786, 
        0.23509708238211424, 
        -0.9412179306323846
      ], 
      [
        0.5958154682868267, 
        -0.7295592257131936, 
        -0.3357785624252951
      ]
    ], 
    "trans_mat": [
      0.05109175757296224, 
      -0.00796862163940691, 
      0.7281063439834428
    ]
  }, 
  {
    "img": "/media/hdd/YCBvideo/YCB_Video_Dataset/YCB_Video_Dataset/data/0056/000038-label.png", 
    "mask": "/media/hdd/YCBvideo/YCB_Video_Dataset/Generated_YCB_Video_Dataset/mask/0056/000038-mask-00.png", 
    "depth_minmax": [
      0.64, 
      0.778
    ], 
    "model": "/media/hdd/YCBvideo/YCB_Video_Dataset/YCB_Video_Dataset/models/019_pitcher_base/textured.obj", 
    "rot_mat": [
      [
        -0.7666895349552267, 
        -0.640971443781921, 
        0.03664277734289196
      ], 
      [
        -0.24131976398660257, 
        0.2348217326815912, 
        -0.9416070214369473
      ], 
      [
        0.5949391813354369, 
        -0.730763224247679, 
        -0.33471448152685357
      ]
    ], 
    "trans_mat": [
      0.050388810888680614, 
      -0.007797166935801634, 
      0.7289335339886286
    ]
  }, 
  {
    "img": "/media/hdd/YCBvideo/YCB_Video_Dataset/YCB_Video_Dataset/data/0056/000039-label.png", 
    "mask": "/media/hdd/YCBvideo/YCB_Video_Dataset/Generated_YCB_Video_Dataset/mask/0056/000039-mask-00.png", 
    "depth_minmax": [
      0.642, 
      0.779
    ], 
    "model": "/media/hdd/YCBvideo/YCB_Video_Dataset/YCB_Video_Dataset/models/019_pitcher_base/textured.obj", 
    "rot_mat": [
      [
        -0.7681590684552699, 
        -0.6391882713475888, 
        0.03701341613642052
      ], 
      [
        -0.24155371929081043, 
        0.23578470102771884, 
        -0.9413061057216109
      ], 
      [
        0.5929446415412584, 
        -0.7320140191896342, 
        -0.335517801610033
      ]
    ], 
    "trans_mat": [
      0.0498098756925428, 
      -0.0076398236461153925, 
      0.7299064797691073
    ]
  }, 
  {
    "img": "/media/hdd/YCBvideo/YCB_Video_Dataset/YCB_Video_Dataset/data/0056/000040-label.png", 
    "mask": "/media/hdd/YCBvideo/YCB_Video_Dataset/Generated_YCB_Video_Dataset/mask/0056/000040-mask-00.png", 
    "depth_minmax": [
      0.643, 
      0.78
    ], 
    "model": "/media/hdd/YCBvideo/YCB_Video_Dataset/YCB_Video_Dataset/models/019_pitcher_base/textured.obj", 
    "rot_mat": [
      [
        -0.7693252796017355, 
        -0.6377042983384762, 
        0.038349265385552014
      ], 
      [
        -0.24168566477738843, 
        0.23495143256167722, 
        -0.9414808083542827
      ], 
      [
        0.5913766893997737, 
        -0.7335737795958436, 
        -0.33487811221186947
      ]
    ], 
    "trans_mat": [
      0.04950168296243559, 
      -0.007767774167257465, 
      0.7308664556778769
    ]
  }, 
  {
    "img": "/media/hdd/YCBvideo/YCB_Video_Dataset/YCB_Video_Dataset/data/0056/000041-label.png", 
    "mask": "/media/hdd/YCBvideo/YCB_Video_Dataset/Generated_YCB_Video_Dataset/mask/0056/000041-mask-00.png", 
    "depth_minmax": [
      0.643, 
      0.782
    ], 
    "model": "/media/hdd/YCBvideo/YCB_Video_Dataset/YCB_Video_Dataset/models/019_pitcher_base/textured.obj", 
    "rot_mat": [
      [
        -0.7698217710245153, 
        -0.6369106929047569, 
        0.04145769257513864
      ], 
      [
        -0.24334960183167986, 
        0.23284296645021474, 
        -0.9415758667011831
      ], 
      [
        0.5900472229552891, 
        -0.7349346497497595, 
        -0.33423931277032787
      ]
    ], 
    "trans_mat": [
      0.04937015592871389, 
      -0.006952759903120083, 
      0.7316948119368958
    ]
  }, 
  {
    "img": "/media/hdd/YCBvideo/YCB_Video_Dataset/YCB_Video_Dataset/data/0056/000042-label.png", 
    "mask": "/media/hdd/YCBvideo/YCB_Video_Dataset/Generated_YCB_Video_Dataset/mask/0056/000042-mask-00.png", 
    "depth_minmax": [
      0.644, 
      0.777
    ], 
    "model": "/media/hdd/YCBvideo/YCB_Video_Dataset/YCB_Video_Dataset/models/019_pitcher_base/textured.obj", 
    "rot_mat": [
      [
        -0.7702602858474847, 
        -0.6363151386426715, 
        0.04245485171436636
      ], 
      [
        -0.24313243147447566, 
        0.23146338174383926, 
        -0.9419717827735625
      ], 
      [
        0.5895654070173008, 
        -0.7358854573077898, 
        -0.3329957542806239
      ]
    ], 
    "trans_mat": [
      0.04948435062801015, 
      -0.006063577200819, 
      0.7325656960902931
    ]
  }, 
  {
    "img": "/media/hdd/YCBvideo/YCB_Video_Dataset/YCB_Video_Dataset/data/0056/000043-label.png", 
    "mask": "/media/hdd/YCBvideo/YCB_Video_Dataset/Generated_YCB_Video_Dataset/mask/0056/000043-mask-00.png", 
    "depth_minmax": [
      0.645, 
      0.782
    ], 
    "model": "/media/hdd/YCBvideo/YCB_Video_Dataset/YCB_Video_Dataset/models/019_pitcher_base/textured.obj", 
    "rot_mat": [
      [
        -0.7706527659610664, 
        -0.6358104263472605, 
        0.04289564443701728
      ], 
      [
        -0.24251653868994796, 
        0.2303691012886356, 
        -0.9423989819078851
      ], 
      [
        0.5893052420938599, 
        -0.7366649843961787, 
        -0.33172850219139705
      ]
    ], 
    "trans_mat": [
      0.0496608439083412, 
      -0.005687125915226941, 
      0.7332317797674559
    ]
  }, 
  {
    "img": "/media/hdd/YCBvideo/YCB_Video_Dataset/YCB_Video_Dataset/data/0056/000044-label.png", 
    "mask": "/media/hdd/YCBvideo/YCB_Video_Dataset/Generated_YCB_Video_Dataset/mask/0056/000044-mask-00.png", 
    "depth_minmax": [
      0.644, 
      0.783
    ], 
    "model": "/media/hdd/YCBvideo/YCB_Video_Dataset/YCB_Video_Dataset/models/019_pitcher_base/textured.obj", 
    "rot_mat": [
      [
        -0.7719570044907883, 
        -0.6342174548716679, 
        0.04300262663333932
      ], 
      [
        -0.24143797871677158, 
        0.22994868729655654, 
        -0.9427780037093156
      ], 
      [
        0.58803895350528, 
        -0.7381675730006976, 
        -0.3306355596936625
      ]
    ], 
    "trans_mat": [
      0.04992917533746794, 
      -0.0052189210900854864, 
      0.733852789563412
    ]
  }, 
  {
    "img": "/media/hdd/YCBvideo/YCB_Video_Dataset/YCB_Video_Dataset/data/0056/000045-label.png", 
    "mask": "/media/hdd/YCBvideo/YCB_Video_Dataset/Generated_YCB_Video_Dataset/mask/0056/000045-mask-00.png", 
    "depth_minmax": [
      0.648, 
      0.783
    ], 
    "model": "/media/hdd/YCBvideo/YCB_Video_Dataset/YCB_Video_Dataset/models/019_pitcher_base/textured.obj", 
    "rot_mat": [
      [
        -0.7731989692853906, 
        -0.6326883592689047, 
        0.04322220287759025
      ], 
      [
        -0.2415386711967582, 
        0.23079020204612552, 
        -0.942547150691946
      ], 
      [
        0.5863643163083659, 
        -0.7392159348670354, 
        -0.33126493944064794
      ]
    ], 
    "trans_mat": [
      0.05024575079742898, 
      -0.005462222103107204, 
      0.7344864213754163
    ]
  }, 
  {
    "img": "/media/hdd/YCBvideo/YCB_Video_Dataset/YCB_Video_Dataset/data/0056/000046-label.png", 
    "mask": "/media/hdd/YCBvideo/YCB_Video_Dataset/Generated_YCB_Video_Dataset/mask/0056/000046-mask-00.png", 
    "depth_minmax": [
      0.648, 
      0.783
    ], 
    "model": "/media/hdd/YCBvideo/YCB_Video_Dataset/YCB_Video_Dataset/models/019_pitcher_base/textured.obj", 
    "rot_mat": [
      [
        -0.7729769481535631, 
        -0.6327432447966544, 
        0.04629569880580559
      ], 
      [
        -0.2437549763842629, 
        0.22882135313425736, 
        -0.9424569594231877
      ], 
      [
        0.5857400040988563, 
        -0.7397820636935771, 
        -0.3311073412797632
      ]
    ], 
    "trans_mat": [
      0.05117205980424302, 
      -0.006477658595409522, 
      0.7347449136367864
    ]
  }, 
  {
    "img": "/media/hdd/YCBvideo/YCB_Video_Dataset/YCB_Video_Dataset/data/0056/000047-label.png", 
    "mask": "/media/hdd/YCBvideo/YCB_Video_Dataset/Generated_YCB_Video_Dataset/mask/0056/000047-mask-00.png", 
    "depth_minmax": [
      0.648, 
      0.78
    ], 
    "model": "/media/hdd/YCBvideo/YCB_Video_Dataset/YCB_Video_Dataset/models/019_pitcher_base/textured.obj", 
    "rot_mat": [
      [
        -0.7744184636188461, 
        -0.631015165365373, 
        0.04578662285698481
      ], 
      [
        -0.24315205530092543, 
        0.23003551936054767, 
        -0.9423166173336236
      ], 
      [
        0.584083857792344, 
        -0.7408801716685793, 
        -0.33157607059585004
      ]
    ], 
    "trans_mat": [
      0.051772164403798344, 
      -0.006391392430608666, 
      0.7351394153011825
    ]
  }, 
  {
    "img": "/media/hdd/YCBvideo/YCB_Video_Dataset/YCB_Video_Dataset/data/0056/000048-label.png", 
    "mask": "/media/hdd/YCBvideo/YCB_Video_Dataset/Generated_YCB_Video_Dataset/mask/0056/000048-mask-00.png", 
    "depth_minmax": [
      0.648, 
      0.782
    ], 
    "model": "/media/hdd/YCBvideo/YCB_Video_Dataset/YCB_Video_Dataset/models/019_pitcher_base/textured.obj", 
    "rot_mat": [
      [
        -0.7755082033041215, 
        -0.6297717911361994, 
        0.044426102421382556
      ], 
      [
        -0.24155584199736505, 
        0.2309674159069243, 
        -0.9424989953024354
      ], 
      [
        0.5832992420867033, 
        -0.7416477216587631, 
        -0.331242250655071
      ]
    ], 
    "trans_mat": [
      0.05257281841947461, 
      -0.006769521033718552, 
      0.7352281104484063
    ]
  }, 
