[
  {
    "img": "/media/hdd/YCBvideo/YCB_Video_Dataset/YCB_Video_Dataset/data/0057/000001-label.png", 
    "mask": "/media/hdd/YCBvideo/YCB_Video_Dataset/Generated_YCB_Video_Dataset/mask/0057/000001-mask-01.png", 
    "depth_minmax": [
      0.959, 
      1.121
    ], 
    "model": "/media/hdd/YCBvideo/YCB_Video_Dataset/YCB_Video_Dataset/models/021_bleach_cleanser/textured.obj", 
    "rot_mat": [
      [
        0.8819152979576984, 
        0.46043929122600685, 
        0.10109820214042192
      ], 
      [
        0.3461229797506158, 
        -0.4868677682299378, 
        -0.80197216234679
      ], 
      [
        -0.32003854571966334, 
        0.742264146537517, 
        -0.588744626003687
      ]
    ], 
    "trans_mat": [
      0.1795049433279947, 
      -0.06385328585259571, 
      1.0467962524612018
    ]
  }, 
  {
    "img": "/media/hdd/YCBvideo/YCB_Video_Dataset/YCB_Video_Dataset/data/0057/000001-label.png", 
    "mask": "/media/hdd/YCBvideo/YCB_Video_Dataset/Generated_YCB_Video_Dataset/mask/0057/000001-mask-00.png", 
    "depth_minmax": [
      0.879, 
      0.955
    ], 
    "model": "/media/hdd/YCBvideo/YCB_Video_Dataset/YCB_Video_Dataset/models/005_tomato_soup_can/textured.obj", 
    "rot_mat": [
      [
        -0.08828099188061399, 
        0.9921080892047551, 
        0.08904031663226096
      ], 
      [
        0.5710944465742123, 
        0.1236505522646219, 
        -0.811518165727272
      ], 
      [
        -0.8161234347425482, 
        -0.020791124208691975, 
        -0.5775034923841803
      ]
    ], 
    "trans_mat": [
      -0.036679642725248485, 
      0.058377299139672156, 
      0.9223057733444651
    ]
  }, 
  {
    "img": "/media/hdd/YCBvideo/YCB_Video_Dataset/YCB_Video_Dataset/data/0057/000002-label.png", 
    "mask": "/media/hdd/YCBvideo/YCB_Video_Dataset/Generated_YCB_Video_Dataset/mask/0057/000002-mask-01.png", 
    "depth_minmax": [
      0.959, 
      1.125
    ], 
    "model": "/media/hdd/YCBvideo/YCB_Video_Dataset/YCB_Video_Dataset/models/021_bleach_cleanser/textured.obj", 
    "rot_mat": [
      [
        0.8808756842482455, 
        0.462643996958103, 
        0.10009137990845934
      ], 
      [
        0.3469857117054308, 
        -0.4872952510256182, 
        -0.8013399154739297
      ], 
      [
        -0.3219610788693728, 
        0.7406112684663637, 
        -0.5897771355879567
      ]
    ], 
    "trans_mat": [
      0.17937788242064726, 
      -0.06380957753459685, 
      1.0466555465898437
    ]
  }, 
  {
    "img": "/media/hdd/YCBvideo/YCB_Video_Dataset/YCB_Video_Dataset/data/0057/000002-label.png", 
    "mask": "/media/hdd/YCBvideo/YCB_Video_Dataset/Generated_YCB_Video_Dataset/mask/0057/000002-mask-00.png", 
    "depth_minmax": [
      0.881, 
      0.95
    ], 
    "model": "/media/hdd/YCBvideo/YCB_Video_Dataset/YCB_Video_Dataset/models/005_tomato_soup_can/textured.obj", 
    "rot_mat": [
      [
        -0.090728933945566, 
        0.9919739667943861, 
        0.08806830966315755
      ], 
      [
        0.5718269204592039, 
        0.12429358103187071, 
        -0.8109043425556679
      ], 
      [
        -0.8153418846541697, 
        -0.023212170827797182, 
        -0.578514398261224
      ]
    ], 
    "trans_mat": [
      -0.03720137476626102, 
      0.058405431348528464, 
      0.9228374047808775
    ]
  }, 
  {
    "img": "/media/hdd/YCBvideo/YCB_Video_Dataset/YCB_Video_Dataset/data/0057/000003-label.png", 
    "mask": "/media/hdd/YCBvideo/YCB_Video_Dataset/Generated_YCB_Video_Dataset/mask/0057/000003-mask-01.png", 
    "depth_minmax": [
      0.959, 
      1.136
    ], 
    "model": "/media/hdd/YCBvideo/YCB_Video_Dataset/YCB_Video_Dataset/models/021_bleach_cleanser/textured.obj", 
    "rot_mat": [
      [
        0.8803040001977837, 
        0.4638199269907508, 
        0.09967932192870291
      ], 
      [
        0.34694955065347494, 
        -0.4861180227781478, 
        -0.8020696251711485
      ], 
      [
        -0.32356035706032654, 
        0.7406488916138861, 
        -0.5888536321641045
      ]
    ], 
    "trans_mat": [
      0.17905620808724892, 
      -0.0633509930824961, 
      1.0468575996604312
    ]
  }, 
  {
    "img": "/media/hdd/YCBvideo/YCB_Video_Dataset/YCB_Video_Dataset/data/0057/000003-label.png", 
    "mask": "/media/hdd/YCBvideo/YCB_Video_Dataset/Generated_YCB_Video_Dataset/mask/0057/000003-mask-00.png", 
    "depth_minmax": [
      0.881, 
      0.95
    ], 
    "model": "/media/hdd/YCBvideo/YCB_Video_Dataset/YCB_Video_Dataset/models/005_tomato_soup_can/textured.obj", 
    "rot_mat": [
      [
        -0.09203945161793496, 
        0.9918882174835973, 
        0.08767509981619932
      ], 
      [
        0.5707149305079309, 
        0.12469911892005815, 
        -0.8116245275648508
      ], 
      [
        -0.8159734715170006, 
        -0.02466386129381324, 
        -0.577562738130023
      ]
    ], 
    "trans_mat": [
      -0.03773751288616405, 
      0.05860591584494209, 
      0.9231605075068925
    ]
  }, 
  {
    "img": "/media/hdd/YCBvideo/YCB_Video_Dataset/YCB_Video_Dataset/data/0057/000004-label.png", 
    "mask": "/media/hdd/YCBvideo/YCB_Video_Dataset/Generated_YCB_Video_Dataset/mask/0057/000004-mask-01.png", 
    "depth_minmax": [
      0.959, 
      1.136
    ], 
    "model": "/media/hdd/YCBvideo/YCB_Video_Dataset/YCB_Video_Dataset/models/021_bleach_cleanser/textured.obj", 
    "rot_mat": [
      [
        0.8804954302419796, 
        0.46243976310326024, 
        0.10428763450716742
      ], 
      [
        0.3507019136205508, 
        -0.4874104359620056, 
        -0.799650317056811
      ], 
      [
        -0.3189598475656219, 
        0.7406620493133753, 
        -0.5913415475948866
      ]
    ], 
    "trans_mat": [
      0.1804404748085941, 
      -0.06347859000359252, 
      1.0471729881687957
    ]
  }, 
  {
    "img": "/media/hdd/YCBvideo/YCB_Video_Dataset/YCB_Video_Dataset/data/0057/000004-label.png", 
    "mask": "/media/hdd/YCBvideo/YCB_Video_Dataset/Generated_YCB_Video_Dataset/mask/0057/000004-mask-00.png", 
    "depth_minmax": [
      0.881, 
      0.952
    ], 
    "model": "/media/hdd/YCBvideo/YCB_Video_Dataset/YCB_Video_Dataset/models/005_tomato_soup_can/textured.obj", 
    "rot_mat": [
      [
        -0.0906280960844852, 
        0.9916007408860896, 
        0.09226895100724335
      ], 
      [
        0.5733722017833053, 
        0.12770756196085165, 
        -0.8092810740590014
      ], 
      [
        -0.8142665687289391, 
        -0.020439380469870497, 
        -0.5801307771650006
      ]
    ], 
    "trans_mat": [
      -0.03624166248254891, 
      0.05828342922176357, 
      0.9230893026813644
    ]
  }, 
  {
    "img": "/media/hdd/YCBvideo/YCB_Video_Dataset/YCB_Video_Dataset/data/0057/000005-label.png", 
    "mask": "/media/hdd/YCBvideo/YCB_Video_Dataset/Generated_YCB_Video_Dataset/mask/0057/000005-mask-01.png", 
    "depth_minmax": [
      0.959, 
      1.121
    ], 
    "model": "/media/hdd/YCBvideo/YCB_Video_Dataset/YCB_Video_Dataset/models/021_bleach_cleanser/textured.obj", 
    "rot_mat": [
      [
        0.8801332609387889, 
        0.4632692082311137, 
        0.10366111133766218
      ], 
      [
        0.35054716016422055, 
        -0.48697660850788904, 
        -0.7999817838025325
      ], 
      [
        -0.3201270416220928, 
        0.7404287917999719, 
        -0.5910021037317142
      ]
    ], 
    "trans_mat": [
      0.18014914267355872, 
      -0.06345445754641675, 
      1.0470134591535047
    ]
  }, 
  {
    "img": "/media/hdd/YCBvideo/YCB_Video_Dataset/YCB_Video_Dataset/data/0057/000005-label.png", 
    "mask": "/media/hdd/YCBvideo/YCB_Video_Dataset/Generated_YCB_Video_Dataset/mask/0057/000005-mask-00.png", 
    "depth_minmax": [
      0.881, 
      0.955
    ], 
    "model": "/media/hdd/YCBvideo/YCB_Video_Dataset/YCB_Video_Dataset/models/005_tomato_soup_can/textured.obj", 
    "rot_mat": [
      [
        -0.09154138030793002, 
        0.9915737293769652, 
        0.0916550632136571
      ], 
      [
        0.5729076830695301, 
        0.12772543568695768, 
        -0.8096065394151085
      ], 
      [
        -0.8144910289557707, 
        -0.021602714042619667, 
        -0.5797726626960295
      ]
    ], 
    "trans_mat": [
      -0.03667307560394437, 
      0.0582307081697999, 
      0.9230992632647708
    ]
  }, 
  {
    "img": "/media/hdd/YCBvideo/YCB_Video_Dataset/YCB_Video_Dataset/data/0057/000006-label.png", 
    "mask": "/media/hdd/YCBvideo/YCB_Video_Dataset/Generated_YCB_Video_Dataset/mask/0057/000006-mask-01.png", 
    "depth_minmax": [
      0.959, 
      1.131
    ], 
    "model": "/media/hdd/YCBvideo/YCB_Video_Dataset/YCB_Video_Dataset/models/021_bleach_cleanser/textured.obj", 
    "rot_mat": [
      [
        0.8815882989938367, 
        0.46131275977704567, 
        0.09995744775278474
      ], 
      [
        0.34573266467285396, 
        -0.48690599003385365, 
        -0.802117703871506
      ], 
      [
        -0.32135785674230083, 
        0.7416959708730145, 
        -0.5887414075368507
      ]
    ], 
    "trans_mat": [
      0.1774311478279617, 
      -0.0626175300091811, 
      1.0474391643208376
    ]
  }, 
  {
    "img": "/media/hdd/YCBvideo/YCB_Video_Dataset/YCB_Video_Dataset/data/0057/000006-label.png", 
    "mask": "/media/hdd/YCBvideo/YCB_Video_Dataset/Generated_YCB_Video_Dataset/mask/0057/000006-mask-00.png", 
    "depth_minmax": [
      0.879, 
      0.956
    ], 
    "model": "/media/hdd/YCBvideo/YCB_Video_Dataset/YCB_Video_Dataset/models/005_tomato_soup_can/textured.obj", 
    "rot_mat": [
      [
        -0.08922854827214338, 
        0.992123491209871, 
        0.08791200176249875
      ], 
      [
        0.5709790968261602, 
        0.12327322612540195, 
        -0.8116571207310044
      ], 
      [
        -0.8161007885419331, 
        -0.022227234878226445, 
        -0.5774813664418346
      ]
    ], 
    "trans_mat": [
      -0.038884448225575324, 
      0.05967179891055336, 
      0.9232345616526922
    ]
  }, 
  {
    "img": "/media/hdd/YCBvideo/YCB_Video_Dataset/YCB_Video_Dataset/data/0057/000007-label.png", 
    "mask": "/media/hdd/YCBvideo/YCB_Video_Dataset/Generated_YCB_Video_Dataset/mask/0057/000007-mask-01.png", 
    "depth_minmax": [
      0.962, 
      1.132
    ], 
    "model": "/media/hdd/YCBvideo/YCB_Video_Dataset/YCB_Video_Dataset/models/021_bleach_cleanser/textured.obj", 
    "rot_mat": [
      [
        0.881833436084227, 
        0.4594046671314483, 
        0.10638079342261735
      ], 
      [
        0.34939890411230334, 
        -0.4850415255983529, 
        -0.8016580728093156
      ], 
      [
        -0.31668667518961413, 
        0.7440985552265058, 
        -0.5882408003267828
      ]
    ], 
    "trans_mat": [
      0.1752554714148539, 
      -0.06027879260117134, 
      1.048397851508002
    ]
  }, 
  {
    "img": "/media/hdd/YCBvideo/YCB_Video_Dataset/YCB_Video_Dataset/data/0057/000007-label.png", 
    "mask": "/media/hdd/YCBvideo/YCB_Video_Dataset/Generated_YCB_Video_Dataset/mask/0057/000007-mask-00.png", 
    "depth_minmax": [
      0.879, 
      0.956
    ], 
    "model": "/media/hdd/YCBvideo/YCB_Video_Dataset/YCB_Video_Dataset/models/005_tomato_soup_can/textured.obj", 
    "rot_mat": [
      [
        -0.08728405965183512, 
        0.9917087092424032, 
        0.09431568714787068
      ], 
      [
        0.5706585283617327, 
        0.12737915553818305, 
        -0.8112479923747319
      ], 
      [
        -0.8165353934977438, 
        -0.016986665011867148, 
        -0.5770448883579931
      ]
    ], 
    "trans_mat": [
      -0.040906177688640015, 
      0.06112247780683321, 
      0.9230589241577701
    ]
  }, 
  {
    "img": "/media/hdd/YCBvideo/YCB_Video_Dataset/YCB_Video_Dataset/data/0057/000008-label.png", 
    "mask": "/media/hdd/YCBvideo/YCB_Video_Dataset/Generated_YCB_Video_Dataset/mask/0057/000008-mask-01.png", 
    "depth_minmax": [
      0.962, 
      1.136
    ], 
    "model": "/media/hdd/YCBvideo/YCB_Video_Dataset/YCB_Video_Dataset/models/021_bleach_cleanser/textured.obj", 
    "rot_mat": [
      [
        0.8818868231996204, 
        0.4592310540252785, 
        0.10667983645950131
      ], 
      [
        0.34883525247038877, 
        -0.4833703021419065, 
        -0.8029120958400829
      ], 
      [
        -0.31715684538517547, 
        0.7452916698753894, 
        -0.5864742160588556
      ]
    ], 
    "trans_mat": [
      0.1741979498969963, 
      -0.05922293137398285, 
      1.048491947435886
    ]
  }, 
  {
    "img": "/media/hdd/YCBvideo/YCB_Video_Dataset/YCB_Video_Dataset/data/0057/000008-label.png", 
    "mask": "/media/hdd/YCBvideo/YCB_Video_Dataset/Generated_YCB_Video_Dataset/mask/0057/000008-mask-00.png", 
    "depth_minmax": [
      0.878, 
      0.955
    ], 
    "model": "/media/hdd/YCBvideo/YCB_Video_Dataset/YCB_Video_Dataset/models/005_tomato_soup_can/textured.obj", 
    "rot_mat": [
      [
        -0.08709916283333646, 
        0.9916958844306359, 
        0.09461244810022226
      ], 
      [
        0.5688817671033589, 
        0.1274783607642599, 
        -0.8124794704821156
      ], 
      [
        -0.8177935755691321, 
        -0.016942880835326985, 
        -0.5752615037772477
      ]
    ], 
    "trans_mat": [
      -0.041939768201099556, 
      0.06187768548647646, 
      0.9228217208606861
    ]
  }, 
  {
    "img": "/media/hdd/YCBvideo/YCB_Video_Dataset/YCB_Video_Dataset/data/0057/000009-label.png", 
    "mask": "/media/hdd/YCBvideo/YCB_Video_Dataset/Generated_YCB_Video_Dataset/mask/0057/000009-mask-01.png", 
    "depth_minmax": [
      0.962, 
      1.141
    ], 
    "model": "/media/hdd/YCBvideo/YCB_Video_Dataset/YCB_Video_Dataset/models/021_bleach_cleanser/textured.obj", 
    "rot_mat": [
      [
        0.8807179980466415, 
        0.4614666805116428, 
        0.10669452523256552
      ], 
      [
        0.350566094080291, 
        -0.48363337956059105, 
        -0.8019994620075416
      ], 
      [
        -0.31849535981600163, 
        0.7437388968707372, 
        -0.587719345896343
      ]
    ], 
    "trans_mat": [
      0.17527869037440225, 
      -0.059597018897856985, 
      1.0480967723161718
    ]
  }, 
  {
    "img": "/media/hdd/YCBvideo/YCB_Video_Dataset/YCB_Video_Dataset/data/0057/000009-label.png", 
    "mask": "/media/hdd/YCBvideo/YCB_Video_Dataset/Generated_YCB_Video_Dataset/mask/0057/000009-mask-00.png", 
    "depth_minmax": [
      0.879, 
      0.952
    ], 
    "model": "/media/hdd/YCBvideo/YCB_Video_Dataset/YCB_Video_Dataset/models/005_tomato_soup_can/textured.obj", 
    "rot_mat": [
      [
        -0.08961106717743247, 
        0.9914677685546635, 
        0.09466426252489621
      ], 
      [
        0.5697968069995389, 
        0.12899029400873457, 
        -0.8115993110664314
      ], 
      [
        -0.8168849407417867, 
        -0.018788743060905055, 
        -0.5764944877459948
      ]
    ], 
    "trans_mat": [
      -0.04129504398966122, 
      0.06133942167223359, 
      0.9230202460124391
    ]
  }, 
  {
    "img": "/media/hdd/YCBvideo/YCB_Video_Dataset/YCB_Video_Dataset/data/0057/000010-label.png", 
    "mask": "/media/hdd/YCBvideo/YCB_Video_Dataset/Generated_YCB_Video_Dataset/mask/0057/000010-mask-01.png", 
    "depth_minmax": [
      0.962, 
      1.125
    ], 
    "model": "/media/hdd/YCBvideo/YCB_Video_Dataset/YCB_Video_Dataset/models/021_bleach_cleanser/textured.obj", 
    "rot_mat": [
      [
        0.8811060494330396, 
        0.46101099394564793, 
        0.10545142770484389
      ], 
      [
        0.34979659403730207, 
        -0.48524506857766775, 
        -0.8013615496112543
      ], 
      [
        -0.3182676070174962, 
        0.742970640774387, 
        -0.5888125896830863
      ]
    ], 
    "trans_mat": [
      0.17643793004089348, 
      -0.06046701326643235, 
      1.0477618877598536
    ]
  }, 
  {
    "img": "/media/hdd/YCBvideo/YCB_Video_Dataset/YCB_Video_Dataset/data/0057/000010-label.png", 
    "mask": "/media/hdd/YCBvideo/YCB_Video_Dataset/Generated_YCB_Video_Dataset/mask/0057/000010-mask-00.png", 
    "depth_minmax": [
      0.881, 
      0.96
    ], 
    "model": "/media/hdd/YCBvideo/YCB_Video_Dataset/YCB_Video_Dataset/models/005_tomato_soup_can/textured.obj", 
    "rot_mat": [
      [
        -0.08905880634837883, 
        0.9916361626476485, 
        0.09341119581448588
      ], 
      [
        0.5710022406640705, 
        0.12767316469196108, 
        -0.810960011063258
      ], 
      [
        -0.8161027595398515, 
        -0.018885668417369925, 
        -0.5775972423620132
      ]
    ], 
    "trans_mat": [
      -0.04000541269593711, 
      0.06092847191168265, 
      0.9229047624438593
    ]
  }, 
  {
    "img": "/media/hdd/YCBvideo/YCB_Video_Dataset/YCB_Video_Dataset/data/0057/000011-label.png", 
    "mask": "/media/hdd/YCBvideo/YCB_Video_Dataset/Generated_YCB_Video_Dataset/mask/0057/000011-mask-01.png", 
    "depth_minmax": [
      0.959, 
      1.128
    ], 
    "model": "/media/hdd/YCBvideo/YCB_Video_Dataset/YCB_Video_Dataset/models/021_bleach_cleanser/textured.obj", 
    "rot_mat": [
      [
        0.8808169541786237, 
        0.4611730774002107, 
        0.10714358389778388
      ], 
      [
        0.35111939002026, 
        -0.48446676198124117, 
        -0.8012537129545471
      ], 
      [
        -0.3176098909213514, 
        0.7433783829752751, 
        -0.5886541472517942
      ]
    ], 
    "trans_mat": [
      0.1762649281353033, 
      -0.060120795150090375, 
      1.0476277563744085
    ]
  }, 
  {
    "img": "/media/hdd/YCBvideo/YCB_Video_Dataset/YCB_Video_Dataset/data/0057/000011-label.png", 
    "mask": "/media/hdd/YCBvideo/YCB_Video_Dataset/Generated_YCB_Video_Dataset/mask/0057/000011-mask-00.png", 
    "depth_minmax": [
      0.879, 
      0.956
    ], 
    "model": "/media/hdd/YCBvideo/YCB_Video_Dataset/YCB_Video_Dataset/models/005_tomato_soup_can/textured.obj", 
    "rot_mat": [
      [
        -0.0892958464177027, 
        0.9914533379572157, 
        0.0951093201078299
      ], 
      [
        0.5707881677579262, 
        0.12919407847873912, 
        -0.8108695998684964
      ], 
      [
        -0.8162269662723394, 
        -0.018120131338567526, 
        -0.5774473287804088
      ]
    ], 
    "trans_mat": [
      -0.040266636743314856, 
      0.060930423141876286, 
      0.9225893532637645
    ]
  }, 
  {
    "img": "/media/hdd/YCBvideo/YCB_Video_Dataset/YCB_Video_Dataset/data/0057/000012-label.png", 
    "mask": "/media/hdd/YCBvideo/YCB_Video_Dataset/Generated_YCB_Video_Dataset/mask/0057/000012-mask-01.png", 
    "depth_minmax": [
      0.962, 
      1.136
    ], 
    "model": "/media/hdd/YCBvideo/YCB_Video_Dataset/YCB_Video_Dataset/models/021_bleach_cleanser/textured.obj", 
    "rot_mat": [
      [
        0.8825261292239964, 
        0.45794958575438643, 
        0.10690246348084029
      ], 
      [
        0.3491779012181869, 
        -0.48586720468164224, 
        -0.8012542128945627
      ], 
      [
        -0.31499475991324166, 
        0.7444562984225722, 
        -0.5886965917012763
      ]
    ], 
    "trans_mat": [
      0.17385163827513875, 
      -0.060301048936277836, 
      1.0479525135147796
    ]
  }, 
  {
    "img": "/media/hdd/YCBvideo/YCB_Video_Dataset/YCB_Video_Dataset/data/0057/000012-label.png", 
    "mask": "/media/hdd/YCBvideo/YCB_Video_Dataset/Generated_YCB_Video_Dataset/mask/0057/000012-mask-00.png", 
    "depth_minmax": [
      0.879, 
      0.955
    ], 
    "model": "/media/hdd/YCBvideo/YCB_Video_Dataset/YCB_Video_Dataset/models/005_tomato_soup_can/textured.obj", 
    "rot_mat": [
      [
        -0.08566788261178433, 
        0.9918013818136407, 
        0.09481429042110649
      ], 
      [
        0.5713431212304536, 
        0.12686553529947658, 
        -0.8108464730543777
      ], 
      [
        -0.8162276746888693, 
        -0.015292381078564291, 
        -0.5775276044504251
      ]
    ], 
    "trans_mat": [
      -0.042043590211181536, 
      0.0613130078676489, 
      0.9223612779836009
    ]
  }, 
  {
    "img": "/media/hdd/YCBvideo/YCB_Video_Dataset/YCB_Video_Dataset/data/0057/000013-label.png", 
    "mask": "/media/hdd/YCBvideo/YCB_Video_Dataset/Generated_YCB_Video_Dataset/mask/0057/000013-mask-01.png", 
    "depth_minmax": [
      0.962, 
      1.145
    ], 
    "model": "/media/hdd/YCBvideo/YCB_Video_Dataset/YCB_Video_Dataset/models/021_bleach_cleanser/textured.obj", 
    "rot_mat": [
      [
        0.8820207713731036, 
        0.4587589426680805, 
        0.1076076065260565
      ], 
      [
        0.34933522888061436, 
        -0.4833555448628749, 
        -0.8027038492585933
      ], 
      [
        -0.31623523537192716, 
        0.7455924714170326, 
        -0.5865899572447657
      ]
    ], 
    "trans_mat": [
      0.17205530849144948, 
      -0.06055749235626653, 
      1.047856008183702
    ]
  }, 
  {
    "img": "/media/hdd/YCBvideo/YCB_Video_Dataset/YCB_Video_Dataset/data/0057/000013-label.png", 
    "mask": "/media/hdd/YCBvideo/YCB_Video_Dataset/Generated_YCB_Video_Dataset/mask/0057/000013-mask-00.png", 
    "depth_minmax": [
      0.879, 
      0.953
    ], 
    "model": "/media/hdd/YCBvideo/YCB_Video_Dataset/YCB_Video_Dataset/models/005_tomato_soup_can/textured.obj", 
    "rot_mat": [
      [
        -0.08659909185646665, 
        0.9916521619542965, 
        0.09553418853262104
      ], 
      [
        0.5690614408086919, 
        0.12794895342768223, 
        -0.8122799193617334
      ], 
      [
        -0.8177220924848597, 
        -0.015977828698817094, 
        -0.5753911471939704
      ]
    ], 
    "trans_mat": [
      -0.04402145263671993, 
      0.060475460380577765, 
      0.9220155336726039
    ]
  }, 
  {
    "img": "/media/hdd/YCBvideo/YCB_Video_Dataset/YCB_Video_Dataset/data/0057/000014-label.png", 
    "mask": "/media/hdd/YCBvideo/YCB_Video_Dataset/Generated_YCB_Video_Dataset/mask/0057/000014-mask-01.png", 
    "depth_minmax": [
      0.959, 
      1.13
    ], 
    "model": "/media/hdd/YCBvideo/YCB_Video_Dataset/YCB_Video_Dataset/models/021_bleach_cleanser/textured.obj", 
    "rot_mat": [
      [
        0.8825368081067019, 
        0.45856474705716277, 
        0.10414166230511183
      ], 
      [
        0.3471173287644563, 
        -0.48588005795235295, 
        -0.8021410947380387
      ], 
      [
        -0.31723420677586056, 
        0.7440688704095269, 
        -0.5879836284747414
      ]
    ], 
    "trans_mat": [
      0.17187915773153614, 
      -0.061583455828063065, 
      1.0474194966508361
    ]
  }, 
  {
    "img": "/media/hdd/YCBvideo/YCB_Video_Dataset/YCB_Video_Dataset/data/0057/000014-label.png", 
    "mask": "/media/hdd/YCBvideo/YCB_Video_Dataset/Generated_YCB_Video_Dataset/mask/0057/000014-mask-00.png", 
    "depth_minmax": [
      0.879, 
      0.955
    ], 
    "model": "/media/hdd/YCBvideo/YCB_Video_Dataset/YCB_Video_Dataset/models/005_tomato_soup_can/textured.obj", 
    "rot_mat": [
      [
        -0.08626995456421066, 
        0.9920088053842643, 
        0.09205837977522416
      ], 
      [
        0.5705578929406655, 
        0.12494396378741594, 
        -0.8116971559034537
      ], 
      [
        -0.816713074039821, 
        -0.017500682240090607, 
        -0.5767783826861639
      ]
    ], 
    "trans_mat": [
      -0.044043293740091916, 
      0.0602987400738417, 
      0.922135464098263
    ]
  }, 
  {
    "img": "/media/hdd/YCBvideo/YCB_Video_Dataset/YCB_Video_Dataset/data/0057/000015-label.png", 
    "mask": "/media/hdd/YCBvideo/YCB_Video_Dataset/Generated_YCB_Video_Dataset/mask/0057/000015-mask-01.png", 
    "depth_minmax": [
      0.959, 
      1.126
    ], 
    "model": "/media/hdd/YCBvideo/YCB_Video_Dataset/YCB_Video_Dataset/models/021_bleach_cleanser/textured.obj", 
    "rot_mat": [
      [
        0.8827511230902387, 
        0.45805310142739497, 
        0.10458322689767634
      ], 
      [
        0.3472179885411877, 
        -0.4860379874459841, 
        -0.8020018043498066
      ], 
      [
        -0.3165278166308505, 
        0.7442815643300686, 
        -0.5880951987647028
      ]
    ], 
    "trans_mat": [
      0.1727989128703961, 
      -0.062343801402118475, 
      1.0470563452233312
    ]
  }, 
  {
    "img": "/media/hdd/YCBvideo/YCB_Video_Dataset/YCB_Video_Dataset/data/0057/000015-label.png", 
    "mask": "/media/hdd/YCBvideo/YCB_Video_Dataset/Generated_YCB_Video_Dataset/mask/0057/000015-mask-00.png", 
    "depth_minmax": [
      0.879, 
      0.955
    ], 
    "model": "/media/hdd/YCBvideo/YCB_Video_Dataset/YCB_Video_Dataset/models/005_tomato_soup_can/textured.obj", 
    "rot_mat": [
      [
        -0.08570930881539986, 
        0.9920178014105647, 
        0.09249229960028524
      ], 
      [
        0.5707441352200967, 
        0.12497867937260768, 
        -0.8115608308754103
      ], 
      [
        -0.8166420805399046, 
        -0.016768109339290786, 
        -0.5769007374158528
      ]
    ], 
    "trans_mat": [
      -0.043038709518863794, 
      0.05956069492235074, 
      0.9216473785970055
    ]
  }, 
  {
    "img": "/media/hdd/YCBvideo/YCB_Video_Dataset/YCB_Video_Dataset/data/0057/000016-label.png", 
    "mask": "/media/hdd/YCBvideo/YCB_Video_Dataset/Generated_YCB_Video_Dataset/mask/0057/000016-mask-01.png", 
    "depth_minmax": [
      0.959, 
      1.145
    ], 
    "model": "/media/hdd/YCBvideo/YCB_Video_Dataset/YCB_Video_Dataset/models/021_bleach_cleanser/textured.obj", 
    "rot_mat": [
      [
        0.8827868423987918, 
        0.45841820487780777, 
        0.10266448073002377
      ], 
      [
        0.3464778040217244, 
        -0.4877720951032269, 
        -0.8012693950585039
      ], 
      [
        -0.3172399418487439, 
        0.7429213416498726, 
        -0.5894301163507848
      ]
    ], 
    "trans_mat": [
      0.17393186526083837, 
      -0.06406580200245386, 
      1.0466646679816018
    ]
  }, 
  {
    "img": "/media/hdd/YCBvideo/YCB_Video_Dataset/YCB_Video_Dataset/data/0057/000016-label.png", 
    "mask": "/media/hdd/YCBvideo/YCB_Video_Dataset/Generated_YCB_Video_Dataset/mask/0057/000016-mask-00.png", 
    "depth_minmax": [
      0.879, 
      0.955
    ], 
    "model": "/media/hdd/YCBvideo/YCB_Video_Dataset/YCB_Video_Dataset/models/005_tomato_soup_can/textured.obj", 
    "rot_mat": [
      [
        -0.08605924898409775, 
        0.9921643213764807, 
        0.09057599165178395
      ], 
      [
        0.5720751925039337, 
        0.12364325103434941, 
        -0.8108284759466574
      ], 
      [
        -0.8156740151505711, 
        -0.01796273892494049, 
        -0.5782330445147781
      ]
    ], 
    "trans_mat": [
      -0.04191204886555583, 
      0.058320938260031936, 
      0.9217371986929598
    ]
  }, 
  {
    "img": "/media/hdd/YCBvideo/YCB_Video_Dataset/YCB_Video_Dataset/data/0057/000017-label.png", 
    "mask": "/media/hdd/YCBvideo/YCB_Video_Dataset/Generated_YCB_Video_Dataset/mask/0057/000017-mask-01.png", 
    "depth_minmax": [
      0.959, 
      1.145
    ], 
    "model": "/media/hdd/YCBvideo/YCB_Video_Dataset/YCB_Video_Dataset/models/021_bleach_cleanser/textured.obj", 
    "rot_mat": [
      [
        0.8822709019935495, 
        0.45964876353403533, 
        0.10158785686218981
      ], 
      [
        0.34575501852134427, 
        -0.48630043596950545, 
        -0.8024749518667508
      ], 
      [
        -0.3194547943201265, 
        0.7431251081395107, 
        -0.5879745716504221
      ]
    ], 
    "trans_mat": [
      0.17493958034957086, 
      -0.06449585079434851, 
      1.046702798948189
    ]
  }, 
  {
    "img": "/media/hdd/YCBvideo/YCB_Video_Dataset/YCB_Video_Dataset/data/0057/000017-label.png", 
    "mask": "/media/hdd/YCBvideo/YCB_Video_Dataset/Generated_YCB_Video_Dataset/mask/0057/000017-mask-00.png", 
    "depth_minmax": [
      0.881, 
      0.955
    ], 
    "model": "/media/hdd/YCBvideo/YCB_Video_Dataset/YCB_Video_Dataset/models/005_tomato_soup_can/textured.obj", 
    "rot_mat": [
      [
        -0.08740804330878252, 
        0.992142035124547, 
        0.08951776548395086
      ], 
      [
        0.5704229500810668, 
        0.12351993169597864, 
        -0.812010190782514
      ], 
      [
        -0.81668651740663, 
        -0.01991302472784641, 
        -0.5767374091341209
      ]
    ], 
    "trans_mat": [
      -0.04110762184068784, 
      0.05765542667192326, 
      0.9218966096766861
    ]
  }, 
  {
    "img": "/media/hdd/YCBvideo/YCB_Video_Dataset/YCB_Video_Dataset/data/0057/000018-label.png", 
    "mask": "/media/hdd/YCBvideo/YCB_Video_Dataset/Generated_YCB_Video_Dataset/mask/0057/000018-mask-01.png", 
    "depth_minmax": [
      0.959, 
      1.128
    ], 
    "model": "/media/hdd/YCBvideo/YCB_Video_Dataset/YCB_Video_Dataset/models/021_bleach_cleanser/textured.obj", 
    "rot_mat": [
      [
        0.881609005226031, 
        0.4608857417380846, 
        0.10172749398290577
      ], 
      [
        0.34676391391405975, 
        -0.486279930864972, 
        -0.8020522484946004
      ], 
      [
        -0.32018682123523023, 
        0.7423719191608991, 
        -0.5885281530549902
      ]
    ], 
    "trans_mat": [
      0.17586530395466743, 
      -0.06376764768018157, 
      1.0470386385015757
    ]
  }, 
  {
    "img": "/media/hdd/YCBvideo/YCB_Video_Dataset/YCB_Video_Dataset/data/0057/000018-label.png", 
    "mask": "/media/hdd/YCBvideo/YCB_Video_Dataset/Generated_YCB_Video_Dataset/mask/0057/000018-mask-00.png", 
    "depth_minmax": [
      0.879, 
      0.954
    ], 
    "model": "/media/hdd/YCBvideo/YCB_Video_Dataset/YCB_Video_Dataset/models/005_tomato_soup_can/textured.obj", 
    "rot_mat": [
      [
        -0.08880188797876436, 
        0.9920035422126089, 
        0.08967818669018258
      ], 
      [
        0.570794117857565, 
        0.12446603252374995, 
        -0.8116051033010566
      ], 
      [
        -0.8162766254076754, 
        -0.02088421560337191, 
        -0.577283656837628
      ]
    ], 
    "trans_mat": [
      -0.04042762659580639, 
      0.05824930734442011, 
      0.9225270634343246
    ]
  }, 
  {
    "img": "/media/hdd/YCBvideo/YCB_Video_Dataset/YCB_Video_Dataset/data/0057/000019-label.png", 
    "mask": "/media/hdd/YCBvideo/YCB_Video_Dataset/Generated_YCB_Video_Dataset/mask/0057/000019-mask-01.png", 
    "depth_minmax": [
      0.962, 
      1.121
    ], 
    "model": "/media/hdd/YCBvideo/YCB_Video_Dataset/YCB_Video_Dataset/models/021_bleach_cleanser/textured.obj", 
    "rot_mat": [
      [
        0.8816525340938964, 
        0.4613063964271358, 
        0.09942107835876654
      ], 
      [
        0.3459621182311328, 
        -0.4885721801156103, 
        -0.8010047854289646
      ], 
      [
        -0.32093482571579496, 
        0.7406044286158531, 
        -0.5903454848144842
      ]
    ], 
    "trans_mat": [
      0.17718363749657315, 
      -0.06290987343902724, 
      1.0471629989275597
    ]
  }, 
  {
    "img": "/media/hdd/YCBvideo/YCB_Video_Dataset/YCB_Video_Dataset/data/0057/000019-label.png", 
    "mask": "/media/hdd/YCBvideo/YCB_Video_Dataset/Generated_YCB_Video_Dataset/mask/0057/000019-mask-00.png", 
    "depth_minmax": [
      0.881, 
      0.955
    ], 
    "model": "/media/hdd/YCBvideo/YCB_Video_Dataset/YCB_Video_Dataset/models/005_tomato_soup_can/textured.obj", 
    "rot_mat": [
      [
        -0.0892054656620717, 
        0.9921732702408725, 
        0.087374556001758
      ], 
      [
        0.572621960950064, 
        0.12286511674898663, 
        -0.8105608237469178
      ], 
      [
        -0.8149522638209978, 
        -0.02227370449176852, 
        -0.5791006912611344
      ]
    ], 
    "trans_mat": [
      -0.039112339958831, 
      0.05972168037816262, 
      0.9232616986816788
    ]
  }, 
  {
    "img": "/media/hdd/YCBvideo/YCB_Video_Dataset/YCB_Video_Dataset/data/0057/000020-label.png", 
    "mask": "/media/hdd/YCBvideo/YCB_Video_Dataset/Generated_YCB_Video_Dataset/mask/0057/000020-mask-01.png", 
    "depth_minmax": [
      0.962, 
      1.132
    ], 
    "model": "/media/hdd/YCBvideo/YCB_Video_Dataset/YCB_Video_Dataset/models/021_bleach_cleanser/textured.obj", 
    "rot_mat": [
      [
        0.881179091786273, 
        0.46229841067356525, 
        0.09901158598711134
      ], 
      [
        0.345660685918281, 
        -0.4870836184447409, 
        -0.802039824342764
      ], 
      [
        -0.3225557902592483, 
        0.7409651446050939, 
        -0.5890071130118535
      ]
    ], 
    "trans_mat": [
      0.17739586375900024, 
      -0.06175953089551064, 
      1.0479631105165155
    ]
  }, 
  {
    "img": "/media/hdd/YCBvideo/YCB_Video_Dataset/YCB_Video_Dataset/data/0057/000020-label.png", 
    "mask": "/media/hdd/YCBvideo/YCB_Video_Dataset/Generated_YCB_Video_Dataset/mask/0057/000020-mask-00.png", 
    "depth_minmax": [
      0.881, 
      0.952
    ], 
    "model": "/media/hdd/YCBvideo/YCB_Video_Dataset/YCB_Video_Dataset/models/005_tomato_soup_can/textured.obj", 
    "rot_mat": [
      [
        -0.09030849285547603, 
        0.9921082670925011, 
        0.0869808203007464
      ], 
      [
        0.5711169416925825, 
        0.12314002320369531, 
        -0.8115793146257739
      ], 
      [
        -0.8158851779392758, 
        -0.023616738449845364, 
        -0.577731454110256
      ]
    ], 
    "trans_mat": [
      -0.039079110533809455, 
      0.06057864553690885, 
      0.924084641830347
    ]
  }, 
  {
    "img": "/media/hdd/YCBvideo/YCB_Video_Dataset/YCB_Video_Dataset/data/0057/000021-label.png", 
    "mask": "/media/hdd/YCBvideo/YCB_Video_Dataset/Generated_YCB_Video_Dataset/mask/0057/000021-mask-01.png", 
    "depth_minmax": [
      0.962, 
      1.128
    ], 
    "model": "/media/hdd/YCBvideo/YCB_Video_Dataset/YCB_Video_Dataset/models/021_bleach_cleanser/textured.obj", 
    "rot_mat": [
      [
        0.8818263902828724, 
        0.4614028776422364, 
        0.09740607513641683
      ], 
      [
        0.3436580050149851, 
        -0.4873257003715263, 
        -0.8027535112019509
      ], 
      [
        -0.32292478991004775, 
        0.7413643383809436, 
        -0.5883012895249623
      ]
    ], 
    "trans_mat": [
      0.1769912510412684, 
      -0.060689868782137654, 
      1.0484921913014238
    ]
  }, 
  {
    "img": "/media/hdd/YCBvideo/YCB_Video_Dataset/YCB_Video_Dataset/data/0057/000021-label.png", 
    "mask": "/media/hdd/YCBvideo/YCB_Video_Dataset/Generated_YCB_Video_Dataset/mask/0057/000021-mask-00.png", 
    "depth_minmax": [
      0.881, 
      0.957
    ], 
    "model": "/media/hdd/YCBvideo/YCB_Video_Dataset/YCB_Video_Dataset/models/005_tomato_soup_can/textured.obj", 
    "rot_mat": [
      [
        -0.08925574647418058, 
        0.992343806080948, 
        0.0853575877077766
      ], 
      [
        0.5705680348743949, 
        0.12118690828844632, 
        -0.8122595544716968
      ], 
      [
        -0.8163852400530197, 
        -0.023796241397526598, 
        -0.5770163182632774
      ]
    ], 
    "trans_mat": [
      -0.03925397632877113, 
      0.06195973682602961, 
      0.9245204997789559
    ]
  }, 
  {
    "img": "/media/hdd/YCBvideo/YCB_Video_Dataset/YCB_Video_Dataset/data/0057/000022-label.png", 
    "mask": "/media/hdd/YCBvideo/YCB_Video_Dataset/Generated_YCB_Video_Dataset/mask/0057/000022-mask-01.png", 
    "depth_minmax": [
      0.962, 
      1.128
    ], 
    "model": "/media/hdd/YCBvideo/YCB_Video_Dataset/YCB_Video_Dataset/models/021_bleach_cleanser/textured.obj", 
    "rot_mat": [
      [
        0.8824056396376669, 
        0.46072021499724114, 
        0.09537341215540183
      ], 
      [
        0.34082382484013046, 
        -0.48620387572889845, 
        -0.8046400880362574
      ], 
      [
        -0.324343550159935, 
        0.7425246356546011, 
        -0.5860533454205913
      ]
    ], 
    "trans_mat": [
      0.17716326923071116, 
      -0.06004354871374632, 
      1.0489480849802204
    ]
  }, 
  {
    "img": "/media/hdd/YCBvideo/YCB_Video_Dataset/YCB_Video_Dataset/data/0057/000022-label.png", 
    "mask": "/media/hdd/YCBvideo/YCB_Video_Dataset/Generated_YCB_Video_Dataset/mask/0057/000022-mask-00.png", 
    "depth_minmax": [
      0.879, 
      0.953
    ], 
    "model": "/media/hdd/YCBvideo/YCB_Video_Dataset/YCB_Video_Dataset/models/005_tomato_soup_can/textured.obj", 
    "rot_mat": [
      [
        -0.08843151283807449, 
        0.9925918662972122, 
        0.08331005749523829
      ], 
      [
        0.5684255228290338, 
        0.11896934291310755, 
        -0.8140877435130576
      ], 
      [
        -0.8179679707390412, 
        -0.024635411061627324, 
        -0.5747352711900148
      ]
    ], 
    "trans_mat": [
      -0.038878454320266896, 
      0.06271939260080188, 
      0.9247338502802303
    ]
  }, 
  {
    "img": "/media/hdd/YCBvideo/YCB_Video_Dataset/YCB_Video_Dataset/data/0057/000023-label.png", 
    "mask": "/media/hdd/YCBvideo/YCB_Video_Dataset/Generated_YCB_Video_Dataset/mask/0057/000023-mask-01.png", 
    "depth_minmax": [
      0.962, 
      1.134
    ], 
    "model": "/media/hdd/YCBvideo/YCB_Video_Dataset/YCB_Video_Dataset/models/021_bleach_cleanser/textured.obj", 
    "rot_mat": [
      [
        0.8823116888588649, 
        0.46156049462274085, 
        0.09212169146496615
      ], 
      [
        0.3389668702498442, 
        -0.4873497193177059, 
        -0.804731525682789
      ], 
      [
        -0.3265373812866418, 
        0.7412503076989098, 
        -0.5864483823603927
      ]
    ], 
    "trans_mat": [
      0.17772891542219665, 
      -0.06030809231562597, 
      1.0491353762489954
    ]
  }, 
  {
    "img": "/media/hdd/YCBvideo/YCB_Video_Dataset/YCB_Video_Dataset/data/0057/000023-label.png", 
    "mask": "/media/hdd/YCBvideo/YCB_Video_Dataset/Generated_YCB_Video_Dataset/mask/0057/000023-mask-00.png", 
    "depth_minmax": [
      0.881, 
      0.953
    ], 
    "model": "/media/hdd/YCBvideo/YCB_Video_Dataset/YCB_Video_Dataset/models/005_tomato_soup_can/textured.obj", 
    "rot_mat": [
      [
        -0.089288222476236, 
        0.9927818113631919, 
        0.08006682600778502
      ], 
      [
        0.5687760806154042, 
        0.1168147734212367, 
        -0.814155126149607
      ], 
      [
        -0.8176311005758422, 
        -0.027154427561858745, 
        -0.5751012465012723
      ]
    ], 
    "trans_mat": [
      -0.03836241392426741, 
      0.06294873133856191, 
      0.9254980298940748
    ]
  }, 
  {
    "img": "/media/hdd/YCBvideo/YCB_Video_Dataset/YCB_Video_Dataset/data/0057/000024-label.png", 
    "mask": "/media/hdd/YCBvideo/YCB_Video_Dataset/Generated_YCB_Video_Dataset/mask/0057/000024-mask-01.png", 
    "depth_minmax": [
      0.959, 
      1.151
    ], 
    "model": "/media/hdd/YCBvideo/YCB_Video_Dataset/YCB_Video_Dataset/models/021_bleach_cleanser/textured.obj", 
    "rot_mat": [
      [
        0.8807008891978813, 
        0.4645861334599699, 
        0.09233262434570609
      ], 
      [
        0.34058524438844867, 
        -0.48563396752612836, 
        -0.8050847766515417
      ], 
      [
        -0.32919143901196934, 
        0.7404860548060539, 
        -0.5859301967931593
      ]
    ], 
    "trans_mat": [
      0.17894338202946541, 
      -0.05984824588566831, 
      1.0489740843989306
    ]
  }, 
  {
    "img": "/media/hdd/YCBvideo/YCB_Video_Dataset/YCB_Video_Dataset/data/0057/000024-label.png", 
    "mask": "/media/hdd/YCBvideo/YCB_Video_Dataset/Generated_YCB_Video_Dataset/mask/0057/000024-mask-00.png", 
    "depth_minmax": [
      0.881, 
      0.953
    ], 
    "model": "/media/hdd/YCBvideo/YCB_Video_Dataset/YCB_Video_Dataset/models/005_tomato_soup_can/textured.obj", 
    "rot_mat": [
      [
        -0.09269620464962902, 
        0.9924488866760223, 
        0.0803284766135193
      ], 
      [
        0.5678017272855331, 
        0.11896008198259898, 
        -0.814523927831897
      ], 
      [
        -0.8179287444702401, 
        -0.02989223872308122, 
        -0.5745422999599699
      ]
    ], 
    "trans_mat": [
      -0.037743800817868094, 
