[
  {
    "img": "/media/hdd/YCBvideo/YCB_Video_Dataset/YCB_Video_Dataset/data/0058/000001-label.png", 
    "mask": "/media/hdd/YCBvideo/YCB_Video_Dataset/Generated_YCB_Video_Dataset/mask/0058/000001-mask-00.png", 
    "depth_minmax": [
      0.806, 
      0.865
    ], 
    "model": "/media/hdd/YCBvideo/YCB_Video_Dataset/YCB_Video_Dataset/models/009_gelatin_box/textured.obj", 
    "rot_mat": [
      [
        -0.22020158216713157, 
        0.8691815224161369, 
        0.4427586757792698
      ], 
      [
        0.9017762162993465, 
        0.008336946860379007, 
        0.4321228809689788
      ], 
      [
        0.37190214015966166, 
        0.49442282527286535, 
        -0.7856423015737306
      ]
    ], 
    "trans_mat": [
      0.12969679997500616, 
      0.09501387936657582, 
      0.8413307534855502
    ]
  }, 
  {
    "img": "/media/hdd/YCBvideo/YCB_Video_Dataset/YCB_Video_Dataset/data/0058/000001-label.png", 
    "mask": "/media/hdd/YCBvideo/YCB_Video_Dataset/Generated_YCB_Video_Dataset/mask/0058/000001-mask-01.png", 
    "depth_minmax": [
      0.716, 
      0.871
    ], 
    "model": "/media/hdd/YCBvideo/YCB_Video_Dataset/YCB_Video_Dataset/models/019_pitcher_base/textured.obj", 
    "rot_mat": [
      [
        -0.9972731742418542, 
        0.0734004666434847, 
        -0.00774835493811739
      ], 
      [
        0.03990379899979374, 
        0.4478758362401522, 
        -0.893205221772006
      ], 
      [
        -0.06209086213659306, 
        -0.8910781821726699, 
        -0.4495826083999118
      ]
    ], 
    "trans_mat": [
      -0.03714503457240541, 
      -0.006484464515709686, 
      0.7999320124593357
    ]
  }, 
  {
    "img": "/media/hdd/YCBvideo/YCB_Video_Dataset/YCB_Video_Dataset/data/0058/000002-label.png", 
    "mask": "/media/hdd/YCBvideo/YCB_Video_Dataset/Generated_YCB_Video_Dataset/mask/0058/000002-mask-00.png", 
    "depth_minmax": [
      0.806, 
      0.864
    ], 
    "model": "/media/hdd/YCBvideo/YCB_Video_Dataset/YCB_Video_Dataset/models/009_gelatin_box/textured.obj", 
    "rot_mat": [
      [
        -0.21865826209723205, 
        0.8692902572255193, 
        0.4433096248669305
      ], 
      [
        0.9023015320766173, 
        0.007143238315072964, 
        0.4310450496929287
      ], 
      [
        0.3715379214920985, 
        0.494249947470962, 
        -0.785923540956229
      ]
    ], 
    "trans_mat": [
      0.12905130532101491, 
      0.09566897373379651, 
      0.8413040380043779
    ]
  }, 
  {
    "img": "/media/hdd/YCBvideo/YCB_Video_Dataset/YCB_Video_Dataset/data/0058/000002-label.png", 
    "mask": "/media/hdd/YCBvideo/YCB_Video_Dataset/Generated_YCB_Video_Dataset/mask/0058/000002-mask-01.png", 
    "depth_minmax": [
      0.718, 
      0.875
    ], 
    "model": "/media/hdd/YCBvideo/YCB_Video_Dataset/YCB_Video_Dataset/models/019_pitcher_base/textured.obj", 
    "rot_mat": [
      [
        -0.9972188127884339, 
        0.07395707214387319, 
        -0.009292518528252088
      ], 
      [
        0.04150165411233236, 
        0.4473525383942158, 
        -0.8933940036365149
      ], 
      [
        -0.06191482569309491, 
        -0.8912946649652933, 
        -0.4491779058686532
      ]
    ], 
    "trans_mat": [
      -0.037963879030984665, 
      -0.005575852557844205, 
      0.7999835781842274
    ]
  }, 
  {
    "img": "/media/hdd/YCBvideo/YCB_Video_Dataset/YCB_Video_Dataset/data/0058/000003-label.png", 
    "mask": "/media/hdd/YCBvideo/YCB_Video_Dataset/Generated_YCB_Video_Dataset/mask/0058/000003-mask-00.png", 
    "depth_minmax": [
      0.804, 
      0.864
    ], 
    "model": "/media/hdd/YCBvideo/YCB_Video_Dataset/YCB_Video_Dataset/models/009_gelatin_box/textured.obj", 
    "rot_mat": [
      [
        -0.21907694512954135, 
        0.869254192295391, 
        0.4431732707160362
      ], 
      [
        0.9023830003019528, 
        0.007757881339780591, 
        0.430864922576739
      ], 
      [
        0.3710941765229004, 
        0.4943044151524465, 
        -0.7860995717931065
      ]
    ], 
    "trans_mat": [
      0.12843281195167366, 
      0.09622382773178886, 
      0.8412618838177314
    ]
  }, 
  {
    "img": "/media/hdd/YCBvideo/YCB_Video_Dataset/YCB_Video_Dataset/data/0058/000003-label.png", 
    "mask": "/media/hdd/YCBvideo/YCB_Video_Dataset/Generated_YCB_Video_Dataset/mask/0058/000003-mask-01.png", 
    "depth_minmax": [
      0.718, 
      0.877
    ], 
    "model": "/media/hdd/YCBvideo/YCB_Video_Dataset/YCB_Video_Dataset/models/019_pitcher_base/textured.obj", 
    "rot_mat": [
      [
        -0.9972325926223191, 
        0.07382066420807054, 
        -0.008872528443253608
      ], 
      [
        0.04103679347420351, 
        0.4469610253738425, 
        -0.8936119287811198
      ], 
      [
        -0.06200075645159246, 
        -0.8915030014640272, 
        -0.44875355328341465
      ]
    ], 
    "trans_mat": [
      -0.038535369750298934, 
      -0.005113602499867972, 
      0.7999785080022142
    ]
  }, 
  {
    "img": "/media/hdd/YCBvideo/YCB_Video_Dataset/YCB_Video_Dataset/data/0058/000004-label.png", 
    "mask": "/media/hdd/YCBvideo/YCB_Video_Dataset/Generated_YCB_Video_Dataset/mask/0058/000004-mask-00.png", 
    "depth_minmax": [
      0.804, 
      0.865
    ], 
    "model": "/media/hdd/YCBvideo/YCB_Video_Dataset/YCB_Video_Dataset/models/009_gelatin_box/textured.obj", 
    "rot_mat": [
      [
        -0.22030859012334628, 
        0.8684584907826952, 
        0.4441226704625102
      ], 
      [
        0.9019516706338795, 
        0.00800484607848318, 
        0.4317631040669034
      ], 
      [
        0.37141413022084896, 
        0.49569769566010047, 
        -0.785069800362394
      ]
    ], 
    "trans_mat": [
      0.12793410301607402, 
      0.09633538122749448, 
      0.841416659262902
    ]
  }, 
  {
    "img": "/media/hdd/YCBvideo/YCB_Video_Dataset/YCB_Video_Dataset/data/0058/000004-label.png", 
    "mask": "/media/hdd/YCBvideo/YCB_Video_Dataset/Generated_YCB_Video_Dataset/mask/0058/000004-mask-01.png", 
    "depth_minmax": [
      0.717, 
      0.877
    ], 
    "model": "/media/hdd/YCBvideo/YCB_Video_Dataset/YCB_Video_Dataset/models/019_pitcher_base/textured.obj", 
    "rot_mat": [
      [
        -0.9971615810923722, 
        0.07492736074010722, 
        -0.00752285019245987
      ], 
      [
        0.04037765008049556, 
        0.44767641374839773, 
        -0.8932840298218137
      ], 
      [
        -0.06356309570319821, 
        -0.8910510485352191, 
        -0.4494309513333076
      ]
    ], 
    "trans_mat": [
      -0.038896179069758334, 
      -0.005089383593110754, 
      0.7997913396379133
    ]
  }, 
  {
    "img": "/media/hdd/YCBvideo/YCB_Video_Dataset/YCB_Video_Dataset/data/0058/000005-label.png", 
    "mask": "/media/hdd/YCBvideo/YCB_Video_Dataset/Generated_YCB_Video_Dataset/mask/0058/000005-mask-00.png", 
    "depth_minmax": [
      0.806, 
      0.864
    ], 
    "model": "/media/hdd/YCBvideo/YCB_Video_Dataset/YCB_Video_Dataset/models/009_gelatin_box/textured.obj", 
    "rot_mat": [
      [
        -0.22094116793967108, 
        0.8685132517968321, 
        0.44370000318235264
      ], 
      [
        0.901930636813061, 
        0.00885146055963779, 
        0.43179133641198675
      ], 
      [
        0.37108980951908055, 
        0.49558644002518304, 
        -0.7852935200568986
      ]
    ], 
    "trans_mat": [
      0.12743460663937572, 
      0.09648175131948063, 
      0.8412682674404128
    ]
  }, 
  {
    "img": "/media/hdd/YCBvideo/YCB_Video_Dataset/YCB_Video_Dataset/data/0058/000005-label.png", 
    "mask": "/media/hdd/YCBvideo/YCB_Video_Dataset/Generated_YCB_Video_Dataset/mask/0058/000005-mask-01.png", 
    "depth_minmax": [
      0.716, 
      0.875
    ], 
    "model": "/media/hdd/YCBvideo/YCB_Video_Dataset/YCB_Video_Dataset/models/019_pitcher_base/textured.obj", 
    "rot_mat": [
      [
        -0.997199058931686, 
        0.07447986699639625, 
        -0.0069062900566966064
      ], 
      [
        0.03960259432116897, 
        0.44738555586376594, 
        -0.893464823570142
      ], 
      [
        -0.0634546694317289, 
        -0.8912350020812219, 
        -0.44908164172171283
      ]
    ], 
    "trans_mat": [
      -0.03932437191458148, 
      -0.005084760554271621, 
      0.7997032780799767
    ]
  }, 
  {
    "img": "/media/hdd/YCBvideo/YCB_Video_Dataset/YCB_Video_Dataset/data/0058/000006-label.png", 
    "mask": "/media/hdd/YCBvideo/YCB_Video_Dataset/Generated_YCB_Video_Dataset/mask/0058/000006-mask-00.png", 
    "depth_minmax": [
      0.806, 
      0.864
    ], 
    "model": "/media/hdd/YCBvideo/YCB_Video_Dataset/YCB_Video_Dataset/models/009_gelatin_box/textured.obj", 
    "rot_mat": [
      [
        -0.21949424374287904, 
        0.8685948293749761, 
        0.4442570754397833
      ], 
      [
        0.9025939193524571, 
        0.007940764064266664, 
        0.4304195518479521
      ], 
      [
        0.37033354765978277, 
        0.4954579597647859, 
        -0.7857314489231486
      ]
    ], 
    "trans_mat": [
      0.12716877076872596, 
      0.09707024756300692, 
      0.841135846589655
    ]
  }, 
  {
    "img": "/media/hdd/YCBvideo/YCB_Video_Dataset/YCB_Video_Dataset/data/0058/000006-label.png", 
    "mask": "/media/hdd/YCBvideo/YCB_Video_Dataset/Generated_YCB_Video_Dataset/mask/0058/000006-mask-01.png", 
    "depth_minmax": [
      0.716, 
      0.871
    ], 
    "model": "/media/hdd/YCBvideo/YCB_Video_Dataset/YCB_Video_Dataset/models/019_pitcher_base/textured.obj", 
    "rot_mat": [
      [
        -0.9971450434395043, 
        0.07504684418619614, 
        -0.00835065645270316
      ], 
      [
        0.04108900094536649, 
        0.4464922232217194, 
        -0.893843849652443
      ], 
      [
        -0.06335077190657493, 
        -0.8916352404849991, 
        -0.448301106047845
      ]
    ], 
    "trans_mat": [
      -0.03975279657913064, 
      -0.004274457100510055, 
      0.7996826206620843
    ]
  }, 
  {
    "img": "/media/hdd/YCBvideo/YCB_Video_Dataset/YCB_Video_Dataset/data/0058/000007-label.png", 
    "mask": "/media/hdd/YCBvideo/YCB_Video_Dataset/Generated_YCB_Video_Dataset/mask/0058/000007-mask-00.png", 
    "depth_minmax": [
      0.806, 
      0.864
    ], 
    "model": "/media/hdd/YCBvideo/YCB_Video_Dataset/YCB_Video_Dataset/models/009_gelatin_box/textured.obj", 
    "rot_mat": [
      [
        -0.22033259958773704, 
        0.8687092752725216, 
        0.44361845522376475
      ], 
      [
        0.9027535267246655, 
        0.009353357053470051, 
        0.43005628985161204
      ], 
      [
        0.3694458904660433, 
        0.49523350058034266, 
        -0.7862911539130856
      ]
    ], 
    "trans_mat": [
      0.1267109783357255, 
      0.0980572313243987, 
      0.8410146520275561
    ]
  }, 
  {
    "img": "/media/hdd/YCBvideo/YCB_Video_Dataset/YCB_Video_Dataset/data/0058/000007-label.png", 
    "mask": "/media/hdd/YCBvideo/YCB_Video_Dataset/Generated_YCB_Video_Dataset/mask/0058/000007-mask-01.png", 
    "depth_minmax": [
      0.716, 
      0.877
    ], 
    "model": "/media/hdd/YCBvideo/YCB_Video_Dataset/YCB_Video_Dataset/models/019_pitcher_base/textured.obj", 
    "rot_mat": [
      [
        -0.9972028152383208, 
        0.07436549960338969, 
        -0.007540590180683425
      ], 
      [
        0.039995176295627204, 
        0.44563784372861553, 
        -0.8943197044060177
      ], 
      [
        -0.0631455826488405, 
        -0.8921198537918245, 
        -0.4473658867899781
      ]
    ], 
    "trans_mat": [
      -0.04011636967020346, 
      -0.0035026808131480747, 
      0.7997087519261108
    ]
  }, 
  {
    "img": "/media/hdd/YCBvideo/YCB_Video_Dataset/YCB_Video_Dataset/data/0058/000008-label.png", 
    "mask": "/media/hdd/YCBvideo/YCB_Video_Dataset/Generated_YCB_Video_Dataset/mask/0058/000008-mask-00.png", 
    "depth_minmax": [
      0.804, 
      0.865
    ], 
    "model": "/media/hdd/YCBvideo/YCB_Video_Dataset/YCB_Video_Dataset/models/009_gelatin_box/textured.obj", 
    "rot_mat": [
      [
        -0.2204825248546352, 
        0.8682342274934104, 
        0.44447341144164115
      ], 
      [
        0.9031817246824826, 
        0.009663805700399033, 
        0.42914917777762673
      ], 
      [
        0.3683080975942282, 
        0.4960604782115097, 
        -0.7863039243781538
      ]
    ], 
    "trans_mat": [
      0.12534944196481215, 
      0.09857727741383798, 
      0.840885019156271
    ]
  }, 
  {
    "img": "/media/hdd/YCBvideo/YCB_Video_Dataset/YCB_Video_Dataset/data/0058/000008-label.png", 
    "mask": "/media/hdd/YCBvideo/YCB_Video_Dataset/Generated_YCB_Video_Dataset/mask/0058/000008-mask-01.png", 
    "depth_minmax": [
      0.716, 
      0.875
    ], 
    "model": "/media/hdd/YCBvideo/YCB_Video_Dataset/YCB_Video_Dataset/models/019_pitcher_base/textured.obj", 
    "rot_mat": [
      [
        -0.9971325282689162, 
        0.07532604546633924, 
        -0.007313629731631543
      ], 
      [
        0.04015684645666114, 
        0.4447060719946596, 
        -0.8947760483250975
      ], 
      [
        -0.06414726219131277, 
        -0.8925042629970736, 
        -0.4464562185085853
      ]
    ], 
    "trans_mat": [
      -0.04146121563101547, 
      -0.0029870342216644988, 
      0.7995225130178131
    ]
  }, 
  {
    "img": "/media/hdd/YCBvideo/YCB_Video_Dataset/YCB_Video_Dataset/data/0058/000009-label.png", 
    "mask": "/media/hdd/YCBvideo/YCB_Video_Dataset/Generated_YCB_Video_Dataset/mask/0058/000009-mask-00.png", 
    "depth_minmax": [
      0.804, 
      0.865
    ], 
    "model": "/media/hdd/YCBvideo/YCB_Video_Dataset/YCB_Video_Dataset/models/009_gelatin_box/textured.obj", 
    "rot_mat": [
      [
        -0.22242226509011667, 
        0.8671334622101742, 
        0.4456553398173018
      ], 
      [
        0.9032885174085309, 
        0.011274117394106137, 
        0.4288857854964813
      ], 
      [
        0.3668770601863017, 
        0.4979484739525267, 
        -0.7857781209281072
      ]
    ], 
    "trans_mat": [
      0.12403981808462428, 
      0.09893039436636766, 
      0.8408412166656138
    ]
  }, 
  {
    "img": "/media/hdd/YCBvideo/YCB_Video_Dataset/YCB_Video_Dataset/data/0058/000009-label.png", 
    "mask": "/media/hdd/YCBvideo/YCB_Video_Dataset/Generated_YCB_Video_Dataset/mask/0058/000009-mask-01.png", 
    "depth_minmax": [
      0.718, 
      0.87
    ], 
    "model": "/media/hdd/YCBvideo/YCB_Video_Dataset/YCB_Video_Dataset/models/019_pitcher_base/textured.obj", 
    "rot_mat": [
      [
        -0.9970397684970486, 
        0.07672200357153576, 
        -0.005212694496700064
      ], 
      [
        0.038835850243655955, 
        0.4438674509707971, 
        -0.8952509901805665
      ], 
      [
        -0.066371289554029, 
        -0.8928022132872057, 
        -0.4455322070301328
      ]
    ], 
    "trans_mat": [
      -0.04255231272456041, 
      -0.0028868140005939764, 
      0.7992203169872926
    ]
  }, 
  {
    "img": "/media/hdd/YCBvideo/YCB_Video_Dataset/YCB_Video_Dataset/data/0058/000010-label.png", 
    "mask": "/media/hdd/YCBvideo/YCB_Video_Dataset/Generated_YCB_Video_Dataset/mask/0058/000010-mask-00.png", 
    "depth_minmax": [
      0.802, 
      0.864
    ], 
    "model": "/media/hdd/YCBvideo/YCB_Video_Dataset/YCB_Video_Dataset/models/009_gelatin_box/textured.obj", 
    "rot_mat": [
      [
        -0.2246754471416854, 
        0.8667701053385017, 
        0.445231165107777
      ], 
      [
        0.9032670975557686, 
        0.013847217728638648, 
        0.4288556408623638
      ], 
      [
        0.3655557286046759, 
        0.4985149837968137, 
        -0.786035083386644
      ]
    ], 
    "trans_mat": [
      0.1226967611661677, 
      0.09940634255030133, 
      0.8404609897157387
    ]
  }, 
  {
    "img": "/media/hdd/YCBvideo/YCB_Video_Dataset/YCB_Video_Dataset/data/0058/000010-label.png", 
    "mask": "/media/hdd/YCBvideo/YCB_Video_Dataset/Generated_YCB_Video_Dataset/mask/0058/000010-mask-01.png", 
    "depth_minmax": [
      0.716, 
      0.871
    ], 
    "model": "/media/hdd/YCBvideo/YCB_Video_Dataset/YCB_Video_Dataset/models/019_pitcher_base/textured.obj", 
    "rot_mat": [
      [
        -0.9970783341235976, 
        0.07633780383918351, 
        -0.0029236585412105356
      ], 
      [
        0.036533662405458626, 
        0.4428784635030063, 
        -0.8958375503708141
      ], 
      [
        -0.06709025424655382, 
        -0.8933259439465737, 
        -0.444373899116743
      ]
    ], 
    "trans_mat": [
      -0.04364064778773832, 
      -0.00283477891373343, 
      0.7988604961888074
    ]
  }, 
  {
    "img": "/media/hdd/YCBvideo/YCB_Video_Dataset/YCB_Video_Dataset/data/0058/000011-label.png", 
    "mask": "/media/hdd/YCBvideo/YCB_Video_Dataset/Generated_YCB_Video_Dataset/mask/0058/000011-mask-00.png", 
    "depth_minmax": [
      0.804, 
      0.864
    ], 
    "model": "/media/hdd/YCBvideo/YCB_Video_Dataset/YCB_Video_Dataset/models/009_gelatin_box/textured.obj", 
    "rot_mat": [
      [
        -0.22647275954106572, 
        0.8666736825410916, 
        0.44450831598691387
      ], 
      [
        0.9039832341499476, 
        0.01710261938588706, 
        0.42722467479858206
      ], 
      [
        0.3626625167408841, 
        0.4985827531874171, 
        -0.7873316351037203
      ]
    ], 
    "trans_mat": [
      0.12139372858625933, 
      0.10149500385851395, 
      0.8400129136310258
    ]
  }, 
  {
    "img": "/media/hdd/YCBvideo/YCB_Video_Dataset/YCB_Video_Dataset/data/0058/000011-label.png", 
    "mask": "/media/hdd/YCBvideo/YCB_Video_Dataset/Generated_YCB_Video_Dataset/mask/0058/000011-mask-01.png", 
    "depth_minmax": [
      0.713, 
      0.87
    ], 
    "model": "/media/hdd/YCBvideo/YCB_Video_Dataset/YCB_Video_Dataset/models/019_pitcher_base/textured.obj", 
    "rot_mat": [
      [
        -0.9971382401937229, 
        0.0756031012557545, 
        -0.0011295667910766745
      ], 
      [
        0.034391956822746476, 
        0.4401939661622943, 
        -0.8972436531701395
      ], 
      [
        -0.06733681885534204, 
        -0.8947149344347558, 
        -0.441533788013707
      ]
    ], 
    "trans_mat": [
      -0.04473990478152138, 
      -0.0011988853043391878, 
      0.7987146853747514
    ]
  }, 
  {
    "img": "/media/hdd/YCBvideo/YCB_Video_Dataset/YCB_Video_Dataset/data/0058/000012-label.png", 
    "mask": "/media/hdd/YCBvideo/YCB_Video_Dataset/Generated_YCB_Video_Dataset/mask/0058/000012-mask-00.png", 
    "depth_minmax": [
      0.804, 
      0.864
    ], 
    "model": "/media/hdd/YCBvideo/YCB_Video_Dataset/YCB_Video_Dataset/models/009_gelatin_box/textured.obj", 
    "rot_mat": [
      [
        -0.2302393330228613, 
        0.8657592926944148, 
        0.4443537659895323
      ], 
      [
        0.9039118790668731, 
        0.021124948044482516, 
        0.42719661347402355
      ], 
      [
        0.36046315677281454, 
        0.5000139263416046, 
        -0.7874336099281908
      ]
    ], 
    "trans_mat": [
      0.12001836088824475, 
      0.10381705048433637, 
      0.8400243536033459
    ]
  }, 
  {
    "img": "/media/hdd/YCBvideo/YCB_Video_Dataset/YCB_Video_Dataset/data/0058/000012-label.png", 
    "mask": "/media/hdd/YCBvideo/YCB_Video_Dataset/Generated_YCB_Video_Dataset/mask/0058/000012-mask-01.png", 
    "depth_minmax": [
      0.715, 
      0.871
    ], 
    "model": "/media/hdd/YCBvideo/YCB_Video_Dataset/YCB_Video_Dataset/models/019_pitcher_base/textured.obj", 
    "rot_mat": [
      [
        -0.9971355361640155, 
        0.07558891391237994, 
        0.0027494615425565543
      ], 
      [
        0.030777161851618513, 
        0.43866347833168673, 
        -0.8981244957202226
      ], 
      [
        -0.06909387788758074, 
        -0.8954671389886321, 
        -0.4397330173542379
      ]
    ], 
    "trans_mat": [
      -0.04568565135956075, 
      0.0004615246613476395, 
      0.7986511313314822
    ]
  }, 
  {
    "img": "/media/hdd/YCBvideo/YCB_Video_Dataset/YCB_Video_Dataset/data/0058/000013-label.png", 
    "mask": "/media/hdd/YCBvideo/YCB_Video_Dataset/Generated_YCB_Video_Dataset/mask/0058/000013-mask-00.png", 
    "depth_minmax": [
      0.804, 
      0.862
    ], 
    "model": "/media/hdd/YCBvideo/YCB_Video_Dataset/YCB_Video_Dataset/models/009_gelatin_box/textured.obj", 
    "rot_mat": [
      [
        -0.23148543572688696, 
        0.8647555792814074, 
        0.44566017106878414
      ], 
      [
        0.9042910319119248, 
        0.022354096902096995, 
        0.42633156369205466
      ], 
      [
        0.3587107075261227, 
        0.5016952930523003, 
        -0.7871641020218942
      ]
    ], 
    "trans_mat": [
      0.11885120983189379, 
      0.10470497413649034, 
      0.8401553676716723
    ]
  }, 
  {
    "img": "/media/hdd/YCBvideo/YCB_Video_Dataset/YCB_Video_Dataset/data/0058/000013-label.png", 
    "mask": "/media/hdd/YCBvideo/YCB_Video_Dataset/Generated_YCB_Video_Dataset/mask/0058/000013-mask-01.png", 
    "depth_minmax": [
      0.715, 
      0.87
    ], 
    "model": "/media/hdd/YCBvideo/YCB_Video_Dataset/YCB_Video_Dataset/models/019_pitcher_base/textured.obj", 
    "rot_mat": [
      [
        -0.9970153272602905, 
        0.07710301710113508, 
        0.004149443941612649
      ], 
      [
        0.030087396600204652, 
        0.43742518820931187, 
        -0.8987519817283527
      ], 
      [
        -0.07111100272310403, 
        -0.8959434697726566, 
        -0.43843878911639583
      ]
    ], 
    "trans_mat": [
      -0.04670970826452628, 
      0.0011920993259492447, 
      0.7986025171136472
    ]
  }, 
  {
    "img": "/media/hdd/YCBvideo/YCB_Video_Dataset/YCB_Video_Dataset/data/0058/000014-label.png", 
    "mask": "/media/hdd/YCBvideo/YCB_Video_Dataset/Generated_YCB_Video_Dataset/mask/0058/000014-mask-00.png", 
    "depth_minmax": [
      0.804, 
      0.864
    ], 
    "model": "/media/hdd/YCBvideo/YCB_Video_Dataset/YCB_Video_Dataset/models/009_gelatin_box/textured.obj", 
    "rot_mat": [
      [
        -0.232268074173149, 
        0.8653487137394563, 
        0.4440987874161938
      ], 
      [
        0.9049099445599892, 
        0.024839364569235994, 
        0.4248765632958166
      ], 
      [
        0.3566356355780005, 
        0.5005549590440206, 
        -0.7888314865298292
      ]
    ], 
    "trans_mat": [
      0.11908971652014069, 
      0.10573177785451675, 
      0.8398808947661311
    ]
  }, 
  {
    "img": "/media/hdd/YCBvideo/YCB_Video_Dataset/YCB_Video_Dataset/data/0058/000014-label.png", 
    "mask": "/media/hdd/YCBvideo/YCB_Video_Dataset/Generated_YCB_Video_Dataset/mask/0058/000014-mask-01.png", 
    "depth_minmax": [
      0.716, 
      0.87
    ], 
    "model": "/media/hdd/YCBvideo/YCB_Video_Dataset/YCB_Video_Dataset/models/019_pitcher_base/textured.obj", 
    "rot_mat": [
      [
        -0.9971430917688274, 
        0.07539166540373504, 
        0.0048256156444026
      ], 
      [
        0.028547954297794557, 
        0.43518546649145307, 
        -0.899887942270224
      ], 
      [
        -0.06994421436639255, 
        -0.8971791389963666, 
        -0.4360939671511539
      ]
    ], 
    "trans_mat": [
      -0.04638188855390749, 
      0.0018860625840571939, 
      0.7988054287946804
    ]
  }, 
  {
    "img": "/media/hdd/YCBvideo/YCB_Video_Dataset/YCB_Video_Dataset/data/0058/000015-label.png", 
    "mask": "/media/hdd/YCBvideo/YCB_Video_Dataset/Generated_YCB_Video_Dataset/mask/0058/000015-mask-00.png", 
    "depth_minmax": [
      0.803, 
      0.864
    ], 
    "model": "/media/hdd/YCBvideo/YCB_Video_Dataset/YCB_Video_Dataset/models/009_gelatin_box/textured.obj", 
    "rot_mat": [
      [
        -0.2353037021514715, 
        0.865517306992972, 
        0.4421678317326341
      ], 
      [
        0.9045336930431918, 
        0.028563699223571565, 
        0.42544524574566395
      ], 
      [
        0.3556003467466966, 
        0.5000638930428548, 
        -0.7896095711399823
      ]
    ], 
    "trans_mat": [
      0.11966552678140266, 
      0.10727126811792817, 
      0.8397969935376141
    ]
  }, 
  {
    "img": "/media/hdd/YCBvideo/YCB_Video_Dataset/YCB_Video_Dataset/data/0058/000015-label.png", 
    "mask": "/media/hdd/YCBvideo/YCB_Video_Dataset/Generated_YCB_Video_Dataset/mask/0058/000015-mask-01.png", 
    "depth_minmax": [
      0.718, 
      0.871
    ], 
    "model": "/media/hdd/YCBvideo/YCB_Video_Dataset/YCB_Video_Dataset/models/019_pitcher_base/textured.obj", 
    "rot_mat": [
      [
        -0.9972749886779452, 
        0.07336951674665948, 
        0.0078031280677439314
      ], 
      [
        0.024905533419170924, 
        0.43430161566806275, 
        -0.9004238740921159
      ], 
      [
        -0.06945214752671146, 
        -0.8977748561415898, 
        -0.43494445537237747
      ]
    ], 
    "trans_mat": [
      -0.04545653257184011, 
      0.002784035195777789, 
      0.7989421671424378
    ]
  }, 
  {
    "img": "/media/hdd/YCBvideo/YCB_Video_Dataset/YCB_Video_Dataset/data/0058/000016-label.png", 
    "mask": "/media/hdd/YCBvideo/YCB_Video_Dataset/Generated_YCB_Video_Dataset/mask/0058/000016-mask-00.png", 
    "depth_minmax": [
      0.804, 
      0.864
    ], 
    "model": "/media/hdd/YCBvideo/YCB_Video_Dataset/YCB_Video_Dataset/models/009_gelatin_box/textured.obj", 
    "rot_mat": [
      [
        -0.23735230580645983, 
        0.8655189165622016, 
        0.4410684872554391
      ], 
      [
        0.9044782636660256, 
        0.03126660142681027, 
        0.4253720907932616
      ], 
      [
        0.3543775030691189, 
        0.49989966483557857, 
        -0.7902633556769522
      ]
    ], 
    "trans_mat": [
      0.11911160052719949, 
      0.10850902576504418, 
      0.8397483905208546
    ]
  }, 
  {
    "img": "/media/hdd/YCBvideo/YCB_Video_Dataset/YCB_Video_Dataset/data/0058/000016-label.png", 
    "mask": "/media/hdd/YCBvideo/YCB_Video_Dataset/Generated_YCB_Video_Dataset/mask/0058/000016-mask-01.png", 
    "depth_minmax": [
      0.717, 
      0.871
    ], 
    "model": "/media/hdd/YCBvideo/YCB_Video_Dataset/YCB_Video_Dataset/models/019_pitcher_base/textured.obj", 
    "rot_mat": [
      [
        -0.9973398868236774, 
        0.07223541537465059, 
        0.00983166052806468
      ], 
      [
        0.022495134770148393, 
        0.43322245943109833, 
        -0.9010065491462897
      ], 
      [
        -0.06934359546178528, 
        -0.8983879455392119, 
        -0.43369461903107764
      ]
    ], 
    "trans_mat": [
      -0.04577327224158623, 
      0.003582341469010364, 
      0.7990624133089089
    ]
  }, 
  {
    "img": "/media/hdd/YCBvideo/YCB_Video_Dataset/YCB_Video_Dataset/data/0058/000017-label.png", 
    "mask": "/media/hdd/YCBvideo/YCB_Video_Dataset/Generated_YCB_Video_Dataset/mask/0058/000017-mask-00.png", 
    "depth_minmax": [
      0.804, 
      0.863
    ], 
    "model": "/media/hdd/YCBvideo/YCB_Video_Dataset/YCB_Video_Dataset/models/009_gelatin_box/textured.obj", 
    "rot_mat": [
      [
        -0.23813629535014455, 
        0.8671067471129367, 
        0.4375125781709005
      ], 
      [
        0.9051075408722243, 
        0.03475801274827414, 
        0.4237597085892617
      ], 
      [
        0.35223846922683755, 
        0.49690874776236443, 
        -0.7931014960281725
      ]
    ], 
    "trans_mat": [
      0.12094611728950849, 
      0.11016022450467758, 
      0.8392269936587738
    ]
  }, 
  {
    "img": "/media/hdd/YCBvideo/YCB_Video_Dataset/YCB_Video_Dataset/data/0058/000017-label.png", 
    "mask": "/media/hdd/YCBvideo/YCB_Video_Dataset/Generated_YCB_Video_Dataset/mask/0058/000017-mask-01.png", 
    "depth_minmax": [
      0.716, 
      0.866
    ], 
    "model": "/media/hdd/YCBvideo/YCB_Video_Dataset/YCB_Video_Dataset/models/019_pitcher_base/textured.obj", 
    "rot_mat": [
      [
        -0.9976113875891992, 
        0.06830578674286261, 
        0.01034612249794193
      ], 
      [
        0.020114513636545213, 
        0.4304622396438446, 
        -0.9023847952136216
      ], 
      [
        -0.06609172646241923, 
        -0.9000211237594423, 
        -0.4308077192328769
      ]
    ], 
    "trans_mat": [
      -0.04384485082202197, 
      0.0047460297958304126, 
      0.7994304537688524
    ]
  }, 
  {
    "img": "/media/hdd/YCBvideo/YCB_Video_Dataset/YCB_Video_Dataset/data/0058/000018-label.png", 
    "mask": "/media/hdd/YCBvideo/YCB_Video_Dataset/Generated_YCB_Video_Dataset/mask/0058/000018-mask-00.png", 
    "depth_minmax": [
      0.802, 
      0.863
    ], 
    "model": "/media/hdd/YCBvideo/YCB_Video_Dataset/YCB_Video_Dataset/models/009_gelatin_box/textured.obj", 
    "rot_mat": [
      [
        -0.2434565696387499, 
        0.8668826977788215, 
        0.4350218252178142
      ], 
      [
        0.9045255220482595, 
        0.04103409003985905, 
        0.42444056035976246
      ], 
      [
        0.35009068626663287, 
        0.49682086279744814, 
        -0.7941064601321108
      ]
    ], 
    "trans_mat": [
      0.12037763147323816, 
      0.11240718884229405, 
      0.8389178330643696
    ]
  }, 
  {
    "img": "/media/hdd/YCBvideo/YCB_Video_Dataset/YCB_Video_Dataset/data/0058/000018-label.png", 
    "mask": "/media/hdd/YCBvideo/YCB_Video_Dataset/Generated_YCB_Video_Dataset/mask/0058/000018-mask-01.png", 
    "depth_minmax": [
      0.718, 
      0.872
    ], 
    "model": "/media/hdd/YCBvideo/YCB_Video_Dataset/YCB_Video_Dataset/models/019_pitcher_base/textured.obj", 
    "rot_mat": [
      [
        -0.9977119610218868, 
        0.06578298991044053, 
        0.015655055351410787
      ], 
      [
        0.01409276434797202, 
        0.4287187826223636, 
        -0.9033283927389115
      ], 
      [
        -0.06613483297563974, 
        -0.9010400205441655, 
        -0.4286651407170081
      ]
    ], 
    "trans_mat": [
      -0.04379043377279493, 
      0.005931928507886522, 
      0.7993722846980769
    ]
  }, 
  {
    "img": "/media/hdd/YCBvideo/YCB_Video_Dataset/YCB_Video_Dataset/data/0058/000019-label.png", 
    "mask": "/media/hdd/YCBvideo/YCB_Video_Dataset/Generated_YCB_Video_Dataset/mask/0058/000019-mask-00.png", 
    "depth_minmax": [
      0.804, 
      0.864
    ], 
    "model": "/media/hdd/YCBvideo/YCB_Video_Dataset/YCB_Video_Dataset/models/009_gelatin_box/textured.obj", 
    "rot_mat": [
      [
        -0.2470959157004513, 
        0.8650617752368599, 
        0.4365909183685608
      ], 
      [
        0.9043074342936194, 
        0.04401062434029283, 
        0.42460600983780167
      ], 
      [
        0.34809639800812364, 
        0.49973135167114807, 
        -0.7931567277510739
      ]
    ], 
    "trans_mat": [
      0.1158472679851611, 
      0.11418139870684249, 
      0.8391250443280687
    ]
  }, 
  {
    "img": "/media/hdd/YCBvideo/YCB_Video_Dataset/YCB_Video_Dataset/data/0058/000019-label.png", 
    "mask": "/media/hdd/YCBvideo/YCB_Video_Dataset/Generated_YCB_Video_Dataset/mask/0058/000019-mask-01.png", 
    "depth_minmax": [
      0.718, 
      0.871
    ], 
    "model": "/media/hdd/YCBvideo/YCB_Video_Dataset/YCB_Video_Dataset/models/019_pitcher_base/textured.obj", 
    "rot_mat": [
      [
        -0.9975136300967876, 
        0.06771041580127818, 
        0.019562528534182923
      ], 
      [
        0.011309449847718738, 
        0.4277493621411067, 
        -0.903826472655013
      ], 
      [
        -0.06956636689548257, 
        -0.9013585226683096, 
        -0.42745135994745914
      ]
    ], 
    "trans_mat": [
      -0.04789618608933012, 
      0.007212259553433327, 
      0.7991544419418389
    ]
  }, 
  {
    "img": "/media/hdd/YCBvideo/YCB_Video_Dataset/YCB_Video_Dataset/data/0058/000020-label.png", 
    "mask": "/media/hdd/YCBvideo/YCB_Video_Dataset/Generated_YCB_Video_Dataset/mask/0058/000020-mask-00.png", 
    "depth_minmax": [
      0.804, 
      0.864
    ], 
    "model": "/media/hdd/YCBvideo/YCB_Video_Dataset/YCB_Video_Dataset/models/009_gelatin_box/textured.obj", 
    "rot_mat": [
      [
        -0.2441472832107003, 
        0.8649704796887007, 
        0.4384268245699334
      ], 
      [
        0.9055862033166405, 
        0.041656321189011865, 
        0.42211166439302167
      ], 
      [
        0.3468515498445368, 
        0.5000908794595506, 
        -0.7934746228110177
      ]
    ], 
    "trans_mat": [
      0.11430463286389309, 
      0.11435636104053361, 
      0.83917286587436
    ]
  }, 
  {
    "img": "/media/hdd/YCBvideo/YCB_Video_Dataset/YCB_Video_Dataset/data/0058/000020-label.png", 
    "mask": "/media/hdd/YCBvideo/YCB_Video_Dataset/Generated_YCB_Video_Dataset/mask/0058/000020-mask-01.png", 
    "depth_minmax": [
      0.718, 
      0.867
    ], 
    "model": "/media/hdd/YCBvideo/YCB_Video_Dataset/YCB_Video_Dataset/models/019_pitcher_base/textured.obj", 
    "rot_mat": [
      [
        -0.9974356152502593, 
        0.06961080341959826, 
        0.016654647708156837
      ], 
      [
        0.014655675814984023, 
        0.4263896078069891, 
        -0.9044211220571265
      ], 
      [
        -0.0700589682323835, 
        -0.9018571631394555, 
        -0.4263161653167324
      ]
    ], 
    "trans_mat": [
      -0.04978701924316601, 
      0.007901594832951584, 
      0.7992569207854161
    ]
  }, 
  {
    "img": "/media/hdd/YCBvideo/YCB_Video_Dataset/YCB_Video_Dataset/data/0058/000021-label.png", 
    "mask": "/media/hdd/YCBvideo/YCB_Video_Dataset/Generated_YCB_Video_Dataset/mask/0058/000021-mask-00.png", 
    "depth_minmax": [
      0.804, 
      0.863
    ], 
    "model": "/media/hdd/YCBvideo/YCB_Video_Dataset/YCB_Video_Dataset/models/009_gelatin_box/textured.obj", 
    "rot_mat": [
      [
        -0.2458791243556135, 
        0.8659808540048876, 
        0.4354545898380676
      ], 
      [
        0.905950953005949, 
        0.04556880590819587, 
        0.4209238805872039
      ], 
      [
        0.34466979148377186, 
        0.4979964424189427, 
        -0.7957396553845969
      ]
    ], 
    "trans_mat": [
      0.11522522385816009, 
      0.11595442600730074, 
      0.8386663053982079
    ]
  }, 
  {
    "img": "/media/hdd/YCBvideo/YCB_Video_Dataset/YCB_Video_Dataset/data/0058/000021-label.png", 
    "mask": "/media/hdd/YCBvideo/YCB_Video_Dataset/Generated_YCB_Video_Dataset/mask/0058/000021-mask-01.png", 
    "depth_minmax": [
      0.718, 
      0.871
    ], 
    "model": "/media/hdd/YCBvideo/YCB_Video_Dataset/YCB_Video_Dataset/models/019_pitcher_base/textured.obj", 
    "rot_mat": [
      [
        -0.9976285896226658, 
        0.06638374239362008, 
        0.0182048638900848
      ], 
      [
        0.011676328250343078, 
        0.42385063469618683, 
        -0.9056574581704278
      ], 
      [
        -0.06783655129070772, 
        -0.9032964104661694, 
        -0.4236205109764012
      ]
    ], 
    "trans_mat": [
      -0.04865968129623022, 
      0.00892450001640358, 
      0.7994448522774842
    ]
  }, 
  {
    "img": "/media/hdd/YCBvideo/YCB_Video_Dataset/YCB_Video_Dataset/data/0058/000022-label.png", 
    "mask": "/media/hdd/YCBvideo/YCB_Video_Dataset/Generated_YCB_Video_Dataset/mask/0058/000022-mask-00.png", 
    "depth_minmax": [
      0.804, 
      0.863
    ], 
    "model": "/media/hdd/YCBvideo/YCB_Video_Dataset/YCB_Video_Dataset/models/009_gelatin_box/textured.obj", 
    "rot_mat": [
      [
        -0.24681859594977626, 
        0.866217320495616, 
        0.4344518449607996
      ], 
      [
        0.9058577915242388, 
        0.046975608396900397, 
        0.42096967371400995
      ], 
      [
        0.3442430831088523, 
        0.4974543684822178, 
        -0.7962633920685257
      ]
    ], 
    "trans_mat": [
      0.1139235363981082, 
      0.11715489867140726, 
      0.8387425162906119
    ]
  }, 
  {
    "img": "/media/hdd/YCBvideo/YCB_Video_Dataset/YCB_Video_Dataset/data/0058/000022-label.png", 
    "mask": "/media/hdd/YCBvideo/YCB_Video_Dataset/Generated_YCB_Video_Dataset/mask/0058/000022-mask-01.png", 
    "depth_minmax": [
      0.717, 
      0.872
    ], 
    "model": "/media/hdd/YCBvideo/YCB_Video_Dataset/YCB_Video_Dataset/models/019_pitcher_base/textured.obj", 
    "rot_mat": [
      [
        -0.9976826058976047, 
        0.06531396601125022, 
        0.019097435503462247
      ], 
      [
        0.010375320616741183, 
        0.4233630058860982, 
        -0.9059013191159316
      ], 
      [
        -0.06725274466129096, 
        -0.903603267133753, 
        -0.42305905406798444
      ]
    ], 
    "trans_mat": [
      -0.049849322699598395, 
      0.009893615386470858, 
      0.7996858010274249
    ]
  }, 
  {
    "img": "/media/hdd/YCBvideo/YCB_Video_Dataset/YCB_Video_Dataset/data/0058/000023-label.png", 
    "mask": "/media/hdd/YCBvideo/YCB_Video_Dataset/Generated_YCB_Video_Dataset/mask/0058/000023-mask-00.png", 
    "depth_minmax": [
      0.804, 
      0.863
    ], 
    "model": "/media/hdd/YCBvideo/YCB_Video_Dataset/YCB_Video_Dataset/models/009_gelatin_box/textured.obj", 
    "rot_mat": [
      [
        -0.24501591508638967, 
        0.8675430193424588, 
        0.4328227293941184
      ], 
      [
        0.9065314781264691, 
        0.04671297118210183, 
        0.4195454740431137
      ], 
      [
        0.34375626539457016, 
        0.49516258645843186, 
        -0.7979003798257736
      ]
    ], 
    "trans_mat": [
      0.11438127254586097, 
      0.11754975752503924, 
      0.8386148966300697
    ]
  }, 
  {
    "img": "/media/hdd/YCBvideo/YCB_Video_Dataset/YCB_Video_Dataset/data/0058/000023-label.png", 
    "mask": "/media/hdd/YCBvideo/YCB_Video_Dataset/Generated_YCB_Video_Dataset/mask/0058/000023-mask-01.png", 
    "depth_minmax": [
      0.718, 
      0.873
    ], 
    "model": "/media/hdd/YCBvideo/YCB_Video_Dataset/YCB_Video_Dataset/models/019_pitcher_base/textured.obj", 
    "rot_mat": [
      [
        -0.9978411058426256, 
        0.06341223638774562, 
        0.017092576627356023
      ], 
      [
        0.01130240510630571, 
        0.4221799666954402, 
        -0.9064417936709083
      ], 
      [
        -0.06469505902344656, 
        -0.9042917904806232, 
        -0.4219851947860637
      ]
    ], 
    "trans_mat": [
      -0.04959980403109193, 
      0.010406225296590776, 
      0.8001130232435602
    ]
  }, 
  {
    "img": "/media/hdd/YCBvideo/YCB_Video_Dataset/YCB_Video_Dataset/data/0058/000024-label.png", 
    "mask": "/media/hdd/YCBvideo/YCB_Video_Dataset/Generated_YCB_Video_Dataset/mask/0058/000024-mask-00.png", 
    "depth_minmax": [
      0.804, 
      0.863
    ], 
    "model": "/media/hdd/YCBvideo/YCB_Video_Dataset/YCB_Video_Dataset/models/009_gelatin_box/textured.obj", 
    "rot_mat": [
      [
        -0.24602179637724778, 
        0.8689617653046412, 
        0.4293925373109866
      ], 
      [
        0.9051352588356216, 
        0.04750670345009434, 
        0.4224614034334278
      ], 
      [
        0.3467047911532513, 
        0.492593360220703, 
        -0.7982151175934964
      ]
    ], 
    "trans_mat": [
      0.11602732012063366, 
      0.1161780242215495, 
      0.8387508037752928
    ]
  }, 
  {
    "img": "/media/hdd/YCBvideo/YCB_Video_Dataset/YCB_Video_Dataset/data/0058/000024-label.png", 
    "mask": "/media/hdd/YCBvideo/YCB_Video_Dataset/Generated_YCB_Video_Dataset/mask/0058/000024-mask-01.png", 
    "depth_minmax": [
      0.719, 
      0.868
    ], 
    "model": "/media/hdd/YCBvideo/YCB_Video_Dataset/YCB_Video_Dataset/models/019_pitcher_base/textured.obj", 
    "rot_mat": [
      [
        -0.9980597061312472, 
        0.05964961145720589, 
        0.017857920303522287
      ], 
      [
        0.009170666059985585, 
        0.42450568875588807, 
        -0.9053793418568556
      ], 
      [
        -0.061586301555598195, 
        -0.9034587707354396, 
        -0.42422918699303874
      ]
    ], 
    "trans_mat": [
      -0.04782686594407587, 
      0.008752011537482396, 
      0.8004961424779146
    ]
  }, 
  {
