[
  {
    "img": "/media/hdd/YCBvideo/YCB_Video_Dataset/YCB_Video_Dataset/data/0000/000001-label.png", 
    "mask": "/media/hdd/YCBvideo/YCB_Video_Dataset/Generated_YCB_Video_Dataset/mask/0000/000001-mask-00.png", 
    "depth_minmax": [
      0.54, 
      0.626
    ], 
    "model": "/media/hdd/YCBvideo/YCB_Video_Dataset/YCB_Video_Dataset/models/009_gelatin_box/textured.obj", 
    "rot_mat": [
      [
        0.023388461238133155, 
        -0.6309259097300829, 
        0.7754917946168369
      ], 
      [
        0.9331277258632086, 
        -0.2646079492419404, 
        -0.24342225948802707
      ], 
      [
        0.35878191775210355, 
        0.7293255835844041, 
        0.5825453120678373
      ]
    ], 
    "trans_mat": [
      -0.030632231140806272, 
      -0.00803169956929697, 
      0.5926409962060182
    ]
  }, 
  {
    "img": "/media/hdd/YCBvideo/YCB_Video_Dataset/YCB_Video_Dataset/data/0000/000001-label.png", 
    "mask": "/media/hdd/YCBvideo/YCB_Video_Dataset/Generated_YCB_Video_Dataset/mask/0000/000001-mask-01.png", 
    "depth_minmax": [
      0.495, 
      0.561
    ], 
    "model": "/media/hdd/YCBvideo/YCB_Video_Dataset/YCB_Video_Dataset/models/061_foam_brick/textured.obj", 
    "rot_mat": [
      [
        -0.8971677453222506, 
        0.11799638268654739, 
        -0.42563812015196795
      ], 
      [
        0.1429716181504066, 
        -0.8341936884002696, 
        -0.5326155391237936
      ], 
      [
        -0.41791093157378145, 
        -0.5386999273190123, 
        0.7315406634802615
      ]
    ], 
    "trans_mat": [
      0.07523607483356512, 
      0.037916445749276655, 
      0.5342229880488572
    ]
  }, 
  {
    "img": "/media/hdd/YCBvideo/YCB_Video_Dataset/YCB_Video_Dataset/data/0000/000002-label.png", 
    "mask": "/media/hdd/YCBvideo/YCB_Video_Dataset/Generated_YCB_Video_Dataset/mask/0000/000002-mask-00.png", 
    "depth_minmax": [
      0.54, 
      0.626
    ], 
    "model": "/media/hdd/YCBvideo/YCB_Video_Dataset/YCB_Video_Dataset/models/009_gelatin_box/textured.obj", 
    "rot_mat": [
      [
        0.023728689408390954, 
        -0.630560703036521, 
        0.7757781615453593
      ], 
      [
        0.9329746819884097, 
        -0.2648170960302899, 
        -0.243782423913597
      ], 
      [
        0.3591571265738656, 
        0.7295658975162317, 
        0.5820133929836623
      ]
    ], 
    "trans_mat": [
      -0.030958847310268475, 
      -0.0077727835367356396, 
      0.5924974912924775
    ]
  }, 
  {
    "img": "/media/hdd/YCBvideo/YCB_Video_Dataset/YCB_Video_Dataset/data/0000/000002-label.png", 
    "mask": "/media/hdd/YCBvideo/YCB_Video_Dataset/Generated_YCB_Video_Dataset/mask/0000/000002-mask-01.png", 
    "depth_minmax": [
      0.495, 
      0.561
    ], 
    "model": "/media/hdd/YCBvideo/YCB_Video_Dataset/YCB_Video_Dataset/models/061_foam_brick/textured.obj", 
    "rot_mat": [
      [
        -0.897377834285755, 
        0.1175711535886004, 
        -0.42531226729852367
      ], 
      [
        0.14328143131694113, 
        -0.8339868909771349, 
        -0.5328566485167534
      ], 
      [
        -0.41735322610180275, 
        -0.5391124989237528, 
        0.7315554784519955
      ]
    ], 
    "trans_mat": [
      0.07488392577687583, 
      0.03818376809823134, 
      0.5340398037703525
    ]
  }, 
  {
    "img": "/media/hdd/YCBvideo/YCB_Video_Dataset/YCB_Video_Dataset/data/0000/000003-label.png", 
    "mask": "/media/hdd/YCBvideo/YCB_Video_Dataset/Generated_YCB_Video_Dataset/mask/0000/000003-mask-00.png", 
    "depth_minmax": [
      0.54, 
      0.624
    ], 
    "model": "/media/hdd/YCBvideo/YCB_Video_Dataset/YCB_Video_Dataset/models/009_gelatin_box/textured.obj", 
    "rot_mat": [
      [
        0.022897122742494197, 
        -0.631494581395315, 
        0.7750432348861795
      ], 
      [
        0.9336920655155433, 
        -0.2635948049646885, 
        -0.2423568959230227
      ], 
      [
        0.3573427868453333, 
        0.7292006452840264, 
        0.5835856378824672
      ]
    ], 
    "trans_mat": [
      -0.03152448927110068, 
      -0.007062132717860703, 
      0.592448805478837
    ]
  }, 
  {
    "img": "/media/hdd/YCBvideo/YCB_Video_Dataset/YCB_Video_Dataset/data/0000/000003-label.png", 
    "mask": "/media/hdd/YCBvideo/YCB_Video_Dataset/Generated_YCB_Video_Dataset/mask/0000/000003-mask-01.png", 
    "depth_minmax": [
      0.494, 
      0.561
    ], 
    "model": "/media/hdd/YCBvideo/YCB_Video_Dataset/YCB_Video_Dataset/models/061_foam_brick/textured.obj", 
    "rot_mat": [
      [
        -0.8968394705580844, 
        0.11862132351991142, 
        -0.42615550934310353
      ], 
      [
        0.14213914265650807, 
        -0.8350108431358574, 
        -0.5315576252899755
      ], 
      [
        -0.41889813872174225, 
        -0.537294732217531, 
        0.7320095286112638
      ]
    ], 
    "trans_mat": [
      0.07438441435610557, 
      0.03881591611870358, 
      0.5340492523502304
    ]
  }, 
  {
    "img": "/media/hdd/YCBvideo/YCB_Video_Dataset/YCB_Video_Dataset/data/0000/000004-label.png", 
    "mask": "/media/hdd/YCBvideo/YCB_Video_Dataset/Generated_YCB_Video_Dataset/mask/0000/000004-mask-00.png", 
    "depth_minmax": [
      0.54, 
      0.623
    ], 
    "model": "/media/hdd/YCBvideo/YCB_Video_Dataset/YCB_Video_Dataset/models/009_gelatin_box/textured.obj", 
    "rot_mat": [
      [
        0.021561912677085897, 
        -0.6326614525727567, 
        0.7741293158371839
      ], 
      [
        0.9338984002698612, 
        -0.2636590259178272, 
        -0.24148815140989777
      ], 
      [
        0.3568856061893837, 
        0.7281649023664007, 
        0.5851564919819293
      ]
    ], 
    "trans_mat": [
      -0.03255453831633179, 
      -0.007176245309599219, 
      0.5922865379442973
    ]
  }, 
  {
    "img": "/media/hdd/YCBvideo/YCB_Video_Dataset/YCB_Video_Dataset/data/0000/000004-label.png", 
    "mask": "/media/hdd/YCBvideo/YCB_Video_Dataset/Generated_YCB_Video_Dataset/mask/0000/000004-mask-01.png", 
    "depth_minmax": [
      0.494, 
      0.561
    ], 
    "model": "/media/hdd/YCBvideo/YCB_Video_Dataset/YCB_Video_Dataset/models/061_foam_brick/textured.obj", 
    "rot_mat": [
      [
        -0.8961599314345949, 
        0.12022038883747105, 
        -0.4271357342923303
      ], 
      [
        0.14127089776475377, 
        -0.8352116533116765, 
        -0.5314725329653268
      ], 
      [
        -0.4206424066814467, 
        -0.5366265827113131, 
        0.7314991733190552
      ]
    ], 
    "trans_mat": [
      0.07342993129432068, 
      0.03874668578305113, 
      0.5340596761380194
    ]
  }, 
  {
    "img": "/media/hdd/YCBvideo/YCB_Video_Dataset/YCB_Video_Dataset/data/0000/000005-label.png", 
    "mask": "/media/hdd/YCBvideo/YCB_Video_Dataset/Generated_YCB_Video_Dataset/mask/0000/000005-mask-00.png", 
    "depth_minmax": [
      0.541, 
      0.626
    ], 
    "model": "/media/hdd/YCBvideo/YCB_Video_Dataset/YCB_Video_Dataset/models/009_gelatin_box/textured.obj", 
    "rot_mat": [
      [
        0.02115023570744338, 
        -0.6342079233527528, 
        0.7728745921672069
      ], 
      [
        0.9337919794781371, 
        -0.2636544583843576, 
        -0.24190356456573545
      ], 
      [
        0.35718801361414515, 
        0.7268205160047714, 
        0.5866421596655184
      ]
    ], 
    "trans_mat": [
      -0.03367092471658554, 
      -0.0075298032962217935, 
      0.5919765383230436
    ]
  }, 
  {
    "img": "/media/hdd/YCBvideo/YCB_Video_Dataset/YCB_Video_Dataset/data/0000/000005-label.png", 
    "mask": "/media/hdd/YCBvideo/YCB_Video_Dataset/Generated_YCB_Video_Dataset/mask/0000/000005-mask-01.png", 
    "depth_minmax": [
      0.494, 
      0.561
    ], 
    "model": "/media/hdd/YCBvideo/YCB_Video_Dataset/YCB_Video_Dataset/models/061_foam_brick/textured.obj", 
    "rot_mat": [
      [
        -0.895267901901217, 
        0.12102478865797991, 
        -0.42877664935658855
      ], 
      [
        0.14168052243727777, 
        -0.835101668768628, 
        -0.5315359774035758
      ], 
      [
        -0.42240115341699414, 
        -0.5366166666773505, 
        0.7304928234433066
      ]
    ], 
    "trans_mat": [
      0.07244521140943516, 
      0.03837465468567716, 
      0.5339752722269362
    ]
  }, 
  {
    "img": "/media/hdd/YCBvideo/YCB_Video_Dataset/YCB_Video_Dataset/data/0000/000006-label.png", 
    "mask": "/media/hdd/YCBvideo/YCB_Video_Dataset/Generated_YCB_Video_Dataset/mask/0000/000006-mask-00.png", 
    "depth_minmax": [
      0.539, 
      0.624
    ], 
    "model": "/media/hdd/YCBvideo/YCB_Video_Dataset/YCB_Video_Dataset/models/009_gelatin_box/textured.obj", 
    "rot_mat": [
      [
        0.020993937137952938, 
        -0.6349719147980056, 
        0.7722506051145483
      ], 
      [
        0.9334701828178085, 
        -0.26416886878700935, 
        -0.2425852101625355
      ], 
      [
        0.3580379998494741, 
        0.7259659238847657, 
        0.5871816709104161
      ]
    ], 
    "trans_mat": [
      -0.03474384749749138, 
      -0.008496375943336732, 
      0.5915145508251367
    ]
  }, 
  {
    "img": "/media/hdd/YCBvideo/YCB_Video_Dataset/YCB_Video_Dataset/data/0000/000006-label.png", 
    "mask": "/media/hdd/YCBvideo/YCB_Video_Dataset/Generated_YCB_Video_Dataset/mask/0000/000006-mask-01.png", 
    "depth_minmax": [
      0.494, 
      0.561
    ], 
    "model": "/media/hdd/YCBvideo/YCB_Video_Dataset/YCB_Video_Dataset/models/061_foam_brick/textured.obj", 
    "rot_mat": [
      [
        -0.8948249671849215, 
        0.1213766434981164, 
        -0.42959973995481127
      ], 
      [
        0.14224158609143434, 
        -0.8346498953384603, 
        -0.5320962628715746
      ], 
      [
        -0.4231494544796969, 
        -0.5372398838040386, 
        0.729600903571083
      ]
    ], 
    "trans_mat": [
      0.07143833106550376, 
      0.037437622141210235, 
      0.533657800325236
    ]
  }, 
  {
    "img": "/media/hdd/YCBvideo/YCB_Video_Dataset/YCB_Video_Dataset/data/0000/000007-label.png", 
    "mask": "/media/hdd/YCBvideo/YCB_Video_Dataset/Generated_YCB_Video_Dataset/mask/0000/000007-mask-00.png", 
    "depth_minmax": [
      0.538, 
      0.623
    ], 
    "model": "/media/hdd/YCBvideo/YCB_Video_Dataset/YCB_Video_Dataset/models/009_gelatin_box/textured.obj", 
    "rot_mat": [
      [
        0.0212275353598307, 
        -0.6360727170724014, 
        0.7713380095318448
      ], 
      [
        0.9323889555234401, 
        -0.2658549994872094, 
        -0.24489257490848834
      ], 
      [
        0.3608318711591106, 
        0.7243853247489812, 
        0.5874237231421118
      ]
    ], 
    "trans_mat": [
      -0.035538068449101026, 
      -0.009619665367398597, 
      0.5906737160072122
    ]
  }, 
  {
    "img": "/media/hdd/YCBvideo/YCB_Video_Dataset/YCB_Video_Dataset/data/0000/000007-label.png", 
    "mask": "/media/hdd/YCBvideo/YCB_Video_Dataset/Generated_YCB_Video_Dataset/mask/0000/000007-mask-01.png", 
    "depth_minmax": [
      0.494, 
      0.559
    ], 
    "model": "/media/hdd/YCBvideo/YCB_Video_Dataset/YCB_Video_Dataset/models/061_foam_brick/textured.obj", 
    "rot_mat": [
      [
        -0.8941908038143487, 
        0.12143933067916325, 
        -0.4309009197279937
      ], 
      [
        0.14415280028385058, 
        -0.8331420461720913, 
        -0.5339427914666249
      ], 
      [
        -0.42384315284453444, 
        -0.5395618226675349, 
        0.7274819463936217
      ]
    ], 
    "trans_mat": [
      0.07074996035101702, 
      0.03640781884272404, 
      0.5330861779376385
    ]
  }, 
  {
    "img": "/media/hdd/YCBvideo/YCB_Video_Dataset/YCB_Video_Dataset/data/0000/000008-label.png", 
    "mask": "/media/hdd/YCBvideo/YCB_Video_Dataset/Generated_YCB_Video_Dataset/mask/0000/000008-mask-00.png", 
    "depth_minmax": [
      0.538, 
      0.624
    ], 
    "model": "/media/hdd/YCBvideo/YCB_Video_Dataset/YCB_Video_Dataset/models/009_gelatin_box/textured.obj", 
    "rot_mat": [
      [
        0.02119798209422876, 
        -0.6368750864196183, 
        0.7706760424333471
      ], 
      [
        0.9324227276032384, 
        -0.26555048615316484, 
        -0.24509320561434744
      ], 
      [
        0.36074560555350976, 
        0.7237913882548392, 
        0.5882078701247526
      ]
    ], 
    "trans_mat": [
      -0.03619898550272654, 
      -0.009987717860416863, 
      0.5899358991477639
    ]
  }, 
  {
    "img": "/media/hdd/YCBvideo/YCB_Video_Dataset/YCB_Video_Dataset/data/0000/000008-label.png", 
    "mask": "/media/hdd/YCBvideo/YCB_Video_Dataset/Generated_YCB_Video_Dataset/mask/0000/000008-mask-01.png", 
    "depth_minmax": [
      0.492, 
      0.559
    ], 
    "model": "/media/hdd/YCBvideo/YCB_Video_Dataset/YCB_Video_Dataset/models/061_foam_brick/textured.obj", 
    "rot_mat": [
      [
        -0.8937242053251567, 
        0.12167857378703316, 
        -0.43179976219170907
      ], 
      [
        0.14441498218175128, 
        -0.8332459997815179, 
        -0.5337091768928405
      ], 
      [
        -0.4247363732933784, 
        -0.5393468677821173, 
        0.727119952704969
      ]
    ], 
    "trans_mat": [
      0.07016144165711213, 
      0.035996173778320935, 
      0.5324473775229062
    ]
  }, 
  {
    "img": "/media/hdd/YCBvideo/YCB_Video_Dataset/YCB_Video_Dataset/data/0000/000009-label.png", 
    "mask": "/media/hdd/YCBvideo/YCB_Video_Dataset/Generated_YCB_Video_Dataset/mask/0000/000009-mask-00.png", 
    "depth_minmax": [
      0.538, 
      0.623
    ], 
    "model": "/media/hdd/YCBvideo/YCB_Video_Dataset/YCB_Video_Dataset/models/009_gelatin_box/textured.obj", 
    "rot_mat": [
      [
        0.020345400310142977, 
        -0.6368707535973469, 
        0.7707032060902873
      ], 
      [
        0.9324544037674877, 
        -0.2660316677768545, 
        -0.2444500394990185
      ], 
      [
        0.36071364328086797, 
        0.7236187590966325, 
        0.5884403061780653
      ]
    ], 
    "trans_mat": [
      -0.03663813085108976, 
      -0.010609631304969785, 
      0.5891342078778687
    ]
  }, 
  {
    "img": "/media/hdd/YCBvideo/YCB_Video_Dataset/YCB_Video_Dataset/data/0000/000009-label.png", 
    "mask": "/media/hdd/YCBvideo/YCB_Video_Dataset/Generated_YCB_Video_Dataset/mask/0000/000009-mask-01.png", 
    "depth_minmax": [
      0.492, 
      0.558
    ], 
    "model": "/media/hdd/YCBvideo/YCB_Video_Dataset/YCB_Video_Dataset/models/061_foam_brick/textured.obj", 
    "rot_mat": [
      [
        -0.8937177133284747, 
        0.12250307152809163, 
        -0.43158109732343114
      ], 
      [
        0.14367984464493275, 
        -0.8331704132723279, 
        -0.5340255003579734
      ], 
      [
        -0.42500013584823104, 
        -0.5392778027514892, 
        0.7270174432748593
      ]
    ], 
    "trans_mat": [
      0.0697019751617528, 
      0.03545724735893716, 
      0.5316744643775846
    ]
  }, 
  {
    "img": "/media/hdd/YCBvideo/YCB_Video_Dataset/YCB_Video_Dataset/data/0000/000010-label.png", 
    "mask": "/media/hdd/YCBvideo/YCB_Video_Dataset/Generated_YCB_Video_Dataset/mask/0000/000010-mask-00.png", 
    "depth_minmax": [
      0.536, 
      0.618
    ], 
    "model": "/media/hdd/YCBvideo/YCB_Video_Dataset/YCB_Video_Dataset/models/009_gelatin_box/textured.obj", 
    "rot_mat": [
      [
        0.02155515404904653, 
        -0.6377200066249897, 
        0.7699677707888067
      ], 
      [
        0.9315960599670371, 
        -0.2667054810270901, 
        -0.24697616073790626
      ], 
      [
        0.3628552164199447, 
        0.7226218458555477, 
        0.5883481194148749
      ]
    ], 
    "trans_mat": [
      -0.0372942225699065, 
      -0.011579241023251004, 
      0.5882474898378124
    ]
  }, 
  {
    "img": "/media/hdd/YCBvideo/YCB_Video_Dataset/YCB_Video_Dataset/data/0000/000010-label.png", 
    "mask": "/media/hdd/YCBvideo/YCB_Video_Dataset/Generated_YCB_Video_Dataset/mask/0000/000010-mask-01.png", 
    "depth_minmax": [
      0.491, 
      0.557
    ], 
    "model": "/media/hdd/YCBvideo/YCB_Video_Dataset/YCB_Video_Dataset/models/061_foam_brick/textured.obj", 
    "rot_mat": [
      [
        -0.8932365194797935, 
        0.12155449302222593, 
        -0.4328437331213083
      ], 
      [
        0.14602193938200303, 
        -0.8321239488731608, 
        -0.5350212744148337
      ], 
      [
        -0.42521340973612, 
        -0.5411052156513068, 
        0.7255329414098342
      ]
    ], 
    "trans_mat": [
      0.06915150057755687, 
      0.03445543559484708, 
      0.5309577675224045
    ]
  }, 
  {
    "img": "/media/hdd/YCBvideo/YCB_Video_Dataset/YCB_Video_Dataset/data/0000/000011-label.png", 
    "mask": "/media/hdd/YCBvideo/YCB_Video_Dataset/Generated_YCB_Video_Dataset/mask/0000/000011-mask-00.png", 
    "depth_minmax": [
      0.536, 
      0.618
    ], 
    "model": "/media/hdd/YCBvideo/YCB_Video_Dataset/YCB_Video_Dataset/models/009_gelatin_box/textured.obj", 
    "rot_mat": [
      [
        0.022001925420793423, 
        -0.6390163333207202, 
        0.7688798288202128
      ], 
      [
        0.9311697640390966, 
        -0.2668494391128611, 
        -0.24842406361310962
      ], 
      [
        0.3639210289097217, 
        0.7214230550717867, 
        0.5891612191362643
      ]
    ], 
    "trans_mat": [
      -0.03824594995741879, 
      -0.012456534739477538, 
      0.5874836189274325
    ]
  }, 
  {
    "img": "/media/hdd/YCBvideo/YCB_Video_Dataset/YCB_Video_Dataset/data/0000/000011-label.png", 
    "mask": "/media/hdd/YCBvideo/YCB_Video_Dataset/Generated_YCB_Video_Dataset/mask/0000/000011-mask-01.png", 
    "depth_minmax": [
      0.49, 
      0.557
    ], 
    "model": "/media/hdd/YCBvideo/YCB_Video_Dataset/YCB_Video_Dataset/models/061_foam_brick/textured.obj", 
    "rot_mat": [
      [
        -0.8924832493438604, 
        0.12146222307310588, 
        -0.43442099385363103
      ], 
      [
        0.1474160237954735, 
        -0.8316475262006378, 
        -0.5353796360503873
      ], 
      [
        -0.42631318277383295, 
        -0.5418579396761789, 
        0.7243254276825511
      ]
    ], 
    "trans_mat": [
      0.06832812347238859, 
      0.03353183869395718, 
      0.5303956081057342
    ]
  }, 
  {
    "img": "/media/hdd/YCBvideo/YCB_Video_Dataset/YCB_Video_Dataset/data/0000/000012-label.png", 
    "mask": "/media/hdd/YCBvideo/YCB_Video_Dataset/Generated_YCB_Video_Dataset/mask/0000/000012-mask-00.png", 
    "depth_minmax": [
      0.536, 
      0.617
    ], 
    "model": "/media/hdd/YCBvideo/YCB_Video_Dataset/YCB_Video_Dataset/models/009_gelatin_box/textured.obj", 
    "rot_mat": [
      [
        0.02280103189773003, 
        -0.6400559753833808, 
        0.7679913113731303
      ], 
      [
        0.9304641980518985, 
        -0.2673941023421037, 
        -0.25047458300665454
      ], 
      [
        0.36567228791620415, 
        0.7202988770829207, 
        0.589451958203072
      ]
    ], 
    "trans_mat": [
      -0.039078882651775074, 
      -0.01320995925688454, 
      0.5869425410878603
    ]
  }, 
  {
    "img": "/media/hdd/YCBvideo/YCB_Video_Dataset/YCB_Video_Dataset/data/0000/000012-label.png", 
    "mask": "/media/hdd/YCBvideo/YCB_Video_Dataset/Generated_YCB_Video_Dataset/mask/0000/000012-mask-01.png", 
    "depth_minmax": [
      0.49, 
      0.557
    ], 
    "model": "/media/hdd/YCBvideo/YCB_Video_Dataset/YCB_Video_Dataset/models/061_foam_brick/textured.obj", 
    "rot_mat": [
      [
        -0.8918800865022958, 
        0.12096142861245314, 
        -0.4357973246245345
      ], 
      [
        0.1493180064368868, 
        -0.8307900964125174, 
        -0.5361836160389158
      ], 
      [
        -0.42691321865248105, 
        -0.5432831548315425, 
        0.722902778614386
      ]
    ], 
    "trans_mat": [
      0.06760828853826403, 
      0.032751781423943006, 
      0.5300446247796443
    ]
  }, 
  {
    "img": "/media/hdd/YCBvideo/YCB_Video_Dataset/YCB_Video_Dataset/data/0000/000013-label.png", 
    "mask": "/media/hdd/YCBvideo/YCB_Video_Dataset/Generated_YCB_Video_Dataset/mask/0000/000013-mask-00.png", 
    "depth_minmax": [
      0.536, 
      0.616
    ], 
    "model": "/media/hdd/YCBvideo/YCB_Video_Dataset/YCB_Video_Dataset/models/009_gelatin_box/textured.obj", 
    "rot_mat": [
      [
        0.023344068473137025, 
        -0.6410254041019346, 
        0.7671654845645354
      ], 
      [
        0.9304111685275759, 
        -0.26683236837145685, 
        -0.2512696919282927
      ], 
      [
        0.36577345668174066, 
        0.7196446139918481, 
        0.59018805093198
      ]
    ], 
    "trans_mat": [
      -0.03922250469726922, 
      -0.013230577931977345, 
      0.5866073036157775
    ]
  }, 
  {
    "img": "/media/hdd/YCBvideo/YCB_Video_Dataset/YCB_Video_Dataset/data/0000/000013-label.png", 
    "mask": "/media/hdd/YCBvideo/YCB_Video_Dataset/Generated_YCB_Video_Dataset/mask/0000/000013-mask-01.png", 
    "depth_minmax": [
      0.49, 
      0.556
    ], 
    "model": "/media/hdd/YCBvideo/YCB_Video_Dataset/YCB_Video_Dataset/models/061_foam_brick/textured.obj", 
    "rot_mat": [
      [
        -0.8913126917323313, 
        0.12069022558343599, 
        -0.437030685956434
      ], 
      [
        0.1502199342303267, 
        -0.830861932356301, 
        -0.5358204079018072
      ], 
      [
        -0.4277801433606109, 
        -0.5432340084282576, 
        0.7224272233169589
      ]
    ], 
    "trans_mat": [
      0.0675652953582247, 
      0.03263225877273521, 
      0.5298185364991301
    ]
  }, 
  {
    "img": "/media/hdd/YCBvideo/YCB_Video_Dataset/YCB_Video_Dataset/data/0000/000014-label.png", 
    "mask": "/media/hdd/YCBvideo/YCB_Video_Dataset/Generated_YCB_Video_Dataset/mask/0000/000014-mask-00.png", 
    "depth_minmax": [
      0.536, 
      0.617
    ], 
    "model": "/media/hdd/YCBvideo/YCB_Video_Dataset/YCB_Video_Dataset/models/009_gelatin_box/textured.obj", 
    "rot_mat": [
      [
        0.022054877394793043, 
        -0.6413952770793979, 
        0.7668944426630276
      ], 
      [
        0.9305030243906453, 
        -0.26735786993638483, 
        -0.2503652827489261
      ], 
      [
        0.3656175708701159, 
        0.719119512280267, 
        0.5909238830113591
      ]
    ], 
    "trans_mat": [
      -0.0392222976172906, 
      -0.013098335453440966, 
      0.5864936930637116
    ]
  }, 
  {
    "img": "/media/hdd/YCBvideo/YCB_Video_Dataset/YCB_Video_Dataset/data/0000/000014-label.png", 
    "mask": "/media/hdd/YCBvideo/YCB_Video_Dataset/Generated_YCB_Video_Dataset/mask/0000/000014-mask-01.png", 
    "depth_minmax": [
      0.489, 
      0.557
    ], 
    "model": "/media/hdd/YCBvideo/YCB_Video_Dataset/YCB_Video_Dataset/models/061_foam_brick/textured.obj", 
    "rot_mat": [
      [
        -0.8910829751673339, 
        0.122035785740882, 
        -0.43712546833112903
      ], 
      [
        0.14921818667563921, 
        -0.8308387553211858, 
        -0.5361342689620898
      ], 
      [
        -0.42860831448046743, 
        -0.5429676412916189, 
        0.7221362569826982
      ]
    ], 
    "trans_mat": [
      0.06756902049666708, 
      0.032863979333238195, 
      0.5297920946789666
    ]
  }, 
  {
    "img": "/media/hdd/YCBvideo/YCB_Video_Dataset/YCB_Video_Dataset/data/0000/000015-label.png", 
    "mask": "/media/hdd/YCBvideo/YCB_Video_Dataset/Generated_YCB_Video_Dataset/mask/0000/000015-mask-00.png", 
    "depth_minmax": [
      0.535, 
      0.617
    ], 
    "model": "/media/hdd/YCBvideo/YCB_Video_Dataset/YCB_Video_Dataset/models/009_gelatin_box/textured.obj", 
    "rot_mat": [
      [
        0.021634213037737444, 
        -0.6417331634847365, 
        0.7666230456825789
      ], 
      [
        0.9308254801878555, 
        -0.26688290593806924, 
        -0.24967268711696575
      ], 
      [
        0.3648214870778885, 
        0.7189943900982674, 
        0.5915683453402368
      ]
    ], 
    "trans_mat": [
      -0.03871319406705577, 
      -0.01315642242192672, 
      0.5863989090728859
    ]
  }, 
  {
    "img": "/media/hdd/YCBvideo/YCB_Video_Dataset/YCB_Video_Dataset/data/0000/000015-label.png", 
    "mask": "/media/hdd/YCBvideo/YCB_Video_Dataset/Generated_YCB_Video_Dataset/mask/0000/000015-mask-01.png", 
    "depth_minmax": [
      0.49, 
      0.557
    ], 
    "model": "/media/hdd/YCBvideo/YCB_Video_Dataset/YCB_Video_Dataset/models/061_foam_brick/textured.obj", 
    "rot_mat": [
      [
        -0.8908783457587669, 
        0.12253192621233316, 
        -0.43740251289699683
      ], 
      [
        0.14863761983297655, 
        -0.8312816506892603, 
        -0.5356088713174763
      ], 
      [
        -0.4292341133111066, 
        -0.5421778456491948, 
        0.7223583728520597
      ]
    ], 
    "trans_mat": [
      0.06809892604297882, 
      0.03278156728154668, 
      0.5297168724297848
    ]
  }, 
  {
    "img": "/media/hdd/YCBvideo/YCB_Video_Dataset/YCB_Video_Dataset/data/0000/000016-label.png", 
    "mask": "/media/hdd/YCBvideo/YCB_Video_Dataset/Generated_YCB_Video_Dataset/mask/0000/000016-mask-00.png", 
    "depth_minmax": [
      0.535, 
      0.617
    ], 
    "model": "/media/hdd/YCBvideo/YCB_Video_Dataset/YCB_Video_Dataset/models/009_gelatin_box/textured.obj", 
    "rot_mat": [
      [
        0.022935273385114856, 
        -0.6425977711988596, 
        0.765861541953513
      ], 
      [
        0.9302180047579098, 
        -0.2669583242137625, 
        -0.2518486408395433
      ], 
      [
        0.3662898284224242, 
        0.718194141909276, 
        0.5916329818077066
      ]
    ], 
    "trans_mat": [
      -0.037965152852277695, 
      -0.014033710318342947, 
      0.5862139928284723
    ]
  }, 
  {
    "img": "/media/hdd/YCBvideo/YCB_Video_Dataset/YCB_Video_Dataset/data/0000/000016-label.png", 
    "mask": "/media/hdd/YCBvideo/YCB_Video_Dataset/Generated_YCB_Video_Dataset/mask/0000/000016-mask-01.png", 
    "depth_minmax": [
      0.49, 
      0.556
    ], 
    "model": "/media/hdd/YCBvideo/YCB_Video_Dataset/YCB_Video_Dataset/models/061_foam_brick/textured.obj", 
    "rot_mat": [
      [
        -0.8903786168431005, 
        0.12149916661924635, 
        -0.4387078362298027
      ], 
      [
        0.15076293489033366, 
        -0.8306325649092299, 
        -0.5360226442214406
      ], 
      [
        -0.42953094023887495, 
        -0.5434044630762592, 
        0.7212593259226772
      ]
    ], 
    "trans_mat": [
      0.06895571655669408, 
      0.031818371868998975, 
      0.5296674336178361
    ]
  }, 
  {
    "img": "/media/hdd/YCBvideo/YCB_Video_Dataset/YCB_Video_Dataset/data/0000/000017-label.png", 
    "mask": "/media/hdd/YCBvideo/YCB_Video_Dataset/Generated_YCB_Video_Dataset/mask/0000/000017-mask-00.png", 
    "depth_minmax": [
      0.534, 
      0.617
    ], 
    "model": "/media/hdd/YCBvideo/YCB_Video_Dataset/YCB_Video_Dataset/models/009_gelatin_box/textured.obj", 
    "rot_mat": [
      [
        0.025799551701057504, 
        -0.64125259942517, 
        0.7668973204573958
      ], 
      [
        0.9291079035085885, 
        -0.26772067268037086, 
        -0.2551145931767858
      ], 
      [
        0.36890605253905395, 
        0.7191119463481149, 
        0.5888856903186481
      ]
    ], 
    "trans_mat": [
      -0.03674377883209769, 
      -0.015007748701351046, 
      0.5860586853556335
    ]
  }, 
  {
    "img": "/media/hdd/YCBvideo/YCB_Video_Dataset/YCB_Video_Dataset/data/0000/000017-label.png", 
    "mask": "/media/hdd/YCBvideo/YCB_Video_Dataset/Generated_YCB_Video_Dataset/mask/0000/000017-mask-01.png", 
    "depth_minmax": [
      0.489, 
      0.555
    ], 
    "model": "/media/hdd/YCBvideo/YCB_Video_Dataset/YCB_Video_Dataset/models/061_foam_brick/textured.obj", 
    "rot_mat": [
      [
        -0.8911943681636593, 
        0.11837223152901208, 
        -0.43790580596412365
      ], 
      [
        0.15381528791548246, 
        -0.8293060909601399, 
        -0.5372073566234974
      ], 
      [
        -0.4267481609305094, 
        -0.5461128362508588, 
        0.7208650452148188
      ]
    ], 
    "trans_mat": [
      0.07012164257217948, 
      0.03078946492407171, 
      0.529363043566765
    ]
  }, 
  {
    "img": "/media/hdd/YCBvideo/YCB_Video_Dataset/YCB_Video_Dataset/data/0000/000018-label.png", 
    "mask": "/media/hdd/YCBvideo/YCB_Video_Dataset/Generated_YCB_Video_Dataset/mask/0000/000018-mask-00.png", 
    "depth_minmax": [
      0.534, 
      0.616
    ], 
    "model": "/media/hdd/YCBvideo/YCB_Video_Dataset/YCB_Video_Dataset/models/009_gelatin_box/textured.obj", 
    "rot_mat": [
      [
        0.027903815667740743, 
        -0.6402819792012512, 
        0.7676344730976287
      ], 
      [
        0.928718165732537, 
        -0.26743606796201547, 
        -0.2568263610573889
      ], 
      [
        0.3697329493685356, 
        0.7200819799030912, 
        0.5871787369181681
      ]
    ], 
    "trans_mat": [
      -0.035006992131209724, 
      -0.015304358911635882, 
      0.5859526576815586
    ]
  }, 
  {
    "img": "/media/hdd/YCBvideo/YCB_Video_Dataset/YCB_Video_Dataset/data/0000/000018-label.png", 
    "mask": "/media/hdd/YCBvideo/YCB_Video_Dataset/Generated_YCB_Video_Dataset/mask/0000/000018-mask-01.png", 
    "depth_minmax": [
      0.489, 
      0.56
    ], 
    "model": "/media/hdd/YCBvideo/YCB_Video_Dataset/YCB_Video_Dataset/models/061_foam_brick/textured.obj", 
    "rot_mat": [
      [
        -0.8917744314827121, 
        0.11607980795625601, 
        -0.43733857469492166
      ], 
      [
        0.15556075508793135, 
        -0.8289656947867549, 
        -0.5372300785687517
      ], 
      [
        -0.4248998816191869, 
        -0.5471203896017498, 
        0.7211923226408058
      ]
    ], 
    "trans_mat": [
      0.0718189584359778, 
      0.03038561527177602, 
      0.529096310453805
    ]
  }, 
  {
    "img": "/media/hdd/YCBvideo/YCB_Video_Dataset/YCB_Video_Dataset/data/0000/000019-label.png", 
    "mask": "/media/hdd/YCBvideo/YCB_Video_Dataset/Generated_YCB_Video_Dataset/mask/0000/000019-mask-00.png", 
    "depth_minmax": [
      0.534, 
      0.616
    ], 
    "model": "/media/hdd/YCBvideo/YCB_Video_Dataset/YCB_Video_Dataset/models/009_gelatin_box/textured.obj", 
    "rot_mat": [
      [
        0.02900147523504824, 
        -0.6389326917540542, 
        0.7687169357845304
      ], 
      [
        0.9287934070110392, 
        -0.26702459256454814, 
        -0.2569823493251948
      ], 
      [
        0.36946000925777644, 
        0.7214322923591119, 
        0.585692662212733
      ]
    ], 
    "trans_mat": [
      -0.033232467059862277, 
      -0.015256286659754984, 
      0.5860378597859895
    ]
  }, 
  {
    "img": "/media/hdd/YCBvideo/YCB_Video_Dataset/YCB_Video_Dataset/data/0000/000019-label.png", 
    "mask": "/media/hdd/YCBvideo/YCB_Video_Dataset/Generated_YCB_Video_Dataset/mask/0000/000019-mask-01.png", 
    "depth_minmax": [
      0.489, 
      0.556
    ], 
    "model": "/media/hdd/YCBvideo/YCB_Video_Dataset/YCB_Video_Dataset/models/061_foam_brick/textured.obj", 
    "rot_mat": [
      [
        -0.8925684657045796, 
        0.1146626830661688, 
        -0.4360902054848895
      ], 
      [
        0.15580179722800924, 
        -0.8291370653236706, 
        -0.5368956592986481
      ], 
      [
        -0.4231405197873254, 
        -0.5471603108427594, 
        0.722196964562528
      ]
    ], 
    "trans_mat": [
      0.07349616536211784, 
      0.030379750872186764, 
      0.5289559002388949
    ]
  }, 
  {
    "img": "/media/hdd/YCBvideo/YCB_Video_Dataset/YCB_Video_Dataset/data/0000/000020-label.png", 
    "mask": "/media/hdd/YCBvideo/YCB_Video_Dataset/Generated_YCB_Video_Dataset/mask/0000/000020-mask-00.png", 
    "depth_minmax": [
      0.534, 
      0.616
    ], 
    "model": "/media/hdd/YCBvideo/YCB_Video_Dataset/YCB_Video_Dataset/models/009_gelatin_box/textured.obj", 
    "rot_mat": [
      [
        0.0300346286217435, 
        -0.6381350088703918, 
        0.769339452122709
      ], 
      [
        0.9291800913736502, 
        -0.2658586834126441, 
        -0.25679278480670387
      ], 
      [
        0.36840251187418904, 
        0.7225679736592358, 
        0.584957712364943
      ]
    ], 
    "trans_mat": [
      -0.03199165696408002, 
      -0.015076551973843373, 
      0.5862085573232615
    ]
  }, 
  {
    "img": "/media/hdd/YCBvideo/YCB_Video_Dataset/YCB_Video_Dataset/data/0000/000020-label.png", 
    "mask": "/media/hdd/YCBvideo/YCB_Video_Dataset/Generated_YCB_Video_Dataset/mask/0000/000020-mask-01.png", 
    "depth_minmax": [
      0.489, 
      0.556
    ], 
    "model": "/media/hdd/YCBvideo/YCB_Video_Dataset/YCB_Video_Dataset/models/061_foam_brick/textured.obj", 
    "rot_mat": [
      [
        -0.8930353324434387, 
        0.113452940282111, 
        -0.4354500573328399
      ], 
      [
        0.15586314446248492, 
        -0.8298028973707179, 
        -0.5358479441136211
      ], 
      [
        -0.4221312765506659, 
        -0.5464015851347334, 
        0.7233605730080702
      ]
    ], 
    "trans_mat": [
      0.07468817170856185, 
      0.03043418287450101, 
      0.5289356430966348
    ]
  }, 
  {
    "img": "/media/hdd/YCBvideo/YCB_Video_Dataset/YCB_Video_Dataset/data/0000/000021-label.png", 
    "mask": "/media/hdd/YCBvideo/YCB_Video_Dataset/Generated_YCB_Video_Dataset/mask/0000/000021-mask-00.png", 
    "depth_minmax": [
      0.535, 
      0.616
    ], 
    "model": "/media/hdd/YCBvideo/YCB_Video_Dataset/YCB_Video_Dataset/models/009_gelatin_box/textured.obj", 
    "rot_mat": [
      [
        0.029411291766597975, 
        -0.637439848951171, 
        0.7699394540917809
      ], 
      [
        0.9294477210900267, 
        -0.2659719269704484, 
        -0.2557043545745143
      ], 
      [
        0.36777702678746166, 
        0.7231391207632119, 
        0.5846445002810537
      ]
    ], 
    "trans_mat": [
      -0.03171786664142544, 
      -0.015185782933722166, 
      0.5864501364772423
    ]
  }, 
  {
    "img": "/media/hdd/YCBvideo/YCB_Video_Dataset/YCB_Video_Dataset/data/0000/000021-label.png", 
    "mask": "/media/hdd/YCBvideo/YCB_Video_Dataset/Generated_YCB_Video_Dataset/mask/0000/000021-mask-01.png", 
    "depth_minmax": [
      0.489, 
      0.556
    ], 
    "model": "/media/hdd/YCBvideo/YCB_Video_Dataset/YCB_Video_Dataset/models/061_foam_brick/textured.obj", 
    "rot_mat": [
      [
        -0.8934410390302057, 
        0.11387393054616578, 
        -0.4345066770053971
      ], 
      [
        0.15476767388166535, 
        -0.8300552379430854, 
        -0.5357744773819904
      ], 
      [
        -0.42167513948821134, 
        -0.5459303517865518, 
        0.7239813949462246
      ]
    ], 
    "trans_mat": [
      0.07488438498473182, 
      0.030385391285857336, 
      0.5290809847912973
    ]
  }, 
  {
    "img": "/media/hdd/YCBvideo/YCB_Video_Dataset/YCB_Video_Dataset/data/0000/000022-label.png", 
    "mask": "/media/hdd/YCBvideo/YCB_Video_Dataset/Generated_YCB_Video_Dataset/mask/0000/000022-mask-00.png", 
    "depth_minmax": [
      0.535, 
      0.617
    ], 
    "model": "/media/hdd/YCBvideo/YCB_Video_Dataset/YCB_Video_Dataset/models/009_gelatin_box/textured.obj", 
    "rot_mat": [
      [
        0.02960763541858671, 
        -0.6397888203819098, 
        0.7679813998694207
      ], 
      [
        0.9296634266025997, 
        -0.2646381294617086, 
        -0.2563046557781389
      ], 
      [
        0.36721741420601794, 
        0.7215523494268031, 
        0.5869526716560057
      ]
    ], 
    "trans_mat": [
      -0.0325353995673152, 
      -0.015147030499663663, 
      0.5865373192190085
    ]
  }, 
  {
    "img": "/media/hdd/YCBvideo/YCB_Video_Dataset/YCB_Video_Dataset/data/0000/000022-label.png", 
    "mask": "/media/hdd/YCBvideo/YCB_Video_Dataset/Generated_YCB_Video_Dataset/mask/0000/000022-mask-01.png", 
    "depth_minmax": [
      0.489, 
      0.557
    ], 
    "model": "/media/hdd/YCBvideo/YCB_Video_Dataset/YCB_Video_Dataset/models/061_foam_brick/textured.obj", 
    "rot_mat": [
      [
        -0.8920660685043728, 
        0.1143006398530833, 
        -0.4372117754250628
      ], 
      [
        0.15564227328043992, 
        -0.8305816000145851, 
        -0.5347049339805536
      ], 
      [
        -0.42425682282337124, 
        -0.5450412630795489, 
        0.7231428904756877
      ]
    ], 
    "trans_mat": [
      0.07428495908731628, 
      0.03024512884806972, 
      0.5294325378478053
    ]
  }, 
  {
    "img": "/media/hdd/YCBvideo/YCB_Video_Dataset/YCB_Video_Dataset/data/0000/000023-label.png", 
    "mask": "/media/hdd/YCBvideo/YCB_Video_Dataset/Generated_YCB_Video_Dataset/mask/0000/000023-mask-00.png", 
    "depth_minmax": [
      0.535, 
      0.617
    ], 
    "model": "/media/hdd/YCBvideo/YCB_Video_Dataset/YCB_Video_Dataset/models/009_gelatin_box/textured.obj", 
    "rot_mat": [
      [
        0.029577306109221605, 
        -0.6406214646373746, 
        0.7672879426404396
      ], 
      [
        0.929605542395533, 
        -0.2644936467669623, 
        -0.2566638022907358
      ], 
      [
        0.3673665262674379, 
        0.7208664370142606, 
        0.5877022212516333
      ]
    ], 
    "trans_mat": [
      -0.032971849205346224, 
      -0.014953995063329338, 
      0.5869507058672307
    ]
  }, 
  {
    "img": "/media/hdd/YCBvideo/YCB_Video_Dataset/YCB_Video_Dataset/data/0000/000023-label.png", 
    "mask": "/media/hdd/YCBvideo/YCB_Video_Dataset/Generated_YCB_Video_Dataset/mask/0000/000023-mask-01.png", 
    "depth_minmax": [
      0.489, 
      0.557
    ], 
    "model": "/media/hdd/YCBvideo/YCB_Video_Dataset/YCB_Video_Dataset/models/061_foam_brick/textured.obj", 
    "rot_mat": [
      [
        -0.8915755335665357, 
        0.11454870691025432, 
        -0.4381460859422076
      ], 
      [
        0.1560265335153585, 
        -0.830554230208673, 
        -0.5346356025726248
      ], 
      [
        -0.4251457240292414, 
        -0.5450310245162503, 
        0.7226288054697619
      ]
    ], 
    "trans_mat": [
      0.07392340758628868, 
      0.0304059424858693, 
      0.5299605867290058
    ]
  }, 
  {
    "img": "/media/hdd/YCBvideo/YCB_Video_Dataset/YCB_Video_Dataset/data/0000/000024-label.png", 
    "mask": "/media/hdd/YCBvideo/YCB_Video_Dataset/Generated_YCB_Video_Dataset/mask/0000/000024-mask-00.png", 
    "depth_minmax": [
      0.536, 
      0.617
    ], 
    "model": "/media/hdd/YCBvideo/YCB_Video_Dataset/YCB_Video_Dataset/models/009_gelatin_box/textured.obj", 
    "rot_mat": [
      [
        0.028436721754625936, 
        -0.642075656501921, 
        0.766114302180556
      ], 
      [
        0.9296410582031275, 
        -0.2646853389976015, 
        -0.2563370884318998
      ], 
      [
        0.36736561359037173, 
        0.7195005161910139, 
        0.5893731324396989
      ]
    ], 
    "trans_mat": [
      -0.033260571613915366, 
      -0.015403157274844289, 
      0.5871918886251828
    ]
  }, 
  {
    "img": "/media/hdd/YCBvideo/YCB_Video_Dataset/YCB_Video_Dataset/data/0000/000024-label.png", 
    "mask": "/media/hdd/YCBvideo/YCB_Video_Dataset/Generated_YCB_Video_Dataset/mask/0000/000024-mask-01.png", 
    "depth_minmax": [
      0.491, 
      0.557
    ], 
    "model": "/media/hdd/YCBvideo/YCB_Video_Dataset/YCB_Video_Dataset/models/061_foam_brick/textured.obj", 
    "rot_mat": [
      [
        -0.8907145198708949, 
        0.11603504750413254, 
        -0.43950346792462947
      ], 
      [
        0.15566415415846088, 
        -0.8305476604224437, 
        -0.5347513052261545
      ], 
      [
        -0.4270783311991302, 
        -0.544725469220712, 
        0.721718121636292
      ]
    ], 
    "trans_mat": [
      0.07374034536918345, 
      0.029992998955823885, 
      0.530429416753568
    ]
  }, 
  {
    "img": "/media/hdd/YCBvideo/YCB_Video_Dataset/YCB_Video_Dataset/data/0000/000025-label.png", 
