[
  {
    "img": "/media/hdd/YCBvideo/YCB_Video_Dataset/YCB_Video_Dataset/data/0006/000001-label.png", 
    "mask": "/media/hdd/YCBvideo/YCB_Video_Dataset/Generated_YCB_Video_Dataset/mask/0006/000001-mask-01.png", 
    "depth_minmax": [
      0.706, 
      0.796
    ], 
    "model": "/media/hdd/YCBvideo/YCB_Video_Dataset/YCB_Video_Dataset/models/009_gelatin_box/textured.obj", 
    "rot_mat": [
      [
        -0.8896282528114605, 
        0.456637201404702, 
        -0.006628202027810707
      ], 
      [
        0.2042566136542913, 
        0.3848716956892538, 
        -0.900085186815417
      ], 
      [
        -0.40846145221235763, 
        -0.8020948429077005, 
        -0.4356645429613267
      ]
    ], 
    "trans_mat": [
      0.05778487307383257, 
      0.06792683972642345, 
      0.7571950217826011
    ]
  }, 
  {
    "img": "/media/hdd/YCBvideo/YCB_Video_Dataset/YCB_Video_Dataset/data/0006/000001-label.png", 
    "mask": "/media/hdd/YCBvideo/YCB_Video_Dataset/Generated_YCB_Video_Dataset/mask/0006/000001-mask-00.png", 
    "depth_minmax": [
      0.816, 
      0.905
    ], 
    "model": "/media/hdd/YCBvideo/YCB_Video_Dataset/YCB_Video_Dataset/models/002_master_chef_can/textured.obj", 
    "rot_mat": [
      [
        0.972826850666941, 
        0.22571741277736548, 
        -0.05158072006734696
      ], 
      [
        0.04260828075421041, 
        -0.39349590305685084, 
        -0.9183379742820912
      ], 
      [
        -0.22758151970039092, 
        0.8911853300183128, 
        -0.39242126621446904
      ]
    ], 
    "trans_mat": [
      0.15044325418831397, 
      -0.0189732459441926, 
      0.8857523220160999
    ]
  }, 
  {
    "img": "/media/hdd/YCBvideo/YCB_Video_Dataset/YCB_Video_Dataset/data/0006/000001-label.png", 
    "mask": "/media/hdd/YCBvideo/YCB_Video_Dataset/Generated_YCB_Video_Dataset/mask/0006/000001-mask-02.png", 
    "depth_minmax": [
      0.765, 
      0.883
    ], 
    "model": "/media/hdd/YCBvideo/YCB_Video_Dataset/YCB_Video_Dataset/models/021_bleach_cleanser/textured.obj", 
    "rot_mat": [
      [
        0.8899116006257791, 
        0.45165533116989787, 
        -0.06375640921395741
      ], 
      [
        0.13308641913465952, 
        -0.3907945724772709, 
        -0.9108061837506473
      ], 
      [
        -0.43628614333761356, 
        0.8020511182679444, 
        -0.40788259024591794
      ]
    ], 
    "trans_mat": [
      -0.07917430623547538, 
      -0.022771146661820407, 
      0.8350332728172957
    ]
  }, 
  {
    "img": "/media/hdd/YCBvideo/YCB_Video_Dataset/YCB_Video_Dataset/data/0006/000002-label.png", 
    "mask": "/media/hdd/YCBvideo/YCB_Video_Dataset/Generated_YCB_Video_Dataset/mask/0006/000002-mask-01.png", 
    "depth_minmax": [
      0.707, 
      0.794
    ], 
    "model": "/media/hdd/YCBvideo/YCB_Video_Dataset/YCB_Video_Dataset/models/009_gelatin_box/textured.obj", 
    "rot_mat": [
      [
        -0.890211625473757, 
        0.4554873711175754, 
        -0.007378683228001693
      ], 
      [
        0.20415874554917843, 
        0.3844261547881942, 
        -0.9002979325336298
      ], 
      [
        -0.4072382906090071, 
        -0.8029623599362973, 
        -0.4352120638867805
      ]
    ], 
    "trans_mat": [
      0.05946786615965278, 
      0.06757723484885315, 
      0.7571302745024858
    ]
  }, 
  {
    "img": "/media/hdd/YCBvideo/YCB_Video_Dataset/YCB_Video_Dataset/data/0006/000002-label.png", 
    "mask": "/media/hdd/YCBvideo/YCB_Video_Dataset/Generated_YCB_Video_Dataset/mask/0006/000002-mask-00.png", 
    "depth_minmax": [
      0.816, 
      0.9
    ], 
    "model": "/media/hdd/YCBvideo/YCB_Video_Dataset/YCB_Video_Dataset/models/002_master_chef_can/textured.obj", 
    "rot_mat": [
      [
        0.9724921018790299, 
        0.22699803694099616, 
        -0.05226890412689621
      ], 
      [
        0.04238491056002989, 
        -0.3930851588526159, 
        -0.918524361659149
      ], 
      [
        -0.2290491304096097, 
        0.8910421377646949, 
        -0.39189300091351653
      ]
    ], 
    "trans_mat": [
      0.1523074873191823, 
      -0.019270509583286664, 
      0.8855923419490838
    ]
  }, 
  {
    "img": "/media/hdd/YCBvideo/YCB_Video_Dataset/YCB_Video_Dataset/data/0006/000002-label.png", 
    "mask": "/media/hdd/YCBvideo/YCB_Video_Dataset/Generated_YCB_Video_Dataset/mask/0006/000002-mask-02.png", 
    "depth_minmax": [
      0.766, 
      0.896
    ], 
    "model": "/media/hdd/YCBvideo/YCB_Video_Dataset/YCB_Video_Dataset/models/021_bleach_cleanser/textured.obj", 
    "rot_mat": [
      [
        0.8892767879159224, 
        0.45280342650720184, 
        -0.06446672175542578
      ], 
      [
        0.13277031322478244, 
        -0.3904534834310804, 
        -0.9109987475310536
      ], 
      [
        -0.4376746970621905, 
        0.8015706428971434, 
        -0.40733990242436324
      ]
    ], 
    "trans_mat": [
      -0.0773856989193043, 
      -0.023066863970987995, 
      0.8352167148917076
    ]
  }, 
  {
    "img": "/media/hdd/YCBvideo/YCB_Video_Dataset/YCB_Video_Dataset/data/0006/000003-label.png", 
    "mask": "/media/hdd/YCBvideo/YCB_Video_Dataset/Generated_YCB_Video_Dataset/mask/0006/000003-mask-01.png", 
    "depth_minmax": [
      0.708, 
      0.793
    ], 
    "model": "/media/hdd/YCBvideo/YCB_Video_Dataset/YCB_Video_Dataset/models/009_gelatin_box/textured.obj", 
    "rot_mat": [
      [
        -0.8908636731497203, 
        0.45420860286274917, 
        -0.007427340300232035
      ], 
      [
        0.20311020701086102, 
        0.3836393328784429, 
        -0.9008704355093924
      ], 
      [
        -0.4063344245967795, 
        -0.8040621531138986, 
        -0.4340250214033544
      ]
    ], 
    "trans_mat": [
      0.06130315619527458, 
      0.0679431725428822, 
      0.7569403002942403
    ]
  }, 
  {
    "img": "/media/hdd/YCBvideo/YCB_Video_Dataset/YCB_Video_Dataset/data/0006/000003-label.png", 
    "mask": "/media/hdd/YCBvideo/YCB_Video_Dataset/Generated_YCB_Video_Dataset/mask/0006/000003-mask-00.png", 
    "depth_minmax": [
      0.814, 
      0.903
    ], 
    "model": "/media/hdd/YCBvideo/YCB_Video_Dataset/YCB_Video_Dataset/models/002_master_chef_can/textured.obj", 
    "rot_mat": [
      [
        0.9721650218326965, 
        0.22839640751285936, 
        -0.052249999274289034
      ], 
      [
        0.04264860137044988, 
        -0.39178778822538296, 
        -0.91906618798634
      ], 
      [
        -0.23038233472585054, 
        0.891256092678546, 
        -0.39062320653963556
      ]
    ], 
    "trans_mat": [
      0.15436181211712408, 
      -0.01868267440910864, 
      0.88539364403574
    ]
  }, 
  {
    "img": "/media/hdd/YCBvideo/YCB_Video_Dataset/YCB_Video_Dataset/data/0006/000003-label.png", 
    "mask": "/media/hdd/YCBvideo/YCB_Video_Dataset/Generated_YCB_Video_Dataset/mask/0006/000003-mask-02.png", 
    "depth_minmax": [
      0.766, 
      0.872
    ], 
    "model": "/media/hdd/YCBvideo/YCB_Video_Dataset/YCB_Video_Dataset/models/021_bleach_cleanser/textured.obj", 
    "rot_mat": [
      [
        0.8886233062018455, 
        0.45408237488077097, 
        -0.06447245827941478
      ], 
      [
        0.1327128275431334, 
        -0.3891423406627836, 
        -0.9115678517658534
      ], 
      [
        -0.43901632155646714, 
        0.8014845190453562, 
        -0.40606388674881644
      ]
    ], 
    "trans_mat": [
      -0.07539496038927257, 
      -0.02267796498803384, 
      0.8353249531711031
    ]
  }, 
  {
    "img": "/media/hdd/YCBvideo/YCB_Video_Dataset/YCB_Video_Dataset/data/0006/000004-label.png", 
    "mask": "/media/hdd/YCBvideo/YCB_Video_Dataset/Generated_YCB_Video_Dataset/mask/0006/000004-mask-01.png", 
    "depth_minmax": [
      0.706, 
      0.798
    ], 
    "model": "/media/hdd/YCBvideo/YCB_Video_Dataset/YCB_Video_Dataset/models/009_gelatin_box/textured.obj", 
    "rot_mat": [
      [
        -0.8915675312415468, 
        0.45279256504437904, 
        -0.009286758225523497
      ], 
      [
        0.20403790900847826, 
        0.3832840502010183, 
        -0.9008121427500908
      ], 
      [
        -0.40432114192211205, 
        -0.8050292386210872, 
        -0.4341109975916128
      ]
    ], 
    "trans_mat": [
      0.06261138234171784, 
      0.06846554477203105, 
      0.7568029008208891
    ]
  }, 
  {
    "img": "/media/hdd/YCBvideo/YCB_Video_Dataset/YCB_Video_Dataset/data/0006/000004-label.png", 
    "mask": "/media/hdd/YCBvideo/YCB_Video_Dataset/Generated_YCB_Video_Dataset/mask/0006/000004-mask-00.png", 
    "depth_minmax": [
      0.814, 
      0.906
    ], 
    "model": "/media/hdd/YCBvideo/YCB_Video_Dataset/YCB_Video_Dataset/models/002_master_chef_can/textured.obj", 
    "rot_mat": [
      [
        0.971690811491764, 
        0.22999738377504422, 
        -0.05403045036206528
      ], 
      [
        0.04171469019404751, 
        -0.39211726119037366, 
        -0.9189686517174904
      ], 
      [
        -0.2325467389664125, 
        0.8906982638135155, 
        -0.3906113662213217
      ]
    ], 
    "trans_mat": [
      0.1558708172645556, 
      -0.018267210989061578, 
      0.8850381225185134
    ]
  }, 
  {
    "img": "/media/hdd/YCBvideo/YCB_Video_Dataset/YCB_Video_Dataset/data/0006/000004-label.png", 
    "mask": "/media/hdd/YCBvideo/YCB_Video_Dataset/Generated_YCB_Video_Dataset/mask/0006/000004-mask-02.png", 
    "depth_minmax": [
      0.766, 
      0.9
    ], 
    "model": "/media/hdd/YCBvideo/YCB_Video_Dataset/YCB_Video_Dataset/models/021_bleach_cleanser/textured.obj", 
    "rot_mat": [
      [
        0.887772762545403, 
        0.4554851068677649, 
        -0.06627992360926603
      ], 
      [
        0.13188576670092175, 
        -0.3896843853857912, 
        -0.9114564392166089
      ], 
      [
        -0.4409831978716116, 
        0.8004235059448893, 
        -0.4060238499795525
      ]
    ], 
    "trans_mat": [
      -0.07400110602454132, 
      -0.022029602565415436, 
      0.835481987833314
    ]
  }, 
  {
    "img": "/media/hdd/YCBvideo/YCB_Video_Dataset/YCB_Video_Dataset/data/0006/000005-label.png", 
    "mask": "/media/hdd/YCBvideo/YCB_Video_Dataset/Generated_YCB_Video_Dataset/mask/0006/000005-mask-01.png", 
    "depth_minmax": [
      0.707, 
      0.798
    ], 
    "model": "/media/hdd/YCBvideo/YCB_Video_Dataset/YCB_Video_Dataset/models/009_gelatin_box/textured.obj", 
    "rot_mat": [
      [
        -0.8916177273635602, 
        0.4527087922706817, 
        -0.00853445502761424
      ], 
      [
        0.20356716429112362, 
        0.38395026681342237, 
        -0.9006347295946373
      ], 
      [
        -0.40444862107812, 
        -0.8047590679964838, 
        -0.4344936255206369
      ]
    ], 
    "trans_mat": [
      0.06308537086861962, 
      0.06845997148614828, 
      0.75692823227087
    ]
  }, 
  {
    "img": "/media/hdd/YCBvideo/YCB_Video_Dataset/YCB_Video_Dataset/data/0006/000005-label.png", 
    "mask": "/media/hdd/YCBvideo/YCB_Video_Dataset/Generated_YCB_Video_Dataset/mask/0006/000005-mask-00.png", 
    "depth_minmax": [
      0.816, 
      0.901
    ], 
    "model": "/media/hdd/YCBvideo/YCB_Video_Dataset/YCB_Video_Dataset/models/002_master_chef_can/textured.obj", 
    "rot_mat": [
      [
        0.9717161586136476, 
        0.2300669423916232, 
        -0.053275456273951693
      ], 
      [
        0.042512374514432884, 
        -0.39232830058234436, 
        -0.9188418324528815
      ], 
      [
        -0.23229640159122358, 
        0.8905879325586967, 
        -0.39101237155423935
      ]
    ], 
    "trans_mat": [
      0.15637661226323227, 
      -0.01825986435373542, 
      0.8851491925914229
    ]
  }, 
  {
    "img": "/media/hdd/YCBvideo/YCB_Video_Dataset/YCB_Video_Dataset/data/0006/000005-label.png", 
    "mask": "/media/hdd/YCBvideo/YCB_Video_Dataset/Generated_YCB_Video_Dataset/mask/0006/000005-mask-02.png", 
    "depth_minmax": [
      0.764, 
      0.877
    ], 
    "model": "/media/hdd/YCBvideo/YCB_Video_Dataset/YCB_Video_Dataset/models/021_bleach_cleanser/textured.obj", 
    "rot_mat": [
      [
        0.8877829818265512, 
        0.45557443848628987, 
        -0.06552665531435689
      ], 
      [
        0.13271117824585518, 
        -0.38969495303923857, 
        -0.9113319202889658
      ], 
      [
        -0.4407149217871925, 
        0.8003682018628185, 
        -0.406424620088376
      ]
    ], 
    "trans_mat": [
      -0.07348072772723527, 
      -0.022166732658660086, 
      0.8355363982224058
    ]
  }, 
  {
    "img": "/media/hdd/YCBvideo/YCB_Video_Dataset/YCB_Video_Dataset/data/0006/000006-label.png", 
    "mask": "/media/hdd/YCBvideo/YCB_Video_Dataset/Generated_YCB_Video_Dataset/mask/0006/000006-mask-01.png", 
    "depth_minmax": [
      0.708, 
      0.798
    ], 
    "model": "/media/hdd/YCBvideo/YCB_Video_Dataset/YCB_Video_Dataset/models/009_gelatin_box/textured.obj", 
    "rot_mat": [
      [
        -0.8917654442873871, 
        0.4524265035126951, 
        -0.008064480747871654
      ], 
      [
        0.2031455622716045, 
        0.38436235366865096, 
        -0.9005543402954723
      ], 
      [
        -0.4043347749736209, 
        -0.80472112005525, 
        -0.43466981087019296
      ]
    ], 
    "trans_mat": [
      0.0624482334887155, 
      0.06828598113621887, 
      0.7572207626412593
    ]
  }, 
  {
    "img": "/media/hdd/YCBvideo/YCB_Video_Dataset/YCB_Video_Dataset/data/0006/000006-label.png", 
    "mask": "/media/hdd/YCBvideo/YCB_Video_Dataset/Generated_YCB_Video_Dataset/mask/0006/000006-mask-00.png", 
    "depth_minmax": [
      0.816, 
      0.905
    ], 
    "model": "/media/hdd/YCBvideo/YCB_Video_Dataset/YCB_Video_Dataset/models/002_master_chef_can/textured.obj", 
    "rot_mat": [
      [
        0.9716729673616348, 
        0.2303609695955516, 
        -0.05279165344294688
      ], 
      [
        0.043103802160752776, 
        -0.39237364583821527, 
        -0.9187951017234237
      ], 
      [
        -0.2323685251864481, 
        0.8904917858519135, 
        -0.3911884289908711
      ]
    ], 
    "trans_mat": [
      0.15579878495700972, 
      -0.01840658222387291, 
      0.8854169581719802
    ]
  }, 
  {
    "img": "/media/hdd/YCBvideo/YCB_Video_Dataset/YCB_Video_Dataset/data/0006/000006-label.png", 
    "mask": "/media/hdd/YCBvideo/YCB_Video_Dataset/Generated_YCB_Video_Dataset/mask/0006/000006-mask-02.png", 
    "depth_minmax": [
      0.767, 
      0.893
    ], 
    "model": "/media/hdd/YCBvideo/YCB_Video_Dataset/YCB_Video_Dataset/models/021_bleach_cleanser/textured.obj", 
    "rot_mat": [
      [
        0.8876718915921644, 
        0.45585950147683063, 
        -0.06504834468318742
      ], 
      [
        0.13329631270571077, 
        -0.3895959264436726, 
        -0.911289050575237
      ], 
      [
        -0.4407623697115278, 
        0.8002538978648385, 
        -0.40659818720231167
      ]
    ], 
    "trans_mat": [
      -0.0740604416192005, 
      -0.022432852838190225, 
      0.8358224357532852
    ]
  }, 
  {
    "img": "/media/hdd/YCBvideo/YCB_Video_Dataset/YCB_Video_Dataset/data/0006/000007-label.png", 
    "mask": "/media/hdd/YCBvideo/YCB_Video_Dataset/Generated_YCB_Video_Dataset/mask/0006/000007-mask-01.png", 
    "depth_minmax": [
      0.708, 
      0.796
    ], 
    "model": "/media/hdd/YCBvideo/YCB_Video_Dataset/YCB_Video_Dataset/models/009_gelatin_box/textured.obj", 
    "rot_mat": [
      [
        -0.8915425045268267, 
        0.4528531118022055, 
        -0.00865604185981051
      ], 
      [
        0.20362342395080485, 
        0.3836610474771533, 
        -0.9007451649022536
      ], 
      [
        -0.4045847928925485, 
        -0.8048160945604496, 
        -0.4342619044251591
      ]
    ], 
    "trans_mat": [
      0.06224042720454497, 
      0.06830154001554785, 
      0.7574469643996286
    ]
  }, 
  {
    "img": "/media/hdd/YCBvideo/YCB_Video_Dataset/YCB_Video_Dataset/data/0006/000007-label.png", 
    "mask": "/media/hdd/YCBvideo/YCB_Video_Dataset/Generated_YCB_Video_Dataset/mask/0006/000007-mask-00.png", 
    "depth_minmax": [
      0.816, 
      0.894
    ], 
    "model": "/media/hdd/YCBvideo/YCB_Video_Dataset/YCB_Video_Dataset/models/002_master_chef_can/textured.obj", 
    "rot_mat": [
      [
        0.9717449176240971, 
        0.22991259120617102, 
        -0.05340436917947248
      ], 
      [
        0.04227738448562228, 
        -0.3921399411670037, 
        -0.9189329878579943
      ], 
      [
        -0.2322164781906927, 
        0.890711068672308, 
        -0.39078012354156383
      ]
    ], 
    "trans_mat": [
      0.1555039549182565, 
      -0.018402012430104617, 
      0.8856990959414087
    ]
  }, 
  {
    "img": "/media/hdd/YCBvideo/YCB_Video_Dataset/YCB_Video_Dataset/data/0006/000007-label.png", 
    "mask": "/media/hdd/YCBvideo/YCB_Video_Dataset/Generated_YCB_Video_Dataset/mask/0006/000007-mask-02.png", 
    "depth_minmax": [
      0.767, 
      0.872
    ], 
    "model": "/media/hdd/YCBvideo/YCB_Video_Dataset/YCB_Video_Dataset/models/021_bleach_cleanser/textured.obj", 
    "rot_mat": [
      [
        0.8878475925212499, 
        0.4554288615666971, 
        -0.0656527614587484
      ], 
      [
        0.13243752904125808, 
        -0.3895704945234176, 
        -0.9114248456742418
      ], 
      [
        -0.44066621509338155, 
        0.8005117437832951, 
        -0.4061954633239132
      ]
    ], 
    "trans_mat": [
      -0.07434927827968417, 
      -0.022280270181398984, 
      0.836065777534796
    ]
  }, 
  {
    "img": "/media/hdd/YCBvideo/YCB_Video_Dataset/YCB_Video_Dataset/data/0006/000008-label.png", 
    "mask": "/media/hdd/YCBvideo/YCB_Video_Dataset/Generated_YCB_Video_Dataset/mask/0006/000008-mask-01.png", 
    "depth_minmax": [
      0.708, 
      0.799
    ], 
    "model": "/media/hdd/YCBvideo/YCB_Video_Dataset/YCB_Video_Dataset/models/009_gelatin_box/textured.obj", 
    "rot_mat": [
      [
        -0.8913229464739861, 
        0.4532492556873723, 
        -0.010411349594424087
      ], 
      [
        0.20515380797419108, 
        0.38274790613335846, 
        -0.9007860711337932
      ], 
      [
        -0.4042953653312097, 
        -0.8050273056843033, 
        -0.434137922257677
      ]
    ], 
    "trans_mat": [
      0.06278936070215652, 
      0.06841178576080989, 
      0.7576597123543697
    ]
  }, 
  {
    "img": "/media/hdd/YCBvideo/YCB_Video_Dataset/YCB_Video_Dataset/data/0006/000008-label.png", 
    "mask": "/media/hdd/YCBvideo/YCB_Video_Dataset/Generated_YCB_Video_Dataset/mask/0006/000008-mask-00.png", 
    "depth_minmax": [
      0.816, 
      0.904
    ], 
    "model": "/media/hdd/YCBvideo/YCB_Video_Dataset/YCB_Video_Dataset/models/002_master_chef_can/textured.obj", 
    "rot_mat": [
      [
        0.9717366072382883, 
        0.2295310434160829, 
        -0.05517653996474892
      ], 
      [
        0.04051895968935189, 
        -0.3924289798620955, 
        -0.9188885118358128
      ], 
      [
        -0.2325666471003544, 
        0.89068111553242, 
        -0.39063787487514656
      ]
    ], 
    "trans_mat": [
      0.15594412053071688, 
      -0.018440264786244873, 
      0.8858902345384138
    ]
  }, 
  {
    "img": "/media/hdd/YCBvideo/YCB_Video_Dataset/YCB_Video_Dataset/data/0006/000008-label.png", 
    "mask": "/media/hdd/YCBvideo/YCB_Video_Dataset/Generated_YCB_Video_Dataset/mask/0006/000008-mask-02.png", 
    "depth_minmax": [
      0.767, 
      0.872
    ], 
    "model": "/media/hdd/YCBvideo/YCB_Video_Dataset/YCB_Video_Dataset/models/021_bleach_cleanser/textured.obj", 
    "rot_mat": [
      [
        0.8879257453327937, 
        0.45501963526416056, 
        -0.06741703671776633
      ], 
      [
        0.13080024005713775, 
        -0.39027245082353007, 
        -0.9113606693370401
      ], 
      [
        -0.4409984833919625, 
        0.8004015291017443, 
        -0.40604985916125746
      ]
    ], 
    "trans_mat": [
      -0.07393334202496062, 
      -0.021916561551113788, 
      0.8363390245404857
    ]
  }, 
  {
    "img": "/media/hdd/YCBvideo/YCB_Video_Dataset/YCB_Video_Dataset/data/0006/000009-label.png", 
    "mask": "/media/hdd/YCBvideo/YCB_Video_Dataset/Generated_YCB_Video_Dataset/mask/0006/000009-mask-01.png", 
    "depth_minmax": [
      0.708, 
      0.797
    ], 
    "model": "/media/hdd/YCBvideo/YCB_Video_Dataset/YCB_Video_Dataset/models/009_gelatin_box/textured.obj", 
    "rot_mat": [
      [
        -0.8918713987382456, 
        0.45219788200615973, 
        -0.009070839561255876
      ], 
      [
        0.20332094801432732, 
        0.38293477494921596, 
        -0.9011227296856008
      ], 
      [
        -0.40401187729624777, 
        -0.8055303601125513, 
        -0.43346988463728653
      ]
    ], 
    "trans_mat": [
      0.06242629872118904, 
      0.06882293067465314, 
      0.7578898903904661
    ]
  }, 
  {
    "img": "/media/hdd/YCBvideo/YCB_Video_Dataset/YCB_Video_Dataset/data/0006/000009-label.png", 
    "mask": "/media/hdd/YCBvideo/YCB_Video_Dataset/Generated_YCB_Video_Dataset/mask/0006/000009-mask-00.png", 
    "depth_minmax": [
      0.816, 
      0.905
    ], 
    "model": "/media/hdd/YCBvideo/YCB_Video_Dataset/YCB_Video_Dataset/models/002_master_chef_can/textured.obj", 
    "rot_mat": [
      [
        0.9715521564645827, 
        0.2306396120721634, 
        -0.0537836282372719
      ], 
      [
        0.04202077631213498, 
        -0.39137707063127963, 
        -0.9192701797848967
      ], 
      [
        -0.2330704147256712, 
        0.8908583723325671, 
        -0.3899346670565494
      ]
    ], 
    "trans_mat": [
      0.15579284314914546, 
      -0.01777413912883201, 
      0.8861389653277431
    ]
  }, 
  {
    "img": "/media/hdd/YCBvideo/YCB_Video_Dataset/YCB_Video_Dataset/data/0006/000009-label.png", 
    "mask": "/media/hdd/YCBvideo/YCB_Video_Dataset/Generated_YCB_Video_Dataset/mask/0006/000009-mask-02.png", 
    "depth_minmax": [
      0.767, 
      0.873
    ], 
    "model": "/media/hdd/YCBvideo/YCB_Video_Dataset/YCB_Video_Dataset/models/021_bleach_cleanser/textured.obj", 
    "rot_mat": [
      [
        0.8874845976571577, 
        0.4560802292355443, 
        -0.06604456378117797
      ], 
      [
        0.13200407322769894, 
        -0.38889879389910964, 
        -0.9117747778130502
      ], 
      [
        -0.44152791186530926, 
        0.8004672097369266, 
        -0.40534622914383794
      ]
    ], 
    "trans_mat": [
      -0.0741023438040187, 
      -0.021682757907724677, 
      0.8367023958159538
    ]
  }, 
  {
    "img": "/media/hdd/YCBvideo/YCB_Video_Dataset/YCB_Video_Dataset/data/0006/000010-label.png", 
    "mask": "/media/hdd/YCBvideo/YCB_Video_Dataset/Generated_YCB_Video_Dataset/mask/0006/000010-mask-01.png", 
    "depth_minmax": [
      0.708, 
      0.798
    ], 
    "model": "/media/hdd/YCBvideo/YCB_Video_Dataset/YCB_Video_Dataset/models/009_gelatin_box/textured.obj", 
    "rot_mat": [
      [
        -0.8914403891421071, 
        0.45300507194221024, 
        -0.010971788788775066
      ], 
      [
        0.20532330253259667, 
        0.3822210857290891, 
        -0.9009712665499832
      ], 
      [
        -0.403951595987299, 
        -0.8054147399523098, 
        -0.43374037925847836
      ]
    ], 
    "trans_mat": [
      0.06177798124845953, 
      0.06896598655104917, 
      0.7581238780510319
    ]
  }, 
  {
    "img": "/media/hdd/YCBvideo/YCB_Video_Dataset/YCB_Video_Dataset/data/0006/000010-label.png", 
    "mask": "/media/hdd/YCBvideo/YCB_Video_Dataset/Generated_YCB_Video_Dataset/mask/0006/000010-mask-00.png", 
    "depth_minmax": [
      0.816, 
      0.905
    ], 
    "model": "/media/hdd/YCBvideo/YCB_Video_Dataset/YCB_Video_Dataset/models/002_master_chef_can/textured.obj", 
    "rot_mat": [
      [
        0.9716387975945623, 
        0.2298131120020971, 
        -0.05572278228594043
      ], 
      [
        0.04004060059891907, 
        -0.3921296847112264, 
        -0.9190373756729644
      ], 
      [
        -0.23305679520558098, 
        0.8907408615699496, 
        -0.3902106649162222
      ]
    ], 
    "trans_mat": [
      0.15496158480266228, 
      -0.01786629143805546, 
      0.8863470099118729
    ]
  }, 
  {
    "img": "/media/hdd/YCBvideo/YCB_Video_Dataset/YCB_Video_Dataset/data/0006/000010-label.png", 
    "mask": "/media/hdd/YCBvideo/YCB_Video_Dataset/Generated_YCB_Video_Dataset/mask/0006/000010-mask-02.png", 
    "depth_minmax": [
      0.767, 
      0.872
    ], 
    "model": "/media/hdd/YCBvideo/YCB_Video_Dataset/YCB_Video_Dataset/models/021_bleach_cleanser/textured.obj", 
    "rot_mat": [
      [
        0.8877613312763039, 
        0.45525850351135827, 
        -0.06796787291604081
      ], 
      [
        0.1302635173795049, 
        -0.3900999889507921, 
        -0.9115115044036123
      ], 
      [
        -0.441487304260043, 
        0.80035068420903, 
        -0.4056199845433659
      ]
    ], 
    "trans_mat": [
      -0.07494133635432468, 
      -0.02127501565176188, 
      0.8369090546896144
    ]
  }, 
  {
    "img": "/media/hdd/YCBvideo/YCB_Video_Dataset/YCB_Video_Dataset/data/0006/000011-label.png", 
    "mask": "/media/hdd/YCBvideo/YCB_Video_Dataset/Generated_YCB_Video_Dataset/mask/0006/000011-mask-01.png", 
    "depth_minmax": [
      0.708, 
      0.798
    ], 
    "model": "/media/hdd/YCBvideo/YCB_Video_Dataset/YCB_Video_Dataset/models/009_gelatin_box/textured.obj", 
    "rot_mat": [
      [
        -0.8914870842505904, 
        0.4529567871098682, 
        -0.008941050130344528
      ], 
      [
        0.2035054551426665, 
        0.38274135012251537, 
        -0.9011626626399147
      ], 
      [
        -0.40476568891930204, 
        -0.8051947944897098, 
        -0.4333887965214126
      ]
    ], 
    "trans_mat": [
      0.06072578577751033, 
      0.06927093587926497, 
      0.7585479003630455
    ]
  }, 
  {
    "img": "/media/hdd/YCBvideo/YCB_Video_Dataset/YCB_Video_Dataset/data/0006/000011-label.png", 
    "mask": "/media/hdd/YCBvideo/YCB_Video_Dataset/Generated_YCB_Video_Dataset/mask/0006/000011-mask-00.png", 
    "depth_minmax": [
      0.816, 
      0.9
    ], 
    "model": "/media/hdd/YCBvideo/YCB_Video_Dataset/YCB_Video_Dataset/models/002_master_chef_can/textured.obj", 
    "rot_mat": [
      [
        0.9717537785809273, 
        0.2298078492408514, 
        -0.0536941970269911
      ], 
      [
        0.04175327569796465, 
        -0.3913470730557116, 
        -0.9192945584083806
      ], 
      [
        -0.23227442585121982, 
        0.8910857419252999, 
        -0.3898886554764398
      ]
    ], 
    "trans_mat": [
      0.15396492501986409, 
      -0.017336938937506808, 
      0.8868822007388363
    ]
  }, 
  {
    "img": "/media/hdd/YCBvideo/YCB_Video_Dataset/YCB_Video_Dataset/data/0006/000011-label.png", 
    "mask": "/media/hdd/YCBvideo/YCB_Video_Dataset/Generated_YCB_Video_Dataset/mask/0006/000011-mask-02.png", 
    "depth_minmax": [
      0.767, 
      0.873
    ], 
    "model": "/media/hdd/YCBvideo/YCB_Video_Dataset/YCB_Video_Dataset/models/021_bleach_cleanser/textured.obj", 
    "rot_mat": [
      [
        0.8878804698292696, 
        0.4553232968910186, 
        -0.06594055456716631
      ], 
      [
        0.1317371288802303, 
        -0.3889344426802267, 
        -0.9117975943265347
      ], 
      [
        -0.44080975092979113, 
        0.8008800264165779, 
        -0.40531103143599895
      ]
    ], 
    "trans_mat": [
      -0.07589039224213592, 
      -0.021192573162961185, 
      0.8372567835889874
    ]
  }, 
  {
    "img": "/media/hdd/YCBvideo/YCB_Video_Dataset/YCB_Video_Dataset/data/0006/000012-label.png", 
    "mask": "/media/hdd/YCBvideo/YCB_Video_Dataset/Generated_YCB_Video_Dataset/mask/0006/000012-mask-01.png", 
    "depth_minmax": [
      0.709, 
      0.801
    ], 
    "model": "/media/hdd/YCBvideo/YCB_Video_Dataset/YCB_Video_Dataset/models/009_gelatin_box/textured.obj", 
    "rot_mat": [
      [
        -0.890569039662391, 
        0.45476070985227857, 
        -0.008848844248859525
      ], 
      [
        0.20375755274697452, 
        0.38147943404924634, 
        -0.9016409447822145
      ], 
      [
        -0.40665571437650094, 
        -0.8047763367067996, 
        -0.4323956253199364
      ]
    ], 
    "trans_mat": [
      0.059973791503418826, 
      0.06973256046135422, 
      0.7588073758721202
    ]
  }, 
  {
    "img": "/media/hdd/YCBvideo/YCB_Video_Dataset/YCB_Video_Dataset/data/0006/000012-label.png", 
    "mask": "/media/hdd/YCBvideo/YCB_Video_Dataset/Generated_YCB_Video_Dataset/mask/0006/000012-mask-00.png", 
    "depth_minmax": [
      0.816, 
      0.907
    ], 
    "model": "/media/hdd/YCBvideo/YCB_Video_Dataset/YCB_Video_Dataset/models/002_master_chef_can/textured.obj", 
    "rot_mat": [
      [
        0.9722178223790334, 
        0.22783551751471995, 
        -0.05369738177955395
      ], 
      [
        0.04072310440059189, 
        -0.39052962930256657, 
        -0.919688603146363
      ], 
      [
        -0.23050771917726526, 
        0.8919504808664633, 
        -0.3889587796819106
      ]
    ], 
    "trans_mat": [
      0.15290472537519698, 
      -0.016805201766836007, 
      0.8874122770156938
    ]
  }, 
  {
    "img": "/media/hdd/YCBvideo/YCB_Video_Dataset/YCB_Video_Dataset/data/0006/000012-label.png", 
    "mask": "/media/hdd/YCBvideo/YCB_Video_Dataset/Generated_YCB_Video_Dataset/mask/0006/000012-mask-02.png", 
    "depth_minmax": [
      0.768, 
      0.875
    ], 
    "model": "/media/hdd/YCBvideo/YCB_Video_Dataset/YCB_Video_Dataset/models/021_bleach_cleanser/textured.obj", 
    "rot_mat": [
      [
        0.8888048797986784, 
        0.45352054543602094, 
        -0.06590901081245916
      ], 
      [
        0.13053949259984327, 
        -0.3883967725940459, 
        -0.912199237851948
      ], 
      [
        -0.4392997629156478, 
        0.802162997856373, 
        -0.4044123588621065
      ]
    ], 
    "trans_mat": [
      -0.0768606546475716, 
      -0.020534420772769423, 
      0.8373624750890126
    ]
  }, 
  {
    "img": "/media/hdd/YCBvideo/YCB_Video_Dataset/YCB_Video_Dataset/data/0006/000013-label.png", 
    "mask": "/media/hdd/YCBvideo/YCB_Video_Dataset/Generated_YCB_Video_Dataset/mask/0006/000013-mask-01.png", 
    "depth_minmax": [
      0.709, 
      0.801
    ], 
    "model": "/media/hdd/YCBvideo/YCB_Video_Dataset/YCB_Video_Dataset/models/009_gelatin_box/textured.obj", 
    "rot_mat": [
      [
        -0.890360296497422, 
        0.45517473261353464, 
        -0.008616836471627856
      ], 
      [
        0.20331441564086952, 
        0.3806227289347198, 
        -0.9021033294136286
      ], 
      [
        -0.4073345742448864, 
        -0.8049487080804897, 
        -0.43143502232657555
      ]
    ], 
    "trans_mat": [
      0.059157847303841986, 
      0.07077118374459622, 
      0.7589855260146509
    ]
  }, 
  {
    "img": "/media/hdd/YCBvideo/YCB_Video_Dataset/YCB_Video_Dataset/data/0006/000013-label.png", 
    "mask": "/media/hdd/YCBvideo/YCB_Video_Dataset/Generated_YCB_Video_Dataset/mask/0006/000013-mask-00.png", 
    "depth_minmax": [
      0.817, 
      0.907
    ], 
    "model": "/media/hdd/YCBvideo/YCB_Video_Dataset/YCB_Video_Dataset/models/002_master_chef_can/textured.obj", 
    "rot_mat": [
      [
        0.9723372823557236, 
        0.22737660653470035, 
        -0.05348774920617756
      ], 
      [
        0.04048543199111495, 
        -0.38957344294058854, 
        -0.9201049342164234
      ], 
      [
        -0.23004786586820578, 
        0.8924858568472193, 
        -0.38800210458693074
      ]
    ], 
    "trans_mat": [
      0.1520228967229007, 
      -0.015628156539714933, 
      0.8877310743462529
    ]
  }, 
  {
    "img": "/media/hdd/YCBvideo/YCB_Video_Dataset/YCB_Video_Dataset/data/0006/000013-label.png", 
    "mask": "/media/hdd/YCBvideo/YCB_Video_Dataset/Generated_YCB_Video_Dataset/mask/0006/000013-mask-02.png", 
    "depth_minmax": [
      0.767, 
      0.906
    ], 
    "model": "/media/hdd/YCBvideo/YCB_Video_Dataset/YCB_Video_Dataset/models/021_bleach_cleanser/textured.obj", 
    "rot_mat": [
      [
        0.8890317679267441, 
        0.4531082359504572, 
        -0.06569143634504976
      ], 
      [
        0.13007771691666628, 
        -0.3875345601594722, 
        -0.9126322111039198
      ], 
      [
        -0.43897909196567053, 
        0.8028129767152774, 
        -0.40347001171920155
      ]
    ], 
    "trans_mat": [
      -0.0777165803571716, 
      -0.01941300764160796, 
      0.8375663463581765
    ]
  }, 
  {
    "img": "/media/hdd/YCBvideo/YCB_Video_Dataset/YCB_Video_Dataset/data/0006/000014-label.png", 
    "mask": "/media/hdd/YCBvideo/YCB_Video_Dataset/Generated_YCB_Video_Dataset/mask/0006/000014-mask-01.png", 
    "depth_minmax": [
      0.709, 
      0.801
    ], 
    "model": "/media/hdd/YCBvideo/YCB_Video_Dataset/YCB_Video_Dataset/models/009_gelatin_box/textured.obj", 
    "rot_mat": [
      [
        -0.8900511386208305, 
        0.4557466288040269, 
        -0.01023071592193851
      ], 
      [
        0.20464630718138477, 
        0.37940904937833286, 
        -0.902313116544072
      ], 
      [
        -0.40734506281991617, 
        -0.8051978197391944, 
        -0.43096078651065167
      ]
    ], 
    "trans_mat": [
      0.058965144624155204, 
      0.07114472414558291, 
      0.7590263773653595
    ]
  }, 
  {
    "img": "/media/hdd/YCBvideo/YCB_Video_Dataset/YCB_Video_Dataset/data/0006/000014-label.png", 
    "mask": "/media/hdd/YCBvideo/YCB_Video_Dataset/Generated_YCB_Video_Dataset/mask/0006/000014-mask-00.png", 
    "depth_minmax": [
      0.817, 
      0.906
    ], 
    "model": "/media/hdd/YCBvideo/YCB_Video_Dataset/YCB_Video_Dataset/models/002_master_chef_can/textured.obj", 
    "rot_mat": [
      [
        0.9723812614538848, 
        0.22679808606455978, 
        -0.05512806229033922
      ], 
      [
        0.03867613859758561, 
        -0.3894990402122794, 
        -0.9202139695480042
      ], 
      [
        -0.23017430105882528, 
        0.8926658731879314, 
        -0.38751356168333156
      ]
    ], 
    "trans_mat": [
      0.15169423466198767, 
      -0.015348127563282086, 
      0.8878072471924355
    ]
  }, 
  {
    "img": "/media/hdd/YCBvideo/YCB_Video_Dataset/YCB_Video_Dataset/data/0006/000014-label.png", 
    "mask": "/media/hdd/YCBvideo/YCB_Video_Dataset/Generated_YCB_Video_Dataset/mask/0006/000014-mask-02.png", 
    "depth_minmax": [
      0.769, 
      0.901
    ], 
    "model": "/media/hdd/YCBvideo/YCB_Video_Dataset/YCB_Video_Dataset/models/021_bleach_cleanser/textured.obj", 
    "rot_mat": [
      [
        0.8892084198205136, 
        0.4525231559052086, 
        -0.06732046249895693
      ], 
      [
        0.12830323663702548, 
        -0.38789921485571255, 
        -0.9127281887349368
      ], 
      [
        -0.43914357336498844, 
        0.8029674958881056, 
        -0.4029840735041417
      ]
    ], 
    "trans_mat": [
      -0.0780570933644914, 
      -0.018760363751337605, 
      0.837669339047598
    ]
  }, 
  {
    "img": "/media/hdd/YCBvideo/YCB_Video_Dataset/YCB_Video_Dataset/data/0006/000015-label.png", 
    "mask": "/media/hdd/YCBvideo/YCB_Video_Dataset/Generated_YCB_Video_Dataset/mask/0006/000015-mask-01.png", 
    "depth_minmax": [
      0.709, 
      0.793
    ], 
    "model": "/media/hdd/YCBvideo/YCB_Video_Dataset/YCB_Video_Dataset/models/009_gelatin_box/textured.obj", 
    "rot_mat": [
      [
        -0.8903508758185461, 
        0.45515609917363714, 
        -0.010412521175952809
      ], 
      [
        0.20409863180909632, 
        0.37859427072197094, 
        -0.9027791832986197
      ], 
      [
        -0.40696296235869256, 
        -0.8059159235558122, 
        -0.4299784496029989
      ]
    ], 
    "trans_mat": [
      0.05955272270895571, 
      0.07204209965537227, 
      0.7587858684825053
    ]
  }, 
  {
    "img": "/media/hdd/YCBvideo/YCB_Video_Dataset/YCB_Video_Dataset/data/0006/000015-label.png", 
    "mask": "/media/hdd/YCBvideo/YCB_Video_Dataset/Generated_YCB_Video_Dataset/mask/0006/000015-mask-00.png", 
    "depth_minmax": [
      0.819, 
      0.906
    ], 
    "model": "/media/hdd/YCBvideo/YCB_Video_Dataset/YCB_Video_Dataset/models/002_master_chef_can/textured.obj", 
    "rot_mat": [
      [
        0.9722205067288424, 
        0.22744862814215186, 
        -0.05527830555350361
      ], 
      [
        0.03854507749344473, 
        -0.38850727328786894, 
        -0.9206385287144673
      ], 
      [
        -0.23087461921329128, 
        0.8929324486072493, 
        -0.38648150032669465
      ]
    ], 
    "trans_mat": [
      0.15237931106854027, 
      -0.014300398993283229, 
      0.8875972894321936
    ]
  }, 
  {
    "img": "/media/hdd/YCBvideo/YCB_Video_Dataset/YCB_Video_Dataset/data/0006/000015-label.png", 
    "mask": "/media/hdd/YCBvideo/YCB_Video_Dataset/Generated_YCB_Video_Dataset/mask/0006/000015-mask-02.png", 
    "depth_minmax": [
      0.769, 
      0.874
    ], 
    "model": "/media/hdd/YCBvideo/YCB_Video_Dataset/YCB_Video_Dataset/models/021_bleach_cleanser/textured.obj", 
    "rot_mat": [
      [
        0.8888955791880375, 
        0.45311276228648667, 
        -0.06748206529659476
      ], 
      [
        0.12793637164900157, 
        -0.38697703509569376, 
        -0.9131709352039684
      ], 
      [
        -0.4398842406949081, 
        0.8030795034846678, 
        -0.40195183021993425
      ]
    ], 
    "trans_mat": [
      -0.07740538031316346, 
      -0.0177945576331309, 
      0.8376187439829393
    ]
  }, 
  {
    "img": "/media/hdd/YCBvideo/YCB_Video_Dataset/YCB_Video_Dataset/data/0006/000016-label.png", 
    "mask": "/media/hdd/YCBvideo/YCB_Video_Dataset/Generated_YCB_Video_Dataset/mask/0006/000016-mask-01.png", 
    "depth_minmax": [
      0.708, 
      0.793
    ], 
    "model": "/media/hdd/YCBvideo/YCB_Video_Dataset/YCB_Video_Dataset/models/009_gelatin_box/textured.obj", 
    "rot_mat": [
      [
        -0.8902687071934288, 
        0.4552994409535192, 
        -0.011166165094584332
      ], 
      [
        0.20461460691248837, 
        0.3779478516060471, 
        -0.9029330863653231
      ], 
      [
        -0.40688562511242615, 
        -0.8061378535990166, 
        -0.4296356278079669
      ]
    ], 
    "trans_mat": [
      0.05972710369911758, 
      0.07295194963692277, 
      0.7586730006732234
    ]
  }, 
  {
    "img": "/media/hdd/YCBvideo/YCB_Video_Dataset/YCB_Video_Dataset/data/0006/000016-label.png", 
    "mask": "/media/hdd/YCBvideo/YCB_Video_Dataset/Generated_YCB_Video_Dataset/mask/0006/000016-mask-00.png", 
    "depth_minmax": [
      0.816, 
      0.901
    ], 
    "model": "/media/hdd/YCBvideo/YCB_Video_Dataset/YCB_Video_Dataset/models/002_master_chef_can/textured.obj", 
    "rot_mat": [
      [
        0.9722089793435222, 
        0.2273130263173645, 
        -0.05603775026270658
      ], 
      [
        0.03772685744526432, 
        -0.3883413618318492, 
        -0.9207422784309177
      ], 
      [
        -0.23105779513434344, 
        0.8930397304325302, 
        -0.38612415201223754
      ]
    ], 
    "trans_mat": [
      0.15251136034766105, 
      -0.01341173344415541, 
      0.8875009330008811
    ]
  }, 
  {
    "img": "/media/hdd/YCBvideo/YCB_Video_Dataset/YCB_Video_Dataset/data/0006/000016-label.png", 
    "mask": "/media/hdd/YCBvideo/YCB_Video_Dataset/Generated_YCB_Video_Dataset/mask/0006/000016-mask-02.png", 
    "depth_minmax": [
      0.769, 
      0.879
    ], 
    "model": "/media/hdd/YCBvideo/YCB_Video_Dataset/YCB_Video_Dataset/models/021_bleach_cleanser/textured.obj", 
    "rot_mat": [
      [
        0.8889146318930817, 
        0.45296256245613264, 
        -0.06823860661410251
      ], 
      [
        0.1271019423231705, 
        -0.387014715907174, 
        -0.9132713457125462
      ], 
      [
        -0.4400867257671426, 
        0.8031470702271608, 
        -0.40159518566999536
      ]
    ], 
    "trans_mat": [
      -0.07728469149981873, 
